##############
# A0101 PWM for 12-mers
#
# Copyright (2018) David Gfeller
##############
1.00000	512	1
A	1.2256060	0.6297667	0.7908203	0.9996193	1.1657926	0.7311972	0.8847252	0.9425513	1.0771214	1.1283974	0.9286369	0.2107174
C	1.6977878	0.8823195	0.5225261	0.9605944	0.9823293	0.9644710	0.9667243	0.9680792	0.9809538	0.9819842	0.9156050	0.2208326
D	0.8371207	0.2854949	6.8155077	1.4300485	0.9878949	1.7378067	1.2370095	1.2773924	0.6746237	1.4223460	0.5043167	0.1720812
E	0.8390379	0.3776093	4.5585085	1.4743257	0.9352184	1.1113349	0.9721065	1.6401196	0.5360518	0.8176519	0.7059232	0.1852866
F	1.7964884	0.2595709	0.2374289	0.9003560	0.6545145	0.7204827	0.5348286	0.4005529	1.1803244	0.5813269	1.1126771	0.9350865
G	0.5677496	0.4728993	0.3325771	1.0104088	1.3311973	1.3603650	1.9370967	1.5103036	1.7262743	1.4736502	0.3823878	0.2272373
H	0.9272866	0.3018181	0.4146797	0.7653533	0.6963961	0.9275773	0.9693661	0.9189128	0.7033925	0.7538741	0.6538880	0.4747702
I	0.6902252	0.7838767	0.2569875	0.5755991	0.8093592	0.6012528	0.5815059	0.7898505	1.0470916	0.4076712	0.4102267	0.1855482
K	0.5570629	0.2066746	0.2885087	1.2880984	0.4230096	1.1600173	1.1521213	1.0545928	1.1128051	0.4465376	1.2038985	0.3889454
L	1.0032916	1.3609491	0.2070398	0.8775699	1.0275130	0.7132856	0.9086985	1.1466516	0.8439270	1.0975943	2.2104458	0.3700683
M	0.5925687	0.4901829	0.4916145	0.6881318	0.5158233	0.4268191	0.6248635	0.4474445	0.7135320	1.0901487	1.3545151	0.3045322
N	1.2231687	0.2882916	0.5861373	1.0956925	1.0114696	1.4379045	0.9923352	0.8085385	1.0840725	1.6754576	0.5248132	0.2962073
P	0.3040735	0.1670944	0.1643013	1.3932270	1.4749025	0.4786139	1.0696756	0.7473560	0.3676693	0.2623317	0.1205535	0.0743089
Q	1.2710720	0.3439410	0.5973452	1.0626448	1.1844145	1.2114183	1.0872907	0.9854152	1.1475466	0.8842220	1.1192163	0.2016151
R	0.6125582	0.2168550	0.2102440	1.0188504	0.6494288	0.9885503	0.9800753	0.9807152	0.8211317	0.5005745	1.7152568	0.1962942
S	0.9076350	4.2227972	0.9817965	1.3515594	1.7019616	1.6103542	1.5037091	1.3276761	1.4814825	2.3993941	1.4283276	0.2548410
T	1.0937853	5.0507827	0.4928780	0.6679088	1.0448338	1.2648144	1.0063493	0.9204789	1.4602087	1.2504459	1.0587863	0.1544187
V	1.0959609	0.9744581	0.3151197	0.4834252	0.9664736	0.6818386	0.6239119	0.6190533	0.7975738	0.8307798	0.7032411	0.2177217
W	0.8884721	0.1613047	0.1419891	0.3370870	0.6538939	1.3076521	0.3306128	0.8183455	0.8418112	2.1026300	1.3441954	0.7178160
Y	3.5506295	0.2340657	0.5193546	1.0381254	0.8236083	0.9879655	0.8683766	0.9230512	1.3201201	0.6181658	1.8034518	25.0275538
