##############
# A0204 PWM for 12-mers
#
# Copyright (2018) David Gfeller
##############
1.00000	21	2
A	0.9520923	0.6235989	0.7426211	0.6616188	1.1039371	0.9231709	0.8481256	1.1951873	1.3869563	1.0403131	1.1440851	0.9696705
C	0.9489459	0.8509178	0.9869266	0.9647845	1.1708789	0.9974913	1.1874419	1.1457199	1.2157458	1.1943606	0.9285709	0.9526924
D	0.5369794	0.2923010	0.3456603	5.2980503	0.8700594	2.4797647	1.3599344	1.4571447	0.6211360	0.5088763	0.7074854	0.3288805
E	0.5750726	0.3126081	0.3341730	1.5033718	0.7174736	2.2929894	0.8949034	1.3203629	0.8653547	0.5400439	1.4298941	0.3754120
F	0.8752707	1.0528748	2.8513511	0.3305517	1.4620563	0.3961179	0.5605212	0.9492351	1.0079715	1.6327040	1.4548255	0.8452008
G	1.3431872	0.3319075	0.4090220	1.0535083	0.9105749	1.4401047	0.9653444	2.1781959	0.6385028	0.5205639	1.3877434	0.3980165
H	0.6391939	0.3071785	0.4516535	0.5695460	0.4012998	0.6580512	1.1090544	0.4995751	0.4984257	1.1192554	0.6419605	0.3096869
I	0.9484304	1.8924833	1.4707251	0.3335093	1.3665251	0.3493980	1.0635179	0.9192110	1.1658911	1.5681560	0.5048750	1.9336758
K	1.4746713	0.4036655	0.4039305	0.7258683	0.5447049	0.8684679	1.1714380	0.8863108	1.3828192	0.8209107	1.4027328	0.6786336
L	1.1760181	3.8249070	2.6661983	0.3215473	1.1146388	0.3742731	0.9039605	0.7932903	1.0683463	1.7901320	0.7136271	2.1892587
M	0.9098654	1.8157130	1.4242737	0.4346063	0.8985446	0.5304319	1.3028499	0.7614634	0.9257359	1.6405835	0.7371867	1.8714151
N	1.0310088	0.3364624	0.7406949	1.5274601	0.5237922	1.6791325	0.7986614	1.1180237	1.0295317	1.2730578	0.7505098	0.3722262
P	0.3007379	0.2250606	0.2093606	1.5408825	2.6928522	0.7428683	0.3287285	0.3184548	0.7381480	0.2681971	0.3325870	0.2516022
Q	0.6905695	0.3828923	0.3776518	0.7243567	0.4855693	1.4934578	0.7021565	0.6749748	0.9807959	1.1462686	1.4441675	0.4407536
R	1.7663783	0.4298668	0.4286750	0.5743274	0.4566103	0.7219966	1.0360761	0.6059528	0.7644149	0.6255305	1.8303753	0.4899932
S	1.0533845	0.4347093	0.4570427	1.0137048	0.6709263	1.0534503	1.3458891	0.9797895	1.1972167	0.6289056	1.0162359	0.5145148
T	0.7040515	0.8624478	0.5589878	0.9022252	0.8915860	0.9226302	1.5137407	0.9416061	1.2598292	0.6672101	1.1544063	0.7402905
V	1.0176021	1.5601651	0.9982711	0.3597924	1.1745013	0.4104789	1.3824964	1.1433443	1.1457150	1.3011610	0.5478813	2.9050208
W	0.7830274	0.6018177	5.7821175	0.3568510	0.5201942	2.8928159	0.4986362	0.5197796	0.5318023	0.6313007	0.6879199	0.5394439
Y	2.3115704	0.6709435	1.7626676	0.3939496	0.7191193	0.5442272	0.6045398	0.6013731	0.6652842	0.8693970	1.3237673	0.6453440
