##############
# A0207 PWM for 12-mers
#
# Copyright (2018) David Gfeller
##############
1.00000	38	2
A	1.5376362	0.5706412	0.5464910	0.7941719	1.1882810	0.9327264	0.8856320	1.3922955	1.3360949	1.0714955	1.0179837	0.7342400
C	1.0134962	0.8020428	0.7830026	0.9720351	1.1627634	1.1268540	1.1071791	1.1415833	1.1558825	1.1121247	0.9525885	0.8211971
D	0.3919706	0.2595395	4.9048910	3.0081210	1.2260049	1.2753561	1.7351869	1.3097891	0.5858606	1.0916160	0.5665290	0.3241361
E	0.4523512	0.2851487	0.8379106	3.2618061	0.8252786	1.1637365	0.9474462	1.3427759	0.9919839	1.1458575	0.8746209	0.4965464
F	2.3288696	0.9898428	0.4207614	0.3391275	0.8584586	1.0311867	0.4462847	0.4849790	1.0575646	0.5287594	0.8331154	1.9825142
G	0.5179341	0.2994296	0.5302369	1.0200560	1.0057800	0.9789466	2.1760293	2.1976363	1.4881136	1.0204769	2.6344551	0.3499832
H	0.5766857	0.2890191	0.4501259	0.9727662	0.4533837	0.5603349	0.8506629	0.4709009	1.2377423	1.3111373	1.3149717	0.7518610
I	1.4194907	1.9248667	0.5581245	0.3277069	1.0697758	1.0633128	0.7674786	0.8202970	0.9275258	0.8748665	0.6654325	1.5807006
K	0.8333774	0.3702542	0.5994819	1.1185424	0.5863789	0.6190397	0.8116347	0.7842692	1.0609602	1.1562764	0.7434807	0.5618754
L	1.2348891	4.0856621	0.8233074	0.4444085	1.2860424	1.3747021	0.8324935	0.7353110	1.0561583	0.7782473	0.6686544	2.8156350
M	0.9535818	2.3150401	0.5617328	0.4888159	1.1464726	0.8746604	0.9848467	0.6668832	1.1072440	0.7433213	1.2956863	1.6961207
N	0.4709227	0.2914789	0.8766516	0.8810280	1.0595857	1.0908067	0.7648616	0.6728712	1.0689115	1.1582663	0.6967174	0.3570076
P	0.2667602	0.2018432	2.8906142	1.2735598	1.6977836	0.7475167	1.2433344	1.2507039	0.9997867	0.7718323	0.5258817	0.2167141
Q	0.6879483	0.3576077	0.5383357	0.9386780	0.5354010	0.7940776	1.0105326	0.8218725	0.8115120	1.6850745	1.2425856	0.4114910
R	0.7421710	0.3978911	0.6769040	0.7004976	0.7016635	0.7418635	0.7862951	0.5525650	0.6227747	0.7132787	1.4363584	0.4468775
S	0.8846419	0.3683579	0.6291459	1.0023787	0.9410593	1.1372596	1.2374610	1.0119165	0.8511266	0.8714080	1.1113748	0.4354358
T	0.7921700	0.5717526	0.5521529	0.6096377	0.9659281	0.6554226	1.1310065	0.9634819	0.9530040	1.1238309	1.1092435	0.5893642
V	1.1758684	1.5942537	0.4321230	0.3683262	0.9297983	0.9072921	0.6709481	0.9169005	0.9838997	1.0371933	0.7611208	1.9477158
W	0.9288068	0.5653436	3.2292474	0.3975510	0.4994955	0.6642242	0.4299008	0.4703381	0.5054546	1.9369341	0.5946398	0.6705647
Y	3.3438426	0.6292286	0.4638211	0.4541254	0.9008825	1.9972938	0.4813847	0.8143159	0.6592329	0.9564324	1.3148452	1.2003194
