##############
# A0201 PWM for 12-mers
#
# Copyright (2021) David Gfeller
##############
1.00000	236
A	1.7173096	0.4810884	0.8958190	0.4888249	0.8135040	0.8149668	0.9114914	1.0380470	1.1372191	0.9690301	1.0423851	1.4331740
C	0.7813293	0.4338118	0.7546296	0.8959028	0.9358497	0.9268672	0.9305295	0.9480835	0.9556920	0.9690876	0.7245846	0.5338329
D	0.2833363	0.1516682	0.5911134	4.7439344	1.6859690	2.1055886	1.4005970	0.9645994	0.8144997	0.4890607	0.5559810	0.2284171
E	0.3569775	0.2165155	0.3154478	2.4086314	1.3059351	1.8037340	1.4109242	1.3131761	0.6787992	0.6342131	1.3130544	0.1917524
F	1.7553800	0.6233649	2.4619247	0.2202282	0.7287926	0.4507299	0.5445303	0.5632222	0.4359495	1.1107634	1.0385291	0.6807165
G	0.9587184	0.1563733	0.4810864	1.2106918	1.0826638	1.7077639	1.2460883	1.7994505	1.2991175	0.7747398	0.9899931	0.4277334
H	0.9706584	0.1866689	0.5000342	0.5435043	0.7169871	0.7529284	0.6359807	1.0766142	0.8377072	1.0557868	0.7596841	0.3013276
I	0.8470627	1.7240482	1.6120324	0.4420379	1.3129467	0.6121482	0.5782007	0.9977944	1.2940680	1.6483053	0.4897523	1.3986730
K	1.9057668	0.2111848	0.2881996	0.6500395	0.5179308	0.9973300	1.3447663	0.8977856	1.1458099	0.6660209	1.1017991	0.3574336
L	0.6260597	5.5909494	2.5712371	0.6306171	1.2519157	0.5204076	0.6014464	0.6879645	0.9516055	1.1765341	0.9385663	3.4994430
M	0.3933449	2.5865489	2.3233776	0.4014799	0.8528456	0.6428342	0.5583464	0.6910178	0.9401717	0.7984528	0.7244299	1.0259307
N	0.7383717	0.1733609	0.2472040	0.9522530	0.5461459	1.0808510	1.1635453	1.3583140	1.3300944	0.8894440	0.7038359	0.2653427
P	0.3205545	0.1360365	0.2108946	0.9973173	1.6404469	1.0606748	1.4756943	0.7473270	1.0470642	0.3568353	0.3231923	0.2176628
Q	0.5520699	0.4149930	0.6479933	0.9488301	1.5318773	1.1976105	0.8488460	1.1046048	1.1439568	1.1068358	0.9894721	0.2202877
R	1.2332569	0.2111659	0.2292762	0.4638992	0.5409354	0.4851503	0.9041367	0.7314740	0.7348857	0.6422280	1.2220892	0.2153116
S	1.6571209	0.2879292	0.9105564	1.0190774	0.7331882	1.2765935	1.0615503	1.3389369	1.4444730	0.9283407	1.4858249	0.2733381
T	0.8949261	0.4730884	0.4812907	0.8017657	0.7957488	1.2765404	1.3191246	0.7813540	0.8385042	1.0701396	2.0607723	0.7111030
V	1.1438613	1.4127480	0.6996924	0.3907564	1.0109111	0.5938449	1.0443498	1.0473563	1.0090285	1.8357835	0.9734290	3.2583436
W	0.2844233	0.2552156	4.5139804	0.4369530	0.7269457	0.1998360	0.2116426	0.2175140	0.4682847	2.3369418	0.5187433	0.5022280
Y	1.6332114	0.3456604	2.1471859	0.2391161	0.5021176	0.3676482	0.6643757	0.5876252	0.4869507	1.5355185	1.2102449	0.5327855
