##############
# A0203 PWM for 12-mers
#
# Copyright (2018) David Gfeller
##############
1.00000	26	2
A	1.6319906	0.5803098	1.4282443	1.1005891	0.9151680	1.0345630	0.9546042	0.9732124	1.0983694	1.5060032	0.9235467	1.4575687
C	0.9939462	0.8254771	0.9210778	1.0370565	1.1869183	1.0979948	1.1438641	1.1271392	1.1609202	1.2510028	0.9895383	0.9457677
D	0.5867039	0.2692681	0.3900822	2.6013825	0.5366393	1.3141305	1.1876862	0.7030472	0.5585486	0.6998989	0.7279792	0.3790955
E	0.5957032	0.3007888	0.4369469	1.5109643	0.8640223	1.2394467	0.7957485	1.0487152	0.7918860	0.8574941	1.6298467	0.3960073
F	1.0670379	1.0836331	4.2882035	0.3575680	1.0231527	0.9131081	0.5144662	0.4390225	0.9210455	0.4726986	0.7162049	0.7273694
G	1.3484125	0.3148233	0.8672978	2.8823965	1.7833029	1.2332976	1.8431200	1.8773167	1.2070837	1.0791968	1.1882349	0.4939699
H	2.1758181	0.3144045	0.6284614	0.4969147	1.4684140	1.0671500	0.9827211	0.5269868	0.9905512	0.5322068	0.6002261	0.3371930
I	0.6755962	1.6575931	0.8072351	0.3646293	1.6292023	0.7647788	0.8816101	0.8119247	1.0155182	0.7593162	0.7595063	1.7353022
K	1.0789509	0.3936032	0.7624147	0.6779869	0.7513488	0.7552698	0.7012286	1.1103732	1.0487174	0.8084017	0.9315715	0.5015085
L	0.6915834	4.2737238	0.8023153	0.4965035	1.3772824	1.2740961	1.0227749	0.5926188	1.2183812	0.6921453	1.2203400	1.4498114
M	0.7199745	2.6263180	1.2023049	0.4950410	1.0101747	0.8469553	0.8069650	0.7173572	0.8952398	0.7392778	1.2805242	1.1643434
N	1.0609192	0.3063820	0.4758559	0.8550647	0.6130551	1.3466589	0.7157472	1.6147515	0.6337497	1.1385416	0.9982528	0.7222339
P	0.3295626	0.2106394	0.5852536	1.9737318	0.2841865	0.9611889	1.2930560	1.2983742	1.6313379	0.6936885	0.3172216	0.2635872
Q	0.6554983	0.3861919	0.4839537	0.6677641	0.5627299	0.9485682	0.8614959	1.4455992	1.1272462	0.9565228	1.2738772	0.4439030
R	0.9646052	0.4304557	1.0800761	0.5307172	0.5451889	1.1729562	1.1204220	0.7080119	0.6618876	1.2102258	0.6927525	0.7303202
S	1.4902091	0.3823392	0.6309110	0.9433621	0.8437953	1.0398403	1.0520826	0.9093870	1.0546097	2.6393684	0.9589021	0.6130214
T	1.1524267	0.5796271	0.5570545	0.6173345	1.2695139	0.6686309	1.0964982	0.7215577	1.1005743	1.1814697	1.5116564	0.7600350
V	0.6140553	1.3078202	0.6720536	0.4030236	1.2105559	0.6212900	1.0606315	1.5338095	0.8696483	0.9148530	0.9515661	3.0881810
W	2.7161569	0.6132235	3.1462775	0.3943146	0.5547612	0.5102291	0.4617677	0.4368821	0.5056449	0.4620951	0.6557298	2.5426276
Y	1.7795928	0.6725165	3.2886460	0.4040686	0.7114874	0.6383845	0.5433393	0.5055941	0.6539600	0.5289006	1.5325635	0.6578075
