##############
# A0205 PWM for 12-mers
# Model trained on 11-mer peptides adding one non-specific position after P8.
# Copyright (2016) David Gfeller
##############
1.00000	83	0
A	1.1542559	0.7903356	1.7449700	0.7317909	1.5473478	1.1533879	1.9750077	0.7387680	1.0000000	0.8652459	1.5869887	2.4527348
C	0.9025302	0.6919862	0.9946836	1.0240528	1.0955133	1.0979533	1.1740455	1.1971352	1.0000000	1.1048181	0.9131972	0.8498328
D	0.4872002	0.3688289	0.2977466	4.4011230	1.5072276	1.5947504	1.2308628	0.7842456	1.0000000	1.2951662	0.6665557	0.2822077
E	0.5349333	0.5137124	0.3133467	1.9915060	2.0356394	1.2211578	0.9359208	0.6699384	1.0000000	1.2313077	1.2379494	0.3148924
F	1.0396667	0.5160006	1.9728729	0.2834341	0.3083683	0.3858389	0.7281798	1.0127464	1.0000000	0.9225857	0.5989215	0.7911238
G	1.4609028	0.3649226	0.4014251	1.4791011	1.2589315	1.1322028	1.7258928	0.7486599	1.0000000	0.8145040	1.2387821	0.4517242
H	1.3249665	0.3509522	0.5406146	0.4714262	1.0877569	0.8970103	0.6076575	0.3468899	1.0000000	2.1618854	2.0144729	0.2686976
I	0.7510919	1.3383202	3.1014613	0.3715114	0.4096637	0.7114370	0.9002369	1.9670280	1.0000000	0.8785862	0.3871904	1.4584960
K	1.4774463	0.5350659	0.6421775	0.8898779	1.0958063	1.5144047	0.7075384	0.6243794	1.0000000	0.6543602	1.4371715	0.3779090
L	0.7052001	1.3219083	1.0525675	0.2958870	0.4032808	0.5256238	0.9823930	1.4950865	1.0000000	0.7549793	0.5741287	2.6621230
M	0.6081954	1.3319206	1.0819318	0.4030903	0.4681180	0.5300422	0.8444663	1.6908474	1.0000000	0.8309065	0.5542764	1.0674954
N	1.1434309	0.4292791	0.3273642	1.4992360	0.7866532	1.7329474	0.9570950	0.9897512	1.0000000	1.6673959	0.7559784	0.3090510
P	0.2577284	0.2246056	0.7048092	0.6395190	1.6262074	0.7595890	0.5050461	0.3431083	1.0000000	0.4853846	0.3936267	0.2269981
Q	1.3361242	3.0092004	0.3397020	1.0165629	1.1563159	0.9896047	0.8729220	0.8050847	1.0000000	0.9292871	1.9205449	0.3454123
R	1.8122623	0.5107909	0.3644000	0.5391157	0.6988658	0.8573531	0.5904271	0.4290395	1.0000000	0.8591144	1.6147749	0.3571362
S	1.4535056	0.6842868	0.4886119	1.2471833	1.5015159	1.5534889	1.0788483	0.9201951	1.0000000	0.8544861	1.1549734	0.6220705
T	1.2598154	1.1979517	0.6332599	1.1324816	0.9727690	0.9919125	1.1471651	1.1587076	1.0000000	1.3168813	0.9401674	0.5733785
V	0.6919954	3.3514558	1.6647991	0.4018071	0.4644634	0.7197574	0.8369321	1.8079430	1.0000000	1.2502119	0.5502126	2.2066571
W	0.4846983	0.4065908	0.5460004	0.3243420	0.3470172	0.3927771	0.4158616	0.4465031	1.0000000	0.4680065	0.4952731	0.4317754
Y	1.1576458	0.4924025	1.4676249	0.3439138	0.4156579	0.8233043	0.6609941	0.7229798	1.0000000	1.1756756	1.5357574	0.5070977
