##############
# A0220 PWM for 12-mers
#
# Copyright (2018) David Gfeller
##############
1.00000	22	2
A	0.6798315	0.6587591	0.5729268	0.7787193	0.9945855	0.8187219	1.0956715	1.8673687	1.1910753	0.9332179	1.2185241	1.5133971
C	0.7709011	0.8470691	1.0052829	1.0114629	1.1102795	1.0608712	1.0546951	1.2126822	1.1387690	1.1551056	0.9962745	0.9621976
D	0.6452656	0.3092745	0.2898580	3.5167810	1.6945071	2.6649333	2.1021881	1.0822126	1.0215320	0.5846315	0.6447262	0.3852075
E	0.9235404	0.3626358	0.3197431	2.5184340	0.8662534	1.9955456	1.2206053	1.0720969	1.1304138	1.0190161	1.0078110	0.3902993
F	0.3717358	0.9738692	2.8008274	0.3646739	0.4629510	0.4915070	0.4368983	0.4571100	0.9294892	1.7404609	0.4453733	0.8172954
G	0.5732267	0.3388586	0.3551712	0.6582003	2.1015595	1.3802043	1.7316021	2.6490652	1.3717682	0.5312039	1.0025082	0.5128464
H	0.6365634	0.3262572	0.4286520	0.6248687	1.0649009	0.6244591	0.5103210	1.1210142	1.7472716	1.8317829	0.5780597	0.3507767
I	0.4076146	2.0977567	1.4446364	0.4087920	0.9105846	0.4695400	0.5074335	0.5305248	0.9803323	0.9620369	0.8413939	1.6879793
K	4.5261915	0.4411046	0.3931238	0.8414899	0.8547532	1.0349019	1.3855595	0.6901240	1.0250570	0.6370023	1.2308990	0.4722902
L	0.6171052	3.1455884	2.6014315	0.3789996	0.7059054	0.4368398	0.9398310	0.6367367	0.6281012	1.0415322	0.6062768	2.2068812
M	0.6825391	2.0966768	2.7180886	0.5157216	0.6800178	0.5884253	0.6969463	0.6550704	0.7545034	0.9073951	0.7735649	1.7929634
N	0.8276184	0.3467474	0.3414218	1.3911955	0.7865050	0.9864399	0.7870687	1.1764158	0.7912967	0.6598544	0.7586817	0.7611108
P	0.3652426	0.2269299	0.2007590	1.1264573	1.8561389	0.3573299	1.8654397	0.3570001	0.3277126	0.6864188	0.7254691	0.2702327
Q	1.1533697	0.7023345	0.3885895	0.9169378	0.6061631	1.1469316	1.0073917	0.6711994	1.0316774	0.9228034	1.9620170	0.4436698
R	3.4953252	0.4540806	0.4253137	0.6708535	0.5749734	0.7226097	0.7381127	0.5878528	1.3365286	0.5946105	2.1003436	0.4571375
S	0.7535332	0.4309341	0.4143428	1.5413331	1.1163586	1.4191107	0.7617853	1.6517995	1.3248596	1.0948058	1.3566206	0.6241144
T	0.6458798	0.6540527	0.5672202	0.7711736	0.9229723	1.4423469	0.6239018	1.0320681	0.9778974	1.3924013	1.0244007	0.7378023
V	0.4280902	2.0258904	1.3090922	0.5642313	0.7833320	0.6362637	0.5062514	0.7204713	0.9864493	1.0429810	1.1071309	2.3331660
W	0.4809031	0.5799601	5.5823790	0.4032679	0.4312383	0.5383926	0.4253291	0.4808760	0.5411503	0.8630071	0.4819670	0.5371093
Y	0.5373748	0.6656080	1.7336364	0.4548669	0.5195649	1.0376962	0.4681348	0.5409030	0.7326717	2.5447633	0.5524751	0.6291752
