##############
# A0301 PWM for 12-mers
#
# Copyright (2018) David Gfeller
##############
1.00000	753	1
A	1.8837874	0.6030989	0.9992683	1.0204919	1.1126924	1.1181027	1.3497361	1.5354947	1.0206289	1.0775047	0.8839358	0.2624017
C	0.6709754	0.4049291	0.9868421	0.8813515	0.8929270	0.8911371	0.8900949	0.8917530	0.8939031	0.9077439	0.9738380	0.1525666
D	0.1638907	0.1225121	0.3054849	2.2225548	0.9506651	1.3445844	1.0935186	0.8761401	0.5616503	0.4087832	0.2715380	0.2057790
E	0.2954966	0.1792802	0.3364637	1.6284547	0.8796348	1.3843376	0.9902636	0.9276618	0.8067829	0.4532058	0.8471369	0.2999052
F	0.2139210	0.1813307	2.9134692	0.3218993	0.7377599	0.4888740	0.4597739	0.6703640	0.8941047	0.9411575	0.9059416	0.1499418
G	1.0424940	0.2230616	0.4735555	1.2419575	1.4375430	1.5239392	1.5412785	1.9390481	1.7032143	0.9388848	1.1251725	0.2575583
H	0.9795689	0.1664187	0.4587393	0.7092274	0.7740916	0.6288964	0.3593808	0.7806973	0.4694414	0.6871202	0.6644036	0.4233655
I	0.4007459	1.5420815	0.9751662	0.2632388	0.7333745	0.4832529	0.4610923	0.4736951	0.7672980	1.1541901	0.3298969	0.1432371
K	3.3720901	0.3041722	1.3210427	1.0937337	0.9637936	1.4251645	1.8751654	1.4437898	1.2846016	0.9186474	1.6605502	12.1873698
L	0.3183091	2.8434326	1.2158717	0.5036783	0.8635093	0.7245031	0.7088604	0.7083472	0.9989181	1.7456912	1.8083783	0.2114931
M	0.6920043	1.7905736	1.0712643	0.5338324	0.4699954	0.6036625	0.4598493	0.4111443	0.8098873	1.6180186	0.6433214	0.1994283
N	0.3121188	0.1754596	0.6475772	1.0779366	0.7878435	1.2222433	0.8794331	1.2425443	1.2292371	0.7185361	0.8302243	0.2503122
P	0.0818233	0.0854841	0.4443446	1.6481472	1.6620061	0.8830950	0.9777588	0.6324008	1.1080987	0.4150258	0.7973730	0.1491201
Q	0.5904719	0.7090470	0.5802729	1.2015316	0.8448006	1.1429572	1.5572548	1.2194820	0.9596257	1.0296651	1.8762871	0.4104754
R	4.0124035	0.7719589	1.4698926	0.5642197	0.7252269	0.5461244	0.7991557	0.9433439	0.8231363	0.8554087	1.0352410	1.1166888
S	1.7601650	0.9459449	0.5071104	1.6272196	1.3409776	1.4809560	1.4792438	1.4100749	1.3070928	1.0970743	0.8980147	0.3314719
T	0.7298965	2.6553162	0.4292494	1.1932085	1.2304161	1.1555778	1.0918209	1.2333688	1.2729507	1.6626571	1.3628331	0.1974167
V	0.7161643	2.6037804	0.6205100	0.4567917	0.9362660	0.8970040	0.7638082	0.6338978	0.7952917	1.2254774	0.6328416	0.1874317
W	0.2357095	0.1270010	1.9409843	0.4604418	0.8183593	0.3519795	0.4661230	0.4701891	0.7052367	0.5943450	0.2569998	0.2388580
Y	0.4035723	0.1451246	5.2131945	0.7740943	1.0963607	0.6691929	0.7036554	0.6742862	0.8333836	0.5411043	1.2156094	0.9397306
