##############
# A1102 PWM for 12-mers
#
# Copyright (2021) David Gfeller
##############
1.00000	136
A	3.2625698	0.7799136	0.9714714	0.7024954	1.2623520	1.0197286	1.0661098	1.6612081	1.2647028	0.7482790	0.8205062	0.5506526
C	0.8127371	0.6169107	0.8984227	0.7926847	0.8352443	0.8128858	0.8304993	0.8498586	0.8471962	0.8637028	0.7921151	0.2468612
D	0.3960489	0.3323303	0.2607586	1.3203397	1.4158714	2.0928973	1.1542219	1.0048420	0.8196562	0.3787851	0.3870119	0.5357886
E	0.4827580	0.3349273	0.2924430	1.4287935	1.1245001	1.2235043	0.9845382	0.9489060	0.7957074	0.3645918	0.9252126	0.6638813
F	0.4291248	0.4334217	3.5843411	0.3400069	0.5214397	0.4455864	0.7649975	0.9275706	0.7411881	2.0696081	0.9196626	0.4776502
G	1.1941242	0.3143706	0.5519425	0.9143151	0.9761723	0.9472708	1.5260980	1.0868095	0.8453819	0.5611641	0.8117845	0.3580289
H	0.3682850	0.2808997	0.4117367	1.2374658	1.0320152	0.4217887	0.3917311	0.8861782	0.5442943	0.8283741	0.5657968	0.6369107
I	0.5848517	1.4290529	1.8108589	0.6364535	1.0036990	0.6940519	0.9347959	1.0240070	1.3290227	1.9884397	0.8036331	0.2950171
K	0.8296790	0.3757114	0.3269440	0.9468432	0.5472069	1.1940593	0.7544473	1.2860163	1.0964326	0.4023379	1.3071109	8.5107853
L	0.4591609	0.8237658	1.3088167	0.5372828	0.8903106	0.6986258	1.0222995	0.6290826	0.9537037	1.6867799	1.9239131	0.3316209
M	0.6043238	0.9544837	3.6702807	0.4106694	0.5066016	0.5997002	0.5233021	0.4876509	1.2969177	2.0601449	1.0971217	0.4049029
N	0.5880633	0.6166420	0.5876565	1.1919364	0.8424180	1.6110807	0.8438270	0.8616369	1.1127216	0.8221173	1.0928113	0.5616865
P	0.3003820	0.2536664	0.5770227	2.7556974	1.8792721	1.0383729	1.0111191	0.8427741	1.6186000	0.4929965	1.1185785	0.3077329
Q	0.5502082	0.7415445	1.0760413	0.7819324	0.8002743	1.1646250	0.8982725	0.7443060	0.8211452	0.7094890	1.2293399	0.8859826
R	1.3225380	0.3304433	0.3026221	0.8785582	0.3540059	0.6001996	0.6792008	0.6570286	0.7950981	0.3875613	0.9114267	1.3972028
S	2.5906036	1.2832131	0.4655850	1.4007391	0.9858536	1.5330937	1.1430030	1.4136253	0.8786558	0.7789343	0.7823367	0.4898492
T	1.0451019	3.9993518	0.4884379	1.3558350	1.1278165	1.0233281	1.0550809	0.9462535	1.1398482	1.1798656	1.0429431	0.4445199
V	0.9631733	3.6826729	1.1008057	0.6308017	1.3622338	0.8336787	1.2407189	1.1955846	1.0310714	1.5211991	0.8312849	0.3094163
W	0.2655035	0.2747001	1.3277815	0.2666972	0.6960139	0.2636308	0.7288003	0.3065318	0.7070686	2.8165738	0.3310171	0.2767142
Y	0.3604299	0.3896190	2.8500438	0.9256715	1.0968064	0.6313779	1.3835041	0.9918212	0.8377249	1.0300969	1.1532123	0.6694767
