##############
# A1101 PWM for 12-mers
#
# Copyright (2018) David Gfeller
##############
1.00000	225	2
A	3.0672992	0.8650495	1.2905865	1.0181102	1.3769767	1.2844928	1.3348311	1.6203883	1.5199998	0.8136475	0.6998871	0.3741044
C	0.8481947	0.6177408	1.1048594	0.9288124	0.9765807	0.9519258	0.9612773	0.9719050	0.9771008	0.9879434	0.9513858	0.2221253
D	0.3833456	0.2696770	0.5313962	1.6486959	0.9821292	1.7184377	1.1214620	0.8329041	0.7525498	0.3145189	0.4123619	0.3629906
E	0.3392212	0.3193307	0.3682756	1.5373135	0.9726223	1.0290425	1.2150137	1.0958415	0.9771097	0.4006608	1.0982171	0.5239758
F	0.4447736	0.3879707	2.9012553	0.2202153	0.6352244	0.6952014	0.4142088	0.8274424	0.9316220	1.8493425	0.6087565	0.2769869
G	1.8164293	0.2874239	0.7477351	1.7886137	1.3427561	1.3581507	2.0360034	1.5793109	1.0846961	0.4781962	0.7800547	0.3196975
H	0.3734696	0.2045045	0.5050890	0.8152651	0.7783549	0.8121699	0.2809272	0.4977772	0.4828056	0.6552017	0.9268595	0.3397710
I	0.4029973	1.1550169	1.6675316	0.3890336	0.9289050	0.5078176	0.6842537	0.5167904	0.9209378	1.6275813	0.4394585	0.2479155
K	1.1424133	0.4190435	0.5359584	0.8815529	0.9196729	1.2354034	0.9463475	1.2026106	1.0788153	0.6301388	1.5958192	10.2431311
L	0.3390227	0.6777466	1.1480262	0.4109071	0.6667706	0.7090507	0.6927686	0.6314307	0.9282922	1.3570407	1.5739802	0.3235192
M	0.5883461	0.6426269	2.3585393	0.3151713	0.5255803	0.3835912	0.5008199	0.5057501	1.0117865	1.6960501	1.1635314	0.3399266
N	0.4810460	0.4096997	0.4821755	1.6542827	0.9145997	1.3013892	1.0669467	1.0787956	1.2419758	0.8228065	1.4463329	0.4442108
P	0.1975157	0.2275016	0.3565051	1.8541202	1.2521283	0.6628339	0.9297063	0.3966004	1.0408398	1.0631104	0.8134947	0.2061516
Q	0.4381034	0.7763315	1.5712097	1.1467377	0.8198807	1.3337482	0.9768114	1.3376939	0.9703766	0.9618007	1.9029249	0.6923820
R	1.8298071	0.5314503	0.3528962	0.5989925	0.3943529	0.4972303	0.6968595	0.7897079	0.5878451	0.4104583	1.0644346	1.4747819
S	3.2281521	1.1969145	0.7298855	1.8253582	1.7520158	1.7268894	1.5005887	1.9231225	1.4920509	1.0053927	1.1516695	0.4581479
T	0.9306407	4.7405556	0.4426011	0.9576314	1.0179323	1.0621863	1.1570511	1.3314731	0.9080568	0.9856023	1.0861106	0.3487240
V	0.6841487	3.3189592	0.8584158	0.4011845	1.2914271	0.7723630	0.9362934	0.8244237	0.8747597	1.6915745	0.5837758	0.2555268
W	0.2582660	0.2658607	0.7807592	0.2361145	0.5970144	0.2839098	0.5959837	0.2869614	1.2685583	1.3130341	0.3080024	0.2690898
Y	0.2887343	0.3104609	2.8655261	0.4626760	0.7124613	0.9081690	0.7757733	0.7167217	0.6416221	1.0247821	1.1245002	0.7912783
