##############
# A2301 PWM for 12-mers
#
# Copyright (2021) David Gfeller
##############
1.00000	83
A	0.8092514	0.3722342	0.5620911	0.7785994	0.8922516	0.9079934	1.2187326	0.8909126	0.9774549	0.5984581	0.8775557	0.3393123
C	1.0038803	0.3965773	1.1428367	0.9591291	1.0302898	1.0006833	0.9949610	1.0195916	1.0052469	1.0539963	0.7052577	0.3346639
D	0.4027872	0.2436728	0.3397317	3.7086003	1.3893021	1.5074255	1.5295656	0.7637464	0.8801966	0.3639699	0.7501781	0.3508687
E	0.4668639	0.2959945	0.6736151	1.2796711	0.6562676	1.1574145	1.0331069	0.8538324	1.0693016	0.5725255	0.8941896	0.2385153
F	0.9688408	4.7290165	1.3372784	0.2925837	1.4157795	1.4886399	0.5190607	0.7015979	1.3441510	1.8740958	0.9538442	9.8942483
G	0.4623451	0.2537280	0.4898279	0.9667561	0.6905827	1.0444866	1.6114297	1.8902318	0.7243660	0.9457296	0.5251131	0.2529270
H	0.9471094	0.9827603	1.0650475	0.4589719	0.9685294	0.7110369	1.2105103	0.6819764	1.4135409	1.1235188	2.6260441	0.4442784
I	1.2038890	0.6019523	2.7967135	0.3973317	1.1915612	0.7419455	0.4434695	1.0697595	1.0984264	1.5459575	0.7177596	1.2345468
K	1.4083611	0.3270766	0.4715604	0.8117448	0.7650590	1.0157823	1.4708758	1.4864287	1.4392644	0.6362713	1.2143698	0.2470556
L	0.9443275	0.6591189	2.3330838	0.3090022	0.9985287	0.7613090	0.4406635	0.5783442	0.7488923	1.7639589	0.9051522	1.3235551
M	0.6768273	0.6199988	1.5702885	0.3834791	1.2391189	0.5589605	0.8575020	0.5407542	0.7942901	1.0289930	0.6267478	1.0164177
N	1.0454770	0.3356938	0.6288142	1.1328787	0.6723535	1.3988773	1.4502793	1.3856898	1.2329675	0.4485567	1.0307403	0.2824784
P	0.5644346	0.1943579	0.2290937	3.0260349	0.9994479	1.1567477	1.1800791	1.1670955	1.0105413	0.5421752	0.3080696	0.1548966
Q	0.7042189	0.3449114	0.5161336	0.5548846	0.7365514	0.8128895	1.1095005	0.9197453	1.2109260	1.0705685	0.9796948	0.2296614
R	2.9650939	0.3306128	0.4623615	0.5504709	0.8684266	1.1408998	0.8903264	0.5338782	0.8814640	0.7406366	1.2071289	0.2627205
S	0.5921663	0.3333423	0.6046237	1.2612252	0.9067848	1.0142761	0.9279991	1.0470702	1.0120761	0.6322076	1.4343949	0.2838807
T	1.1413449	0.4731728	0.7144949	0.8654801	1.3292225	0.9514181	1.0470400	1.3580919	1.0530165	1.5961203	1.8833935	0.3666129
V	1.7323319	0.6060227	1.5613007	0.6851115	1.0447075	0.9809868	0.6765576	1.0308146	0.9777680	1.3212485	1.1030496	0.6879543
W	0.3751879	3.8155431	1.0171043	0.2398102	0.4715245	0.3480201	0.3171610	0.9259147	0.3541372	0.4475306	0.3848891	5.1705437
Y	0.9362948	12.6330730	1.0078702	0.3373676	2.1786482	0.5486285	0.6400799	0.4578923	0.5830247	1.2591572	1.0042230	2.3581103
