##############
# A2402 PWM for 12-mers
#
# Copyright (2018) David Gfeller
##############
1.00000	306	2
A	0.7769210	0.2622773	1.1976407	0.6102718	0.8720217	0.8030710	1.1068976	0.7746572	0.9060250	0.8514857	0.7342476	0.2440381
C	0.8594750	0.3319783	0.6858069	0.8261532	0.8637226	0.8418040	0.8517656	0.8495188	0.8557550	0.8563616	0.7623374	0.2835441
D	0.2972460	0.2433376	0.5495755	2.8601153	0.8510139	1.4530732	0.9149949	1.1724084	0.8808471	0.5809459	0.4736235	0.1856831
E	0.8470045	0.2493750	0.4443922	1.3258163	0.6917550	1.0999465	1.3571193	1.0900095	0.8266434	0.7396980	0.4704174	0.2133858
F	0.5881112	4.2248006	2.1090298	0.6965595	1.7263212	1.0695310	0.9354353	1.2434642	1.2954208	1.5076432	1.3476120	11.6665548
G	0.6464059	0.2951976	0.8202630	1.0929271	1.4837053	1.5422674	1.8510893	1.5368665	1.4161844	1.0665227	0.4039213	0.1669767
H	0.4879917	0.5218712	0.5526656	0.5642552	0.5565234	0.7292743	0.6429012	0.7259948	0.8815401	0.8887247	1.3802434	0.2953073
I	1.3333859	0.4710254	1.1664475	0.4514301	0.9888327	0.6673723	0.6410409	0.7711560	0.9608155	0.7515698	0.8038505	1.0822071
K	0.8630514	0.2372807	0.6342070	0.7408228	0.5067362	0.7799972	1.0819927	0.8352234	0.8372365	0.7259743	0.6625877	0.1518431
L	0.6972841	0.8605230	1.4516110	0.4584753	0.8280694	0.9052607	0.5882946	0.9055477	0.8149249	1.3566596	1.7280677	1.4264113
M	0.8584419	0.8645543	1.7445306	0.3713129	1.7749995	0.5187470	0.5936857	0.7241105	0.6328711	1.2459839	1.2011022	0.8744288
N	0.7602912	0.1963247	0.9510045	1.1710986	0.6669185	1.3016242	1.4037100	1.4464590	1.2253629	1.1970542	1.0916338	0.2172550
P	1.1390282	0.1796891	1.4295836	2.4889618	1.4726971	1.2695446	1.6180835	1.2675947	1.3938238	1.0087529	0.4242832	0.0772015
Q	1.0700174	0.3111089	0.4598708	0.8065595	0.8694237	0.7997408	0.6974973	0.9565676	1.0612541	1.2794590	1.0459071	0.2488678
R	1.6758548	0.2550770	0.3835337	0.6515446	0.4842454	1.0724139	0.6688800	0.5611475	0.6998758	1.0682421	0.6003496	0.1673036
S	1.0413995	0.2821264	0.8822231	1.1468104	1.1951379	1.2164421	1.1937060	1.1349793	1.3168918	0.8234504	1.1948401	0.3248973
T	1.3115936	0.4264019	0.9192085	1.2575918	1.4642842	1.4634935	1.1443942	1.2595949	1.3065448	1.1656303	2.0148618	0.2137312
V	1.7670148	0.3401226	0.8193422	0.6057327	0.8100962	0.3831062	0.6992466	0.8066166	0.7611661	0.8902887	1.1018767	0.4100619
W	0.2830779	6.1510411	1.5781727	0.9632781	0.5433213	1.2542435	0.9856690	0.2532689	0.7541377	1.0389244	0.8212443	6.4086376
Y	2.0859027	14.0364334	1.7913758	0.5648663	1.5875545	0.8409335	0.4336263	0.9249430	0.7795554	1.2783520	2.0839286	1.1741726
