##############
# A2406 PWM for 12-mers
#
# Copyright (2018) David Gfeller
##############
1.00000	14	2
A	1.5910172	0.5394967	1.9006911	1.0508596	0.9350142	0.7465673	1.3762148	1.8628030	1.0800307	1.0647462	1.0297382	0.4711319
C	1.0964311	0.5417836	0.9826462	0.9135145	0.9929194	0.9122074	0.9805022	1.0974856	0.9592622	0.9857305	0.8920098	0.5646761
D	0.9902972	0.3798152	0.5404691	4.0730786	1.7412212	1.3502117	1.3081186	1.6751655	1.3389277	0.7809403	0.7208445	0.3034700
E	0.5170128	0.4630804	0.4554648	1.6727006	0.7770648	1.1047024	0.9687951	0.6713233	1.3597702	1.0034697	0.7106984	0.2898306
F	0.7621195	3.8771539	1.2134531	0.4163940	0.6338519	1.1028311	0.4642955	0.5889917	0.4496970	1.1595527	1.2254545	8.6086378
G	1.1694483	0.4089670	2.4295504	0.7182128	1.2543367	0.6477514	2.4452620	1.3206470	1.7903542	1.2420964	0.6851531	0.3749196
H	0.4753767	1.9958319	0.4428489	0.5868453	0.6083428	0.6320796	0.5666914	0.4979441	0.5469853	1.5166124	2.4582922	0.5038366
I	1.7387072	0.6949430	1.4983443	0.6922530	0.8480222	0.5276465	0.5837778	0.8210248	0.8478279	0.8904605	0.6056912	1.1996317
K	0.6260320	0.8249084	0.5557588	1.1146494	1.4429822	1.1929200	0.7733089	0.9710038	1.3949882	0.8261248	0.9023022	0.3153439
L	0.9076926	1.0081977	0.8089095	0.4733978	0.5825001	0.7593355	0.7334623	1.1877513	0.5709308	0.6436422	1.0579907	1.4115537
M	0.9483400	0.9081095	0.8503200	0.6022265	0.7238122	0.7319958	0.6840630	1.4886915	0.6875703	0.7775905	0.8813692	1.1604826
N	0.5639841	0.5224830	1.0991523	1.1279521	0.9481144	1.8952286	1.8526963	1.2634082	1.3384562	1.8613261	1.8974942	0.3626011
P	0.8938603	0.2390139	0.9054029	0.3770998	0.3624940	1.5139741	0.9213021	0.3488619	0.9416421	0.3322004	0.3249558	0.1716234
Q	0.5208460	0.5376001	0.4788157	0.8396269	0.7574291	1.1944109	0.6875525	0.6338792	0.7955743	1.1463075	1.1681500	0.2686316
R	0.9611240	0.6057935	0.4714862	0.7222130	1.2765387	1.2708012	1.0832876	0.6524496	0.7891077	1.1748276	1.7029325	0.3574757
S	0.7322547	0.5019314	0.8316639	1.4056665	1.8368540	1.1330576	1.1249680	0.9287118	0.9119785	1.1534479	1.3417012	0.3988421
T	0.7294663	0.5031414	0.7136946	1.1185054	1.2182450	1.4119081	0.7471425	1.0766791	1.3778779	1.4299751	1.1073841	0.4752711
V	1.6918274	0.6172008	1.1832777	0.5752391	0.8645789	0.5438331	0.7666661	0.9808778	0.8778627	0.9100604	0.5983027	0.8332849
W	0.6254829	1.9281209	0.5558559	0.4322272	0.6202569	0.5310882	0.4671193	0.5078268	0.4684116	0.5866571	0.6170944	1.4146322
Y	1.3886212	7.8718407	0.6853614	0.4739497	1.3565353	0.6890996	0.4934680	0.5517985	0.5073776	0.8017224	0.9163604	2.5226052
