##############
# A2601 PWM for 12-mers
#
# Copyright (2021) David Gfeller
##############
1.00000	103
A	0.6116503	0.9260140	0.8289317	0.8397907	0.6944031	0.8041691	0.7665840	0.8285658	0.9099460	1.0653696	0.8676331	0.4807325
C	0.5144513	0.7548558	0.5924848	0.7037286	0.7393462	0.7356531	0.7073329	0.7159833	0.7743732	0.7282379	0.4858815	0.2830772
D	2.6870030	0.4234638	0.2787826	2.7188096	1.1273990	1.4387270	1.5234338	1.3226419	0.9503893	0.9574779	0.5075392	0.2425905
E	4.9265592	0.3287967	0.3007550	1.6890063	1.6327480	1.2137802	0.9992409	1.0839687	0.6524536	0.5435607	0.7628854	0.3617419
F	0.9639994	0.5289273	2.1440277	0.4525124	1.4337263	0.6618063	0.3701094	1.0673035	0.9439511	0.6555940	1.2623245	5.4176924
G	0.3702769	0.6735356	0.4565067	1.1854559	0.9694386	1.3631470	1.5182059	2.3060447	1.0800855	2.6831294	0.7930605	0.3361334
H	1.0173456	0.2927906	0.8473543	1.0548819	0.8611631	1.4582814	1.4654872	0.6490563	0.6495557	3.6663527	1.5172875	1.0923840
I	0.3172267	1.7273936	3.5715255	0.7189012	0.8751307	0.9156925	0.9115425	0.7287882	1.0092917	0.4406404	1.0335038	0.5713699
K	0.6538414	0.3697391	0.6701735	0.8617585	0.4810806	0.9818065	1.1752508	0.8828904	0.6328149	0.6222698	1.3448874	0.3142537
L	0.3556364	0.8148734	1.0415913	0.5077794	1.2888021	0.6076755	0.4970216	0.9258096	1.2590706	0.6739588	1.4008730	0.5990966
M	0.3969013	0.7388311	0.9461197	0.4463236	0.9769650	0.4926334	0.6470269	0.5197937	1.6716772	0.6519537	1.3863632	1.2908524
N	0.9034801	0.4105289	0.3361580	0.7614967	1.1970007	0.8251190	1.1592294	1.5845382	1.3214573	0.8442250	0.8380512	0.3232814
P	0.3037907	0.2602838	0.8411924	1.7383389	0.9853557	1.5040808	1.7241004	0.9851029	0.7493546	0.3897616	0.2553742	0.1870695
Q	0.9174002	0.4673207	0.4550707	1.3509082	1.1793572	0.9792099	1.3244468	0.9376119	0.5711962	0.8362364	0.8748251	0.3337772
R	0.5008111	0.3245715	0.5249918	0.6479786	0.4067591	0.6484518	1.1431996	0.8049192	0.8702841	1.4545311	1.7481996	0.3135781
S	1.0818034	0.8654432	0.3891853	1.1401512	1.0074172	1.2898381	0.7932933	0.7138310	1.2610034	1.3220417	0.8105115	0.3232321
T	0.6692061	2.7626401	0.9983544	0.8646424	0.6838546	1.4871897	0.9293036	0.7397173	1.5759165	0.6773331	0.8464042	0.3556644
V	0.3528529	4.1796502	1.4059533	0.7063369	1.1601620	0.7061190	0.8762370	0.8079022	0.8818587	0.7438533	0.9448417	0.5084409
W	0.3930309	0.8360125	0.5379766	0.2669110	1.4012793	0.8294048	0.2961170	0.3328797	0.3865430	0.3306841	0.4291094	1.2281588
Y	1.8445445	0.7900899	3.2937871	0.3889520	1.0704598	0.8025625	0.7530866	0.7914641	1.5015116	0.7004841	1.7980328	12.4067994
