##############
# A2902 PWM for 12-mers
#
# Copyright (2018) David Gfeller
##############
1.00000	147	2
A	1.4204487	0.8909877	0.6553291	0.8397121	1.3203912	0.8118520	1.0290203	0.6608047	1.0343854	0.9805578	0.7222469	0.3374044
C	1.7202014	1.3451138	0.6225783	0.8731659	0.9471051	0.9116651	0.9037919	0.9093689	0.9150646	0.9348394	1.2236925	0.3289492
D	0.4041208	0.3615759	0.7250201	3.4654638	0.7042196	2.3381231	1.5307991	1.0453322	1.1577654	0.8181820	0.6811613	0.2133957
E	0.4010893	0.3487534	0.7500809	1.0772819	0.5743031	1.0454543	1.3818939	0.8248484	0.8493474	0.6463138	0.4900189	0.2669860
F	1.9515468	3.6102979	3.3078976	0.8161348	0.6279974	0.7338547	0.6334817	0.7664205	0.7727027	1.6279271	0.8113567	2.0493724
G	1.7066529	0.6079164	0.9844366	1.5442677	1.6846961	1.0893518	1.5420605	2.3995621	2.3047567	1.4741630	1.3250951	0.2394850
H	1.3533324	0.3953785	0.8653417	1.2318097	0.7417322	0.9384633	1.3669513	1.3261466	0.9370878	1.2206896	1.7766617	1.0258464
I	0.6960633	1.1713399	1.2019170	0.4024389	0.6767498	0.7377494	0.4658833	0.7152398	0.8257715	0.5741230	0.6588957	0.3739613
K	0.5960139	0.3247128	0.3697766	0.7777457	0.6268008	0.9973052	1.0595619	0.8892034	1.2769238	0.4568978	0.6903261	0.3080404
L	0.6768326	0.9086612	1.1054446	0.4148224	0.8254859	0.6892586	0.6585688	1.0842975	0.6078077	1.2724883	2.0296308	0.4290055
M	0.9496316	1.5056609	1.6390317	0.3852354	0.6348872	0.6152725	0.4482225	1.1067677	0.6034770	1.4629748	0.7992307	0.6336302
N	0.5059260	0.8624984	0.8145021	1.3250545	0.7161290	1.1946572	1.4383505	0.8463743	1.1366178	0.5125485	1.2517996	0.3003858
P	0.2653191	0.2384653	0.6240044	0.9758953	2.3532551	0.7541445	0.6718222	0.8085326	0.8263089	0.2626111	0.1840889	0.1481860
Q	0.7199265	0.8326507	0.7069661	0.9875860	1.1043042	1.0064309	0.9310687	0.8682862	0.7960940	0.5502923	0.9358659	0.3225482
R	0.9889184	0.3167306	0.7331093	0.5752718	0.6223935	1.0051648	0.9326332	0.9675319	0.7643153	0.7540141	1.1956454	0.3221287
S	1.4340334	0.5756269	0.5474164	1.2758699	1.6074920	1.5742188	1.5087766	1.2869244	1.2146250	0.7188975	1.1363434	0.4248330
T	0.8442778	1.1458431	0.4399538	0.9865693	0.9540320	1.2289432	0.9438719	1.0476029	1.0629742	2.1017888	0.9726812	0.3117790
V	0.9303353	1.5062708	0.5301713	0.4956624	0.9227067	0.6705114	0.7722542	0.6326081	0.5802954	0.6343004	0.6850425	0.3605027
W	1.4540006	2.0370215	1.6209700	0.3589077	0.3240423	0.3462045	0.3561761	0.8296857	0.8567094	2.8500211	0.4525668	1.9962306
Y	3.1793822	4.0255773	4.6055506	1.3257536	0.7748381	0.9316683	1.0659963	0.9500452	1.4844816	2.9590895	2.0635103	19.4314852
