##############
# A3002 PWM for 12-mers
#
# Copyright (2021) David Gfeller
##############
1.00000	232
A	1.1159708	1.0410287	0.8469870	0.8908227	1.2208440	1.0370480	0.9737777	0.8557647	1.1479347	1.0638146	0.9366895	0.2578335
C	1.1258549	0.7869273	0.3748409	0.6313142	0.6665820	0.6516663	0.6699084	0.6702231	0.6649858	0.6312499	0.8610998	0.1837339
D	0.3068256	0.2471891	0.3372119	2.4249297	0.7046860	1.7244067	0.7273493	1.1279747	0.9342249	2.9306800	0.5267503	0.1765041
E	0.4366716	0.3431875	0.4809427	1.9356588	1.1662515	1.5017734	1.0036660	0.8766314	0.8298546	0.7354540	0.7726136	0.2329005
F	0.2424263	0.5748278	1.5935957	0.3225814	0.9205443	1.0187976	0.6555662	0.7649413	0.7383806	0.3265111	1.0200507	1.4827208
G	0.7233551	0.4188011	0.5165984	1.3290088	1.2193054	1.1948869	1.3691496	1.7509040	1.1354817	1.4086844	0.8890144	0.1702537
H	0.8951534	0.4035631	0.8854474	0.4440134	0.8615166	1.3319422	0.9657656	0.7553488	0.5236422	5.1610931	1.1069862	0.7616181
I	0.6707545	1.4118816	1.4543884	0.4682287	1.1744371	0.6682756	1.0988232	0.9559593	1.0716013	0.3440672	0.6599187	0.3471429
K	3.1214521	0.3620486	2.2582419	0.7052430	0.7051874	1.0009723	1.1211895	1.0810573	1.2138846	0.6074053	1.5083996	0.8985567
L	0.2972901	1.2251914	1.2959010	0.4519219	0.8737818	0.7410663	0.8131196	1.1439420	1.0129526	0.3422230	1.4120859	0.4579546
M	0.5491734	1.1713956	1.0239338	0.6317640	0.6184596	0.5831208	0.7249284	1.0914297	0.7319772	0.5140655	0.7710460	0.4863659
N	0.5986166	0.4310563	0.9260702	0.9572506	0.5397179	1.0740686	1.1606535	1.3083872	0.8893571	1.5654774	1.1361291	0.2484353
P	0.2679748	0.2441716	0.3697557	2.2656328	1.7521039	0.7642030	1.3912792	0.5685522	1.4400772	0.3254281	0.1852210	0.1462014
Q	0.8847684	2.3929754	1.8225560	1.3502066	0.9511796	1.0663859	0.9686177	1.0400952	1.1662366	0.8661854	0.9827210	0.2880420
R	4.6016230	0.2852775	1.6224169	0.5285571	0.6605569	0.5414061	0.5872276	0.6932438	0.8011743	0.8543813	1.6618695	0.4912792
S	1.1403990	0.9232094	0.6114655	1.3199218	1.2513787	1.3255126	1.0762441	0.8136373	1.3831720	1.4630698	1.0347316	0.2360731
T	0.7720481	2.0735132	0.5015559	0.6281443	0.7803316	1.0947805	1.4089987	0.8834543	0.9436462	0.7787894	0.8193584	0.2555680
V	0.4737208	2.7317346	0.9332517	0.6164405	1.0136950	0.7523661	1.1762800	1.2683010	0.8443501	0.4268215	0.9889646	0.3289391
W	0.2212504	1.0667875	0.8032381	0.2045387	1.0426736	0.2398471	0.7480974	0.7733343	0.4903177	1.0066328	0.8006095	0.9615334
Y	0.6702984	1.9867285	1.0893014	0.8417047	1.4110414	0.9257008	0.5135256	0.7204214	0.7967051	0.4767172	1.6200177	20.8026488
