##############
# A3001 PWM for 12-mers
#
# Copyright (2021) David Gfeller
##############
1.00000	83
A	1.0775021	0.7217412	0.7194008	0.7307823	0.7241356	1.2011488	1.1661606	1.3122540	1.2680886	0.9987888	1.0572515	0.6734415
C	1.1052481	0.8696404	0.4532147	0.6708917	0.7222246	0.7044268	0.7381040	0.7444274	0.7017625	0.7269849	0.9038223	0.2863048
D	0.4805202	0.3957747	0.4319220	1.9272777	0.8532623	1.4352498	0.8988683	1.1760392	0.7857014	0.5360495	0.5149583	0.6721143
E	0.6018943	0.5379960	0.5360393	1.2799883	1.2778868	1.3964606	1.5691364	0.7626751	1.0643358	0.5754265	1.0950793	0.7556253
F	0.3766698	0.9089092	1.3131699	0.7264908	1.3019297	0.5362569	0.4650183	0.9714752	1.0414533	0.4214090	1.0643022	0.4879942
G	0.6462721	0.7796515	0.7925779	1.6968523	1.0035250	0.9705236	1.0374149	1.4695259	1.4874244	1.1157964	1.0295531	0.4320551
H	1.9104402	0.4218599	1.4528188	1.0000521	0.4649443	0.7383834	0.4604829	1.1632866	0.5177210	0.4239063	0.4559716	0.5550675
I	0.6310583	1.4575644	1.2132798	0.3834779	1.3105999	0.5199961	1.0797555	0.8203908	0.9145592	1.2380512	0.8040013	0.4199095
K	2.9135531	0.5666833	2.6100590	0.8377740	0.8667946	1.0534767	0.7508789	0.9397838	1.2435069	1.1528192	1.0702696	6.4638572
L	0.4660037	1.1094990	0.9636513	0.4008002	0.6656531	0.7753904	0.9803719	0.8462346	0.5721735	0.7877785	1.1318440	0.4996946
M	0.5236157	1.1682016	0.8487507	0.6208984	0.9866374	0.7373187	0.6202536	0.5940680	0.7291872	1.3907413	1.0414712	0.7093590
N	0.7684083	0.4913198	0.9280661	1.4821509	0.5335289	1.5511412	0.8083576	0.5614531	1.6436816	0.5070107	1.5700235	1.1938184
P	0.4679249	0.2801086	0.7174706	1.8927832	1.5872177	1.3202910	1.4563075	1.1634915	0.8763022	2.1639218	1.2910123	0.3548423
Q	0.8451415	1.5951623	1.2409180	0.7008718	0.9072882	1.4996078	0.9511032	0.8794435	1.2252139	1.1731631	1.0476501	1.1375378
R	2.6884719	0.4322442	1.2368066	0.7992884	0.5638661	0.8624841	0.8959317	0.5677343	1.4093263	1.8070283	0.8239445	1.2977444
S	1.3336089	1.4950102	0.5748232	1.3481100	1.1462395	0.9215099	1.1677850	1.0976571	0.8278002	0.8406750	0.7880061	0.5901030
T	0.9796537	1.5341307	0.7070366	1.0588862	1.4513328	1.1568496	0.9802238	1.0590626	0.9432731	1.0466709	1.0517806	0.6415684
V	0.7816490	2.6710323	0.9160842	0.4764816	1.1043219	0.8017561	1.2325955	1.2623880	0.7008838	1.1736756	1.3549215	0.5606206
W	0.3316486	0.4034025	2.2598025	0.3548258	1.6252683	0.9174891	0.3326779	0.3882513	0.3648127	0.9142960	0.3390593	0.3248621
Y	0.6857831	1.3161219	1.2428716	1.2433848	1.3590365	0.4479758	0.8217780	1.3144913	0.8908831	0.4305637	0.5033589	0.6490892
