##############
# A3101 PWM for 12-mers
#
# Copyright (2018) David Gfeller
##############
1.00000	127	2
A	1.3807240	0.7669235	0.6134682	1.0472315	1.3259291	0.9527062	0.7403027	1.2570812	1.1885769	0.6067662	1.0870054	0.4597393
C	0.7289592	0.7587326	1.1135933	0.9524848	1.0078546	0.9985065	0.9596772	0.9813953	0.9959916	1.0046177	1.0486178	0.2607224
D	0.6698325	0.3060708	0.5180096	2.6681788	0.7308861	0.8867582	1.6618120	0.8895720	0.8347859	0.5450874	0.5591048	0.3657792
E	0.5077785	0.4004091	0.3954374	1.6689984	0.7153054	1.1509430	1.3011913	1.1709450	0.7311881	0.7033764	0.6116573	0.5172549
F	0.3491459	0.9988784	2.6635305	0.4175161	2.3894944	0.9385276	0.9085275	1.1947383	1.1848727	1.7504155	1.3278911	0.3869076
G	0.4280151	1.0142020	0.7612999	1.1074140	1.6757658	1.6720578	1.2527753	1.4215404	1.3170974	0.6819967	1.4047730	0.4189749
H	0.5639941	0.8586320	0.5362763	0.6781249	0.3483058	0.9707911	0.8549656	0.7008601	0.3488592	0.6446440	1.1669754	0.6188033
I	0.7334678	1.1476420	0.9402372	0.4647533	0.9493163	0.8619150	0.7253818	1.1424569	0.9204163	1.3658408	0.4926167	0.2728880
K	2.4645059	0.4512380	1.8821483	0.5627471	0.5696065	0.7341463	0.9078446	1.0201462	0.8137661	0.7431324	0.9134198	1.9515668
L	0.5809338	1.1777679	1.6099985	0.6382610	0.9464559	1.1605425	0.8969795	0.8583853	1.3755706	1.2855106	1.2029706	0.6536123
M	0.6779989	1.0197799	1.0101129	0.4349535	0.9106806	0.8990743	0.5344830	0.5611994	0.7820141	0.8456836	0.7517862	0.4768744
N	0.6230234	0.3830178	0.9011233	0.6681405	0.5328827	0.6931156	1.4379612	1.0639096	0.9309561	0.9200086	0.7596348	0.5351800
P	0.2309453	0.2770158	0.2708217	2.3840482	0.6347541	0.9053036	0.7315067	0.7277085	1.2375335	0.1893507	0.7214761	0.1999195
Q	0.8922079	0.9484568	1.1050249	0.8746701	0.9773851	0.7379791	1.4601704	1.1392114	0.9044316	0.8021782	1.1245594	0.7251380
R	4.0862981	0.4541170	1.0399590	0.4128181	0.7364211	0.5956209	0.5568326	0.6275560	1.1175034	1.4630776	1.4135308	9.8519629
S	1.3718797	1.0839453	0.6726725	1.4293715	1.1378737	1.5385179	1.1611312	1.0733635	0.8693153	1.0266915	1.1302801	0.4588261
T	0.8793792	1.3147937	0.6467746	0.8605150	1.0632879	1.3853747	1.1499072	0.6224538	0.8338469	1.3675128	0.9857285	0.4069789
V	0.7815242	2.3353723	0.7552845	0.6128889	0.8541695	0.7276390	0.8819281	0.8973071	0.9564264	1.4937667	0.9417751	0.3425344
W	0.8915081	1.6264501	2.6016153	0.3075946	2.0467898	0.9015747	1.4104546	0.9559663	0.4033498	3.0294529	0.9845215	0.3553313
Y	0.8407225	3.4995285	1.6988336	0.6448635	1.1982914	0.7479773	0.7446271	1.5127459	1.0443368	0.7271677	1.6988358	0.3854044
