##############
# A3201 PWM for 12-mers
#
# Copyright (2021) David Gfeller
##############
1.00000	81
A	0.7301541	0.7186336	0.8363421	0.6381293	1.1272450	1.2361325	0.9814300	1.3541811	1.1726116	0.6234291	0.9846794	0.3288168
C	0.2729227	0.4946029	0.6391996	0.5699243	0.6111933	0.5986191	0.5996120	0.6381152	0.6405027	0.5887809	0.5896661	0.2830970
D	0.4960050	0.3425558	0.3256659	3.0059458	1.4139296	2.7245821	1.4370648	1.2737292	1.1236432	0.7149935	0.5500341	0.2240183
E	0.7920255	0.3962568	0.4018828	1.4425396	1.5289990	1.5482821	1.4651900	1.2443526	0.8304202	1.1175603	1.0525053	0.2696746
F	0.2951105	0.6358252	3.5353188	0.5273831	1.4425857	0.5323524	0.3775090	1.2089345	0.6624427	1.9332186	0.4116296	4.6111991
G	0.6177309	0.4286266	0.4373456	0.4446284	0.9443887	1.1098149	1.7213531	1.6335073	0.6442650	0.8853730	1.2566628	0.2770385
H	0.8076381	0.3499434	1.0093041	1.0078208	0.7794921	1.2054453	1.1814142	0.9359150	0.7347016	1.0104098	1.0114249	0.5420965
I	0.3598622	1.8404285	1.4747269	0.4674239	1.2415756	0.5913565	0.8431176	0.6502104	1.1908972	1.0660930	0.6704287	0.5838950
K	4.7440578	0.6231199	1.0216765	1.1750924	0.6963656	1.1875816	1.3589708	0.7254553	0.8799460	0.7185007	1.5041465	0.3040817
L	0.3538966	2.0774922	1.3690475	0.8069016	0.7337207	0.5754740	0.5914214	0.8256228	0.9143058	1.5144901	0.6362147	0.9117064
M	0.4787833	2.5650307	2.0116384	0.5229562	1.0046473	0.4913157	0.5095036	0.7680298	0.8494763	2.1569137	0.5706612	1.0375447
N	0.6508941	0.4273706	0.4123675	1.3037229	0.8153321	0.9742055	0.7782137	0.7504930	0.9911250	1.1716578	0.9433165	0.2857166
P	0.3307845	0.2687412	0.2385797	1.2170782	1.2060387	0.9195285	1.3515636	0.7548164	0.9105318	0.3972896	0.3310793	0.1446885
Q	0.8994059	1.2146637	0.9792116	1.2991822	0.6718221	0.6062399	0.7296488	0.8063624	1.4915630	1.4468307	1.3265646	0.2975170
R	4.3764038	0.4230509	1.0282125	0.8937624	0.5461827	0.5109742	0.5312986	0.6772307	1.1917385	0.9207502	1.1944536	0.5298445
S	0.5637848	0.6807960	0.5875502	1.5212988	0.6238129	1.0859814	1.2853373	1.4548039	1.1283437	0.5345820	1.8699313	0.2854490
T	0.5170636	2.3030761	0.6889936	1.0103327	0.9346630	1.0778176	1.0804069	1.1988748	1.1109643	0.4908692	1.7311027	0.3476246
V	0.5298758	2.1271215	0.8345965	0.6023061	0.9630457	0.8764606	0.8288219	0.8558502	1.1339821	0.8079454	1.1213268	0.4877755
W	0.3149429	0.3610304	1.8996461	0.2944173	0.4762665	0.9336980	0.9252979	0.3515663	1.6572342	2.3778166	0.3376960	24.7637442
Y	0.4296914	0.4943633	2.5937236	0.4357539	2.2633128	0.4513502	0.4357240	0.5291936	0.9287890	1.5352953	0.6712028	4.0086104
