##############
# A3303 PWM for 12-mers
#
# Copyright (2021) David Gfeller
##############
1.00000	140
A	0.4817386	1.2418120	1.0297029	0.9254178	1.0045996	0.5209612	0.8274844	0.8367757	1.3615914	0.9059473	1.2356109	0.3615005
C	0.6673662	0.7305884	1.1165314	1.1190488	1.1479190	1.1415794	1.1457826	1.1319161	1.1857836	1.1690096	1.1207415	0.2033378
D	2.3426819	0.3758458	0.3355003	2.5064401	0.6673059	1.6366836	1.2500223	1.2758989	0.6161959	0.5456077	0.4096742	0.3472029
E	5.9614503	0.4923627	0.6628667	1.3121126	0.6864549	1.7118611	1.1996382	1.2184161	0.8286208	0.7690284	0.7351574	0.5002545
F	0.4975506	1.6596811	1.3330406	0.2802037	1.3499882	0.3792177	0.5952482	0.5413077	1.1003545	1.3631610	1.0693822	0.3654505
G	0.3899085	0.3722707	0.3678239	1.1778791	1.0565576	1.0130861	1.2841721	1.3652304	1.5715440	0.5924487	0.9735275	0.3463932
H	0.8417521	0.4917262	0.4016150	0.8727761	0.6935902	0.8894714	0.5619250	0.7256019	0.5059783	1.1933330	0.9262820	0.4985522
I	0.2880569	1.2011731	1.3161147	0.4768807	1.3113927	0.9854902	1.1699646	0.8223309	0.9267756	1.3569483	0.6109413	0.2615560
K	0.6215611	0.3383248	1.7629449	0.7319365	0.8716183	0.8403401	1.4027432	1.6617750	1.3816282	1.1139030	1.0149093	1.6556105
L	0.3233357	0.7629013	1.6265588	0.5835863	0.8685972	0.9519351	0.7502756	0.7000213	1.0275316	0.8348572	0.9080648	0.4304594
M	0.9414961	0.8802197	1.8092048	0.3847109	0.8049193	1.2228599	0.9251365	0.6031799	0.8204952	1.1390268	0.7969242	0.4064072
N	1.0585438	0.5416203	0.6519887	1.3854179	0.5030201	1.6314174	1.1334305	1.5243749	0.5257312	1.3609757	1.5768707	0.5206520
P	0.3698900	0.3173927	0.6910148	2.4788646	1.8100140	0.7123153	0.8049365	0.8073734	0.9968018	0.4155858	0.7123258	0.4162622
Q	1.2334557	0.3403657	1.7425243	0.9334969	0.6117069	0.9567973	1.1260029	1.1453453	0.7133743	0.8247583	1.3069971	0.7167450
R	0.4742936	0.3016052	1.0693140	0.7603197	2.0886150	0.5585465	0.8154730	0.8456110	0.9401106	1.6922644	1.5598621	9.9508222
S	0.6815453	1.0930287	0.6198168	1.2073527	0.9051404	1.1918300	1.0145736	1.2395269	1.0224823	0.8776275	1.1970273	0.4135066
T	1.0705153	1.4075639	0.4433555	0.8919045	0.4423985	1.3245297	0.9609723	0.6928431	0.9652636	0.8938796	0.8349269	0.4666560
V	0.3247924	2.3928883	1.0404465	0.5327988	0.9631836	0.8704905	0.9952858	0.9840650	1.1814186	1.5575258	0.9016098	0.2945610
W	0.2758322	0.5810689	0.3575793	0.2243999	1.1033557	0.6659904	0.6852562	0.6557616	0.2853603	1.1100155	0.7425606	0.2767113
Y	0.6377854	5.8143376	1.4328788	0.3204719	1.0137931	0.6423699	0.9295694	0.5087263	0.4172030	0.7748535	1.5623831	0.3581159
