##############
# A3301 PWM for 12-mers
#
# Copyright (2021) David Gfeller
##############
1.00000	96
A	0.4368889	0.9660609	0.7819179	0.5975761	0.8270504	0.8235104	0.6604409	0.9863844	0.8464972	0.8919006	0.8565294	0.4225978
C	0.6649627	0.7546942	1.0977976	1.0996464	1.1439682	1.1326710	1.1320782	1.1379295	1.1357337	1.1424109	1.0881940	0.2354732
D	7.3964947	1.1386283	0.4864020	2.8924301	0.6016567	1.9562736	1.3487614	1.0932449	0.5407384	0.5437524	0.5329281	0.4079801
E	2.1447226	0.3731708	0.6319655	1.1316897	0.7248762	1.1848859	0.9859430	0.7229548	0.9946888	0.7955735	1.1431642	0.6580609
F	0.4231249	1.8570865	1.8741162	0.4956689	1.9079928	0.8204412	1.0202446	0.7087940	1.7030362	1.0567104	1.5729598	0.3142218
G	0.5122763	0.4417462	0.3275680	1.2250065	0.7052887	1.1642627	1.2065402	1.2145919	1.2683701	0.6427831	1.0521789	0.3220634
H	0.5015630	0.4690632	0.7005000	0.6557766	0.6488799	0.6919331	1.3080440	0.6441962	0.8496065	1.5324003	0.7451907	0.5863269
I	0.3192697	1.4036692	1.4156346	0.5464888	1.2962114	0.7948795	0.9597891	1.2602736	1.3095247	1.0143058	0.6506582	0.2951894
K	0.5675210	0.3794204	1.4640963	0.7519255	0.6835113	0.5443779	0.9928290	1.1733706	1.0713989	0.9258727	0.8648511	1.5779930
L	0.3786113	1.1771087	1.6208549	0.7348183	1.0475029	0.8437406	0.8533667	0.8057843	1.0098962	0.8418928	0.7755555	0.4051939
M	0.5335447	1.6339271	2.0125882	0.4675886	0.8207586	0.7097265	0.9275121	0.7487378	0.6229345	0.9674814	0.9121441	0.6427186
N	1.1519281	1.4123763	0.7927576	1.3651362	0.6857146	1.8324836	1.1692294	1.1292071	0.7193530	1.1135069	1.8836441	0.6036306
P	0.2994944	0.3719871	0.3750299	2.1732459	1.6369155	0.5392169	0.9082850	1.0289508	1.1439940	0.3898280	0.4035056	0.3899454
Q	0.8508859	0.3767886	1.7726262	0.7421056	0.6897062	1.1063141	1.0973946	0.9679882	0.9567535	1.2372956	1.3850627	0.8292105
R	0.5259013	0.3412195	1.0128677	0.6187972	1.5603658	0.7286484	0.7616996	1.2488900	1.1325969	1.9478068	1.6704912	9.0981628
S	0.7799297	0.7503357	0.5769802	1.1500003	0.8683748	1.7217673	1.0034907	1.0625647	0.8913583	0.7921822	1.2422744	0.6154660
T	0.9377060	1.0857810	0.5779764	0.8882022	0.7774954	1.0323257	1.1505945	0.8048233	0.7753441	1.2330344	1.0864090	0.4649111
V	0.3260029	2.2116196	0.8434336	0.7737421	1.2543463	0.6444446	0.9626359	1.0030623	1.0293419	1.2067917	0.6386860	0.3369634
W	0.2462888	0.5079566	0.4675961	0.2743318	0.4161180	0.8518096	0.8973030	1.9168090	0.3783784	2.5336839	0.4036196	0.3272928
Y	0.3248198	2.7959328	1.8715827	0.5533629	1.4834992	0.6300778	1.0528622	0.6475415	0.9259383	1.1241595	1.2761601	0.5881310
