##############
# A3402 PWM for 12-mers
#
# Copyright (2021) David Gfeller
##############
1.00000	123
A	0.6426006	1.4344021	1.0080800	0.8324989	1.1212572	1.1859044	0.6660564	1.3757957	1.5400466	1.0541793	0.9968043	0.4406630
C	0.7000126	0.6002755	0.6196709	0.6556592	0.7022020	0.7207685	0.6802930	0.7220835	0.7169793	0.7268959	0.3525364	0.2241999
D	1.7502109	0.5429190	0.7910009	2.2355905	1.1832905	1.0799410	1.7488800	1.3283685	0.7056851	0.5546127	0.5938606	0.6394673
E	3.6883635	0.4319807	0.6256442	1.4873561	1.3078677	1.2226100	1.1901636	0.7861490	0.7848350	0.6554556	0.9228543	0.7911046
F	0.8569037	0.8318942	2.0642434	0.5891375	0.7055960	0.8164056	0.8810722	0.6562572	1.1068234	0.9432474	0.7538898	0.5300519
G	0.5012286	0.6058747	0.6975064	1.4450521	0.7423959	0.9763590	1.0442107	1.4565008	1.2523777	0.9448310	0.9613674	0.3496317
H	1.0266772	0.5160916	1.0297509	0.7885873	0.9754232	0.5865052	0.7877006	1.2831671	0.7683323	0.3705638	0.7956946	1.0448100
I	0.7114024	1.3575790	1.4197815	0.5154457	1.0044293	1.2450305	1.1335361	0.8600705	0.7647505	1.1308317	0.8985985	0.3659604
K	0.6182812	0.3983301	0.4515909	0.7710684	0.6779045	0.8757138	0.9094124	0.8536590	1.1111872	0.7170564	1.0467007	6.6034471
L	0.4852813	0.8361411	1.3331241	0.5656749	0.9156406	1.0636799	0.9046342	0.9114277	0.8332320	1.5096131	1.4331195	0.3057015
M	1.2383173	0.6242251	1.6139873	0.7356952	0.5494119	1.0734287	0.8536150	1.0131625	0.5099699	1.2862832	1.2670914	0.4168420
N	1.3884961	0.4655170	0.7106402	0.9900144	0.8976391	0.7880390	1.1682236	0.8221094	1.1176352	1.0337838	0.9822372	0.5841253
P	0.2751196	0.2746118	0.2214260	1.8491629	1.3206579	0.5795105	0.5748601	0.6859397	1.1256573	0.8684798	0.5716640	0.2995132
Q	0.7497037	0.4856886	0.4842890	1.0118147	1.5000689	1.2955799	1.3087445	0.7509733	0.8783561	0.9220801	1.3025952	0.8011018
R	0.4442829	0.3419692	0.5887051	0.5794713	0.4095332	0.4168008	0.7672310	0.4827680	0.8575361	0.8783323	0.9505175	2.9980371
S	0.9589789	1.6169478	0.8405200	1.0699651	1.0941594	0.9899341	1.2811856	1.3584673	1.1579013	1.0013483	0.9139449	0.4894031
T	1.6422279	3.2506509	0.8467554	1.3342145	0.8971843	1.2922913	1.2844451	1.0658304	1.4550351	1.1209871	1.3534228	0.5253655
V	0.7560233	2.3509892	1.0111434	0.4651029	1.3920784	1.2763045	0.8938904	1.3176004	0.7542267	1.5803409	1.0575298	0.3223366
W	0.7694917	0.3330478	1.4473670	1.1782840	0.7889103	0.7829258	0.3162811	0.3102860	1.2222139	1.2044643	0.8149730	0.3059425
Y	1.0503915	1.0603172	4.0294299	0.8498495	1.5210082	1.0610782	0.8892289	0.8841999	0.7789107	0.7596398	1.5372018	0.8783332
