##############
# A3601 PWM for 12-mers
#
# Copyright (2021) David Gfeller
##############
1.00000	228
A	1.1987403	0.6734313	0.9569958	1.0660783	1.0539128	0.5939852	0.8275681	0.7631451	0.9775252	1.0412453	0.8410882	0.2554506
C	0.6837698	0.5051624	0.4934606	0.6395213	0.6669187	0.6258609	0.6406858	0.6403139	0.6782027	0.6494701	0.2622325	0.1840537
D	0.2852933	0.3105731	5.9967283	1.0978802	1.0447630	2.0869493	0.8365734	1.4873654	0.5717797	1.8794308	0.4727925	0.1690743
E	0.3771247	0.3457342	3.4442275	1.4131745	1.6687813	1.5167460	1.0617933	1.6749559	0.6957476	1.6077779	1.0675995	0.2202950
F	0.3278293	0.4020506	0.4643185	1.1908474	1.2555532	0.8296055	0.6899591	0.6517118	1.6581396	0.4495025	1.0237117	1.5145264
G	0.9516169	0.3439247	0.4268346	0.8261603	0.6877024	1.4695522	1.3212445	1.1277333	1.1861793	1.4131908	0.3382059	0.1664875
H	1.4431869	0.2591812	0.5934599	0.8962684	1.0073779	1.1266285	0.8760050	1.3367720	0.4125744	1.0140732	0.9055610	0.8061131
I	0.9906160	1.2005704	0.4018282	0.8059827	1.0695921	0.6251117	0.9346647	0.9371670	1.9700485	0.5559739	0.8185852	0.3934134
K	3.3704256	0.3346399	0.4092604	1.2855770	0.4342658	1.1378966	1.4544390	0.9103785	0.7267539	0.3734162	1.3067652	0.4751280
L	0.5850692	1.1540654	0.3850926	0.8686262	1.0362653	0.8004634	0.9259603	1.5075380	0.9980419	0.7047496	2.1426379	0.3414779
M	0.7120156	1.3607263	0.9545217	0.7279560	0.5444126	0.5829154	0.9426890	1.3323767	0.8001253	1.1236166	1.0854934	0.3731255
N	0.3792004	0.4144255	0.8030234	1.2407540	1.0372876	1.1618110	0.7015683	0.6425892	0.7344766	1.3123865	0.6750410	0.2407501
P	0.2007420	0.2216125	0.2725551	1.2108446	0.7717745	0.6405054	1.6472630	0.5695559	0.4403652	0.2697340	0.1852961	0.1431629
Q	0.8071439	0.5987414	1.0254447	1.4876743	0.8453224	0.8676329	0.8495149	1.0020266	0.7933428	1.0046962	1.2167679	0.2713946
R	3.8690124	0.2885009	0.3144602	0.5652127	0.3966346	0.4945044	0.8208754	0.6952020	0.4963876	0.4121358	1.2730244	0.2529905
S	0.5661239	3.3976089	0.5988530	0.9091995	1.2868211	1.1598893	1.3410538	0.8411171	1.1484123	2.2177449	1.1731035	0.2310316
T	0.4546011	4.6612824	0.3412444	0.8865122	1.1226421	1.1945964	0.7363766	0.8186142	1.5847604	1.1400015	1.0000170	0.2521524
V	0.9322560	1.2114806	0.4370211	0.9483606	1.3813713	0.7444427	0.8677407	0.7760521	1.1727811	0.5439913	0.7758814	0.3340692
W	0.2163709	0.2221146	0.4746184	0.2498526	0.8111031	0.5178830	0.5094884	0.5203110	0.5634047	1.5669360	0.8373064	1.0330296
Y	0.3123578	0.3034963	0.6658645	1.0433937	1.3767211	1.3115784	1.2031083	1.1262287	1.6859894	0.9046651	1.7807540	22.4711420
