##############
# A6601 PWM for 12-mers
#
# Copyright (2021) David Gfeller
##############
1.00000	80
A	0.5226515	1.2219225	1.1989733	0.7441490	1.0118883	0.6700248	0.8812991	1.1619217	1.2779228	1.3404716	1.1236821	0.4304173
C	0.6630677	0.6802967	0.6969709	0.6741540	0.7409895	0.6977869	0.6859300	0.7323113	0.7301983	0.7575174	0.4106676	0.2457028
D	2.3976395	0.5407692	0.3177064	2.2072842	0.7209969	2.2239151	1.1457775	0.8428783	0.6178884	0.6206864	0.5030289	0.4136038
E	3.5919976	0.4159863	0.3518407	1.3124945	0.6509398	1.3403237	1.0343447	0.6893216	0.9373370	0.5796947	0.8552271	0.5981802
F	1.3055755	0.4986210	1.8874683	0.7257565	0.9537679	0.4068841	0.5844427	1.0354139	1.5796848	0.4084509	1.0946973	0.6454028
G	0.6042812	0.4210816	0.5612200	1.9475706	1.5229858	0.9767763	1.6017030	2.0721770	1.8601047	2.0953540	1.1136771	0.3314882
H	1.6126872	0.3456109	1.1863467	0.7411309	0.9384572	0.9715260	0.9906985	0.6766289	0.7067740	1.4242141	0.7720783	0.6091390
I	0.3771139	1.5246364	2.2455613	0.4543293	1.0543316	1.1329722	1.2103795	0.7826471	0.8963493	0.9184518	0.7203028	0.3243690
K	0.6692953	0.4582591	0.8539065	0.7253242	0.6061682	0.8679550	1.1788807	1.0834104	0.9873098	0.8515412	1.0087137	1.5978668
L	0.4193540	0.8066866	0.8794878	0.5039601	0.5578389	0.5762674	0.5227437	0.5408756	0.6825950	0.5395821	1.2274937	0.4485248
M	0.4595224	0.7448752	1.9902223	0.8621671	0.7609716	0.7374584	0.5498985	0.9469843	0.9720574	1.1476431	1.0785414	0.6976950
N	0.8533064	0.6714360	0.5181360	1.2370977	0.8429139	1.1161300	0.8953129	0.5753184	0.8394502	1.0447273	1.4163234	0.6241760
P	0.3150541	0.3173634	0.5525535	1.3461905	1.8030346	0.7624197	0.8966798	1.5082798	0.9031213	0.3168706	0.7682280	0.4187798
Q	1.1717706	0.5681130	0.4057566	0.9487316	0.8750607	0.8591858	1.6356568	1.1709918	0.9189135	0.7996216	0.8102056	0.8635001
R	0.6373825	0.3947194	0.5119106	0.4597014	0.6511298	0.9425082	1.3262006	0.7145183	0.7051926	1.1508944	0.7344187	8.8170636
S	0.9724373	1.5984662	0.5244478	1.2158838	1.5797016	1.5296079	1.1056049	1.2776601	1.2195709	1.7884052	1.2423963	0.4921085
T	1.1244176	3.1488583	0.5463347	1.1682931	1.1269306	1.4261564	0.8706259	0.8953516	1.1842763	1.3510875	1.4346998	0.4754586
V	0.4044315	2.9634950	2.3239000	0.6705393	1.2232961	0.8129506	0.8902875	1.2506886	0.7397091	1.0519700	0.7642652	0.3612432
W	0.4602273	0.3228904	1.1605745	0.9695267	1.6346849	1.5803492	0.3477836	0.3335140	1.0275392	0.3249778	1.0997179	0.3497474
Y	2.0120568	0.4580062	2.3703506	0.8597042	0.9478578	0.4520764	0.8691219	0.4946214	0.7958679	0.4561827	1.6304147	0.4681373
