##############
# A6801 PWM for 12-mers
#
# Copyright (2021) David Gfeller
##############
1.00000	843
A	0.4657327	1.9657433	2.2476495	0.7856429	1.1628577	1.1065164	1.2076470	1.3522585	1.4706321	1.2449244	1.1194626	0.1625716
C	0.8492761	0.4733723	1.0298095	0.9152578	0.9333126	0.9298394	0.9304590	0.9337461	0.9327749	0.9416618	0.5793497	0.0971174
D	2.6672811	0.2808731	0.1529944	2.9078010	0.8521547	1.7447185	1.0764732	0.8319005	0.6270806	0.1957814	0.3261422	0.1779289
E	5.3617388	0.1722229	0.3128434	1.5633633	1.2413074	1.4157421	0.9987408	0.8737617	0.9232727	0.5262781	0.8550714	0.2054902
F	0.9691812	0.2365326	2.8177313	0.2885818	0.4393482	0.4116577	0.5162241	0.5576817	0.9421666	0.8084574	0.6769624	0.2106974
G	0.1858501	0.2489167	0.3857711	2.0223885	1.6231268	1.3292248	1.5883071	1.7479660	1.4242947	0.7567688	1.2144809	0.1547452
H	1.4512044	0.1301474	0.5699409	0.6309241	0.5817318	0.9679315	0.5431116	0.9678094	0.5033865	1.0331300	0.7920447	0.1616192
I	0.3008695	1.0918965	2.4825380	0.1574663	1.1020250	0.6749811	0.9877020	0.7744736	0.9807153	1.8590244	0.4340946	0.1051347
K	0.1924348	0.1191971	0.4718893	0.5560121	0.5071503	0.7563173	0.7529658	1.1342013	1.0107116	0.6440407	1.4951400	3.2073548
L	0.2633935	0.5084039	0.4364323	0.2624065	0.6853795	0.8149257	0.8683148	0.5512446	0.8438835	0.9062732	1.2844849	0.2394899
M	0.5423800	0.2847820	0.8961167	0.4090525	0.4064473	0.3206629	0.5363268	0.4833585	0.7057424	1.1036125	0.6358325	0.2585607
N	1.0282933	0.4133815	0.2714285	0.9825315	0.8542549	0.8688464	0.8525166	0.8141829	0.7728929	1.0901464	0.6943811	0.1959488
P	0.1077785	0.2475186	0.8791339	1.4811541	1.6447609	0.8542170	1.1135211	1.2827112	1.0107843	0.3406154	0.5523611	0.0778583
Q	0.6615426	0.2163139	0.7149944	1.5041593	1.1854446	0.9395902	1.4625185	1.2674857	0.8506420	1.2478821	2.5226080	0.2643749
R	0.1762248	0.1389421	0.1940284	0.7019423	0.4727132	0.4797953	0.6059165	0.5043792	0.7893547	0.6183959	1.4939089	11.8914979
S	1.1909965	1.3810138	0.8520667	1.7075612	1.6875745	1.8125696	1.2411777	1.7551151	1.1626050	1.1295645	0.9445266	0.1540764
T	2.0278392	4.0831658	0.5282959	1.1893349	1.1597272	1.3853854	1.3212876	1.1240702	1.2822943	1.9089960	1.4441573	0.1698609
V	0.3633274	4.6099994	2.1601953	0.3524228	1.0766872	0.9295769	1.0460002	0.9920321	1.2303852	1.8664375	0.6993031	0.1429273
W	0.3508179	0.0883747	1.1393043	0.1655868	0.2591082	0.2584446	0.5156825	0.1747018	0.1837522	0.7779739	0.1866313	0.1767687
Y	0.7189510	0.2289040	1.7559284	0.2791511	0.5328351	0.4312699	0.5356858	0.4349925	0.8182656	0.5903196	0.8275478	0.2215942
