##############
# A6802 PWM for 12-mers
#
# Copyright (2018) David Gfeller
##############
1.00000	88	2
A	0.6176319	1.3668025	1.8717355	1.3468838	1.0363583	1.3206433	0.7169143	1.8150825	1.2560555	1.2349316	0.9946155	1.4451088
C	1.0486424	0.7984259	1.1834737	1.0736252	1.1090822	1.0920644	1.1044724	1.1709302	1.1058169	1.1372019	0.9790613	0.6116926
D	1.7052961	0.3925971	0.3361513	2.0903527	0.5826971	1.5010388	1.3956605	1.0634876	1.1588051	0.7149491	0.9821931	0.2708760
E	3.6312108	0.3947174	0.3356343	0.9843051	0.7140802	1.6298565	0.7205291	0.6373869	0.5685686	1.1279110	1.1291305	0.3056278
F	1.4149785	0.6119583	2.4542585	0.3314367	0.5250283	0.5340384	1.0627013	0.6708879	0.7212121	0.9367389	1.0540838	1.0796324
G	0.4268584	0.4556330	0.6763680	2.2366045	1.1411647	1.3881410	1.4453618	1.8943937	2.0687461	1.0111324	0.7968879	0.4751769
H	1.3131144	0.5041252	0.5746896	0.8298071	1.8607643	0.6155443	1.1954676	0.3648734	1.2068665	1.8258568	1.2699088	0.2758383
I	0.5367528	1.2881401	1.9825570	0.5002730	0.8180308	0.8511046	1.1898118	0.7698300	0.6930877	1.4045235	0.5143119	1.6132481
K	0.6258421	0.4557169	0.4820442	0.6488186	0.7503513	1.1002710	0.8248595	0.7595264	0.9499890	0.6696867	1.4811393	0.6533764
L	0.6959596	0.7936400	0.8122208	0.4600028	1.1322739	0.7991676	1.4948157	0.8232041	1.0879597	0.8901452	1.4001901	2.5258781
M	1.3433707	0.7659800	1.7350753	0.4567789	1.0503754	0.5805078	1.1350374	0.6067586	0.8127787	1.2789355	0.8833731	1.2544283
N	1.2658813	0.5020004	0.5206241	1.4230522	1.0635349	0.9627360	1.0594768	1.0714879	0.8249799	0.9038762	1.0854844	0.3113974
P	0.2522236	0.2602039	0.5731654	1.6497380	1.0522398	0.9506662	0.5725191	0.8407490	1.1731589	0.4713271	0.4778100	0.2035951
Q	0.7245418	0.6613575	0.3634930	0.9973213	0.7576868	0.6957593	0.8251901	0.8232455	0.9602362	0.8617394	1.0735700	0.3543895
R	0.5290962	0.4170156	0.3698082	0.6954929	1.3934222	0.9728986	0.5798765	0.4614701	0.7177209	0.4680772	1.3948405	0.7265545
S	0.9909470	1.3474715	0.8768634	1.3425737	1.4274224	1.0739710	1.1400990	1.3057969	1.0733978	0.9058891	1.1245961	0.4483320
T	1.0796006	3.4866336	1.1973237	0.6491979	0.9328762	0.7333703	0.7197392	1.5174862	1.0844186	1.3788621	0.9059267	0.6333658
V	0.7560750	2.6890721	1.3074641	0.5806130	0.8402999	0.9466981	0.9769380	1.1161616	0.6187335	1.2218358	0.6044982	2.5946575
W	0.4731436	0.3966704	0.5986150	0.3458125	0.4684140	0.3809066	0.4348391	0.3774123	0.4194189	0.4687938	0.4742805	0.4586932
Y	0.9690192	0.4795389	1.8634696	0.5715735	1.4649248	0.6154604	0.7267337	0.4323171	0.8598449	1.1408634	1.1263863	0.7371073
