##############
# A7401 PWM for 12-mers
#
# Copyright (2021) David Gfeller
##############
1.00000	127
A	0.7166402	0.5927270	0.8876784	0.6478004	0.8366715	0.8642670	1.5168462	1.3746685	1.4881263	0.7781618	0.9807203	0.3748389
C	0.6647209	0.5750570	0.5720671	0.6431917	0.6749187	0.6794588	0.7140219	0.6817051	0.6961561	0.6964124	0.3500695	0.2071559
D	0.3956398	0.2750919	0.4123458	3.3922751	1.1273455	1.4328100	1.2417300	0.5264355	0.6388973	0.5169439	0.4004815	0.3640681
E	0.5485952	0.3330089	0.3975882	1.4762289	1.0397179	1.4797608	0.6738364	1.0823890	1.4759999	0.3947647	1.2439581	0.5291407
F	0.2765766	0.5659839	3.9158340	0.7539524	0.9133917	0.8807275	0.4637142	0.5410150	0.8256063	1.1409984	1.0259872	0.3773528
G	0.7028179	0.2552774	0.5315398	0.9768218	0.9996439	1.0091552	1.6001764	1.2681797	0.8271209	0.3807630	1.0105353	0.2901036
H	0.4739523	0.2888923	0.5894945	0.6071586	1.4678636	0.5932391	1.0941202	0.8031492	0.7613379	1.2610516	0.6096904	0.5283114
I	0.5002581	2.0757694	1.2300402	0.5522205	1.1530886	1.0045593	0.9792360	0.9031187	0.8773285	1.7947149	0.7064554	0.2574166
K	3.3913590	0.3678663	1.7755277	0.6464412	0.7107953	1.1603237	0.9434773	1.2200401	1.4152170	0.9532415	1.0213702	1.6988591
L	0.3462429	2.3812698	1.0905920	0.3560412	0.9740323	1.0741331	0.7277325	0.7055961	0.7795044	0.8719692	1.8128071	0.3543942
M	0.5935614	1.9731358	1.0791424	0.5406495	1.3309589	0.8582406	0.6566882	0.4912468	0.8151194	1.0756155	1.4610690	0.4130372
N	0.6348831	0.3333891	0.7858242	1.0380159	1.0844111	0.9078892	1.2302309	0.8875225	0.8828276	0.8356083	0.6372454	0.5501711
P	0.2642644	0.2178432	0.3149554	2.0288248	0.6476410	0.5622666	0.8880543	1.0851122	1.3049133	0.5376102	0.4572176	0.2353011
Q	1.0964627	1.6422687	1.3157420	1.4118617	0.8752132	1.0012275	1.4591474	1.7111480	0.7316922	0.8573343	1.1945499	0.7616863
R	5.5375729	0.3390180	1.0362370	0.5733005	1.5393303	0.8468298	0.5071314	1.2866112	1.2893643	2.5304679	0.7671787	10.0793599
S	0.6478381	0.5798977	0.5105818	1.2386569	0.7524530	1.0167922	1.1352096	1.0442102	1.0017777	0.7318733	0.7761026	0.4896706
T	0.5318564	1.8714261	0.4913820	1.2564471	0.9915770	1.2395168	1.2006577	0.9429347	1.1833726	1.2369366	1.4811957	0.4138894
V	0.7808668	2.8148580	0.6793159	0.4986156	1.0142149	0.9405555	1.0554084	0.6649576	0.7470165	1.5958317	0.8710590	0.2967771
W	0.2743235	0.3072791	4.3310576	0.2583024	1.6347974	0.3231322	0.2690797	1.2022037	0.7303940	1.6301483	0.3928808	0.2894126
Y	0.3621825	0.4308422	1.2621369	0.5212643	1.0833623	1.0165524	0.3865949	1.4650300	0.5794375	0.8153520	1.8517666	0.3743349
