##############
# B0702 PWM for 12-mers
#
# Copyright (2021) David Gfeller
##############
1.00000	471
A	2.1369468	0.5811313	1.0156762	1.0945223	1.1195155	1.1136207	0.9661886	0.9475826	1.0080337	0.9069623	1.8358613	0.7353042
C	0.6309464	0.1832272	0.4631705	0.5636844	0.5807610	0.5664921	0.5659139	0.5707092	0.5749175	0.5782659	0.7657763	0.4007100
D	0.2322332	0.2403458	0.6056767	1.0475517	0.5184140	1.0763888	0.9496638	0.6273761	0.6503974	0.7014150	0.3616504	0.1380764
E	0.3316121	0.2857086	0.4222281	1.0283887	0.6261247	0.8354523	0.9875968	0.9229527	0.7662284	1.1560455	0.7565147	0.1481569
F	0.4232270	0.1528693	0.5838052	0.5001061	0.3952871	0.7428637	0.3405541	0.7563149	0.9370814	0.4784057	0.7720928	1.8678615
G	0.6337281	0.2832512	0.3675179	2.2487802	1.1516477	1.2552094	1.8746488	1.7009499	1.0265746	0.8800555	0.7216152	0.1637416
H	0.7122940	0.2122425	0.6772813	0.7000275	0.8809013	0.7698481	0.3878203	0.6993030	1.0848875	0.9641112	0.5631062	0.2014641
I	0.5539359	0.2024517	0.5904457	0.5072772	0.8752917	0.4874860	0.5255195	0.7507492	0.8527645	0.7358754	0.7550133	0.9686284
K	1.3587160	0.2049118	0.9806380	0.6831954	0.6259475	0.9522321	0.9947910	0.8984202	0.7251201	0.5144749	0.4119385	0.3593293
L	0.4729013	0.2962112	0.3781835	0.6935325	1.1393469	0.6697474	0.6909063	0.7868736	0.9789961	1.0340118	0.9756182	5.6242036
M	0.7045844	0.1599498	1.1533527	0.3492951	0.5990291	0.5610287	0.8266022	0.5716044	0.6591389	0.5990245	0.7392108	1.9125616
N	0.5236889	0.2459864	0.6727085	1.0864080	0.9915060	0.9045619	0.8591984	0.9671535	0.8128862	1.0502371	0.6941520	0.1610689
P	0.2762327	13.7096076	0.8759619	2.4186607	2.4265586	1.6689755	1.8758356	1.9433290	1.4989404	1.5068899	0.8890931	0.4706974
Q	0.7892765	0.3322678	0.7455662	0.6707970	1.1559971	1.0991406	1.1363955	0.9613830	0.9656760	1.7608926	0.7896391	0.3905115
R	2.7237045	0.2072758	6.9773504	0.7953953	0.7077242	1.6051896	1.2092410	0.7770418	1.3856245	0.8752900	0.6126032	0.2375502
S	2.9288629	0.3610606	1.1142495	1.3263114	1.5684592	1.6516062	1.3285623	1.6458880	1.8153946	1.8260321	2.5808840	0.2212133
T	0.9877888	0.3691448	0.3827217	0.9069765	1.0459979	1.3143716	1.1260158	1.1927230	1.1374046	1.1477265	1.7488238	0.3560425
V	0.8687453	0.6544718	0.3722223	0.6682620	1.2276619	0.6531270	0.8726443	0.8142867	0.8797443	1.2714454	1.3676623	0.9328077
W	0.5762144	0.0754015	0.2969811	0.4242050	0.5658696	0.5700771	0.4262119	0.8612324	0.7271266	0.2848043	0.2893792	0.1864501
Y	0.5384368	0.1423435	0.8778236	0.6891208	0.3644714	0.4264521	0.6863654	0.5413406	0.6724466	0.4842662	0.4348902	0.6114552
