##############
# B1301 PWM for 12-mers
#
# Copyright (2021) David Gfeller
##############
1.00000	174
A	1.1266244	0.4101140	1.4579131	0.9916186	1.0851739	1.0136510	1.1075275	0.7872907	1.3298599	1.2915094	1.1074610	0.2901676
C	0.6731099	0.4542135	0.6075855	0.6300474	0.6349078	0.6444357	0.6621156	0.6432595	0.6792551	0.6335620	0.2980292	0.3049576
D	0.3220493	0.3002053	0.6339559	2.4692959	1.7582822	2.2562584	1.0283103	1.5153300	0.7859861	2.0529804	0.4976085	0.1626688
E	0.5378567	0.5887344	0.8004198	1.5258434	3.9978134	1.8720929	1.1316009	2.2942405	0.6146378	2.9698854	0.9667955	0.1790069
F	0.4092731	0.4664660	2.5997341	0.7521003	0.4024024	0.4729014	0.5150455	0.8343205	0.8024748	0.7423587	1.4783369	3.5627908
G	0.6910789	0.2293209	0.2707514	1.2470346	0.7734130	1.2133162	1.0725141	1.2837973	1.3692010	0.3289682	0.6583226	0.1807677
H	1.5183195	0.3715321	1.8692634	1.2216145	0.4070764	0.8133824	0.7806411	0.3715504	1.3345977	1.3823754	0.7863596	0.2538037
I	0.6618416	1.5118216	2.4022101	0.4498507	0.7044036	0.5219100	0.8847793	0.9402745	0.8910407	0.5941966	0.6702302	2.2070832
K	1.9203914	0.4704345	0.4274854	1.0609510	0.4881012	1.1409822	1.5363692	1.1678417	0.9932413	0.6728154	1.7202619	0.2114265
L	0.5042570	3.0781263	1.0040888	0.6526099	0.8328567	0.6643794	0.7203620	0.7434088	0.8575730	0.4603450	1.4310116	3.3919425
M	0.4094474	1.8197904	1.3683382	0.3838866	0.6689943	0.3852084	0.5626281	0.6810343	0.9854763	0.5240594	1.0687040	1.8603090
N	0.4430528	0.3393224	0.3171083	1.1588464	1.0344699	1.4157216	1.0806853	1.0342474	1.1676888	1.1382010	0.5805938	0.1897557
P	0.2186734	0.1913855	0.5929631	0.8631437	0.9556252	0.7203684	1.5836017	0.7054979	0.5437075	0.4757204	0.2247195	0.1288582
Q	0.8824742	6.2498406	0.7375030	1.6103984	0.9644046	1.1541397	1.1819317	1.0588451	1.4862437	2.0100361	1.3044469	0.2096486
R	6.0314766	0.4330891	0.2861670	0.7901798	0.5694688	0.9345336	0.8045288	0.7880625	1.1682643	0.7978230	1.7132627	0.2188772
S	0.5507550	0.3279170	0.5987666	1.0332048	0.8884409	1.1061610	1.1140769	1.1250389	0.9941264	0.8974342	1.0813274	0.2079721
T	0.4467533	0.4516143	0.5233517	0.8478176	0.6646519	0.9334011	0.6215130	1.1682938	1.3665658	0.7337220	1.3227124	0.3175248
V	0.6526656	0.9146404	1.5388807	0.5393178	0.6372811	0.6561875	1.1570856	0.7092739	0.8942763	0.9083678	0.8153196	0.7132891
W	0.2837152	0.2837376	1.0506340	0.2598619	0.2479828	0.2410489	0.9254301	0.2473509	0.6099812	0.5885337	0.2928864	11.4925316
Y	1.0817980	0.5089160	1.9155945	0.8361396	0.6763858	0.5679152	0.8336277	0.3466540	0.7539103	0.6213928	0.5639045	0.9050579
