##############
# B1503 PWM for 12-mers
# Model trained on 11-mer peptides adding one non-specific position after P8.
# Copyright (2016) David Gfeller
##############
1.00000	71	0
A	1.4267761	1.1999565	0.9386843	1.1581993	1.2028369	1.4476483	1.2407976	1.1833134	1.0000000	1.1379082	1.0352051	0.4166156
C	0.6715376	0.4661582	0.7409297	0.9426679	0.9290101	0.9817121	0.9504869	0.9557672	1.0000000	1.0020211	0.8615989	0.4059589
D	0.4719442	0.5613823	0.6620983	1.4180367	1.1480642	1.1382104	1.4403849	0.8292369	1.0000000	0.9112002	0.5502491	0.2808999
E	0.5346555	0.8152180	0.4354197	1.0734633	1.1565872	1.1781620	1.4606229	0.9981438	1.0000000	0.9304615	0.9189383	0.3230774
F	0.6414131	0.3153357	2.9534756	0.5656078	0.5186703	0.8709493	0.7453888	0.7269448	1.0000000	1.3587676	1.3391059	5.1051920
G	2.4540369	0.6806411	0.4165901	1.7626970	1.4787619	1.3861072	1.7558662	3.1053476	1.0000000	0.8882325	1.2087897	0.3121017
H	0.9890240	1.0095429	0.6037802	0.7004458	0.9347288	1.1696392	1.1814911	0.9170208	1.0000000	0.4503720	0.7183930	0.8570858
I	0.3939008	0.3604595	1.1157660	0.4255393	0.4565358	0.4164458	0.6725145	0.5282870	1.0000000	1.1104084	0.9985282	0.5882783
K	1.6831942	5.4256235	0.6188354	1.2888077	0.9237713	1.1427199	1.2900107	0.7841693	1.0000000	0.8854491	0.9282385	0.5769184
L	0.4110519	0.4812656	0.9893035	0.6578588	0.5093199	0.4059292	0.4348651	0.5683037	1.0000000	0.7975665	0.6745701	0.8741627
M	0.7465626	1.2382010	0.7570642	0.5345594	0.4971294	0.5279354	0.7481144	0.9786831	1.0000000	0.9264626	0.8756561	0.9469122
N	0.6361200	0.6804194	0.9150625	1.2440876	1.3603107	0.8282524	0.9621533	1.0686272	1.0000000	0.7166524	1.0854676	0.5164311
P	0.2717703	0.3180150	0.2143429	1.8101067	2.7835800	0.8472351	0.9774394	1.0985421	1.0000000	0.5388067	0.2746349	0.1769061
Q	0.7792339	2.1452972	1.0026729	0.9939902	1.1266898	1.0294854	0.7553569	1.0920623	1.0000000	1.5035179	1.1280748	0.3737435
R	2.9143573	1.3942211	1.1272882	0.5895504	0.8114784	0.9908978	0.5901991	0.7762067	1.0000000	0.8079309	1.0943954	0.5423190
S	1.2896040	0.7788298	0.8582635	1.2844408	0.8647647	1.7049790	1.2185156	1.1039268	1.0000000	1.1746287	1.9340591	0.3816075
T	0.7889824	0.5676126	0.6266026	0.8030604	1.0878195	1.4860855	1.1161433	0.8804454	1.0000000	1.4531791	1.7302657	0.3984815
V	0.6329226	0.3936361	0.9142934	0.6364954	0.4898882	0.6607839	0.6903025	0.7334988	1.0000000	1.1392700	0.7348746	0.5843679
W	0.5293504	0.4006494	2.6302654	0.4114767	0.3754353	2.1071294	0.4445063	0.4299492	1.0000000	1.3676281	0.5310644	1.5892502
Y	1.6182078	0.4811470	4.7039646	0.8909641	0.6704257	0.5649857	0.9502044	0.7001679	1.0000000	1.2765315	1.2710472	10.4922844
