##############
# B1502 PWM for 12-mers
# Model trained on 11-mer peptides adding one non-specific position after P8.
# Copyright (2016) David Gfeller
##############
1.00000	121	0
A	0.6555663	0.8502764	1.6171018	0.8067293	1.1410583	0.7912939	1.0000000	1.0000000	1.0000000	1.2650430	2.0065653	0.3611189
C	0.6252449	0.5602861	0.7454174	0.8924808	0.9415028	0.9615835	1.0000000	1.0000000	1.0000000	1.0119610	0.8634906	0.3544630
D	1.4168490	0.3013561	0.4369329	1.6901350	1.0791816	0.7121592	1.0000000	1.0000000	1.0000000	0.4546164	0.4942337	0.2277662
E	1.6336244	0.5185986	0.3657585	1.5168088	0.5914089	0.6301072	1.0000000	1.0000000	1.0000000	0.7033072	1.3957508	0.2689672
F	1.9074141	0.6237831	1.2711455	0.4114389	0.8927838	0.5623919	1.0000000	1.0000000	1.0000000	0.4755995	0.4415894	4.1274615
G	0.4434807	0.3056198	0.7539400	1.7052834	1.3996473	2.7077301	1.0000000	1.0000000	1.0000000	0.7250822	0.7663742	0.2585399
H	1.9431878	0.2857541	0.7366248	0.6781036	1.3261832	1.1484828	1.0000000	1.0000000	1.0000000	1.4826419	0.6977330	0.7558869
I	0.6227417	1.5135422	1.4739710	0.6199956	0.6381748	0.7956801	1.0000000	1.0000000	1.0000000	0.8762253	0.6282431	0.4856003
K	0.5870464	0.4166949	0.8884036	0.7852800	0.6857803	0.8256306	1.0000000	1.0000000	1.0000000	0.6213835	0.7582631	0.3121102
L	0.4652761	2.4595133	0.9666797	0.5400763	0.6115590	0.6825074	1.0000000	1.0000000	1.0000000	0.6879974	0.4012780	0.8018421
M	1.1664077	1.0541378	1.1208949	0.6011624	0.4807215	0.6751732	1.0000000	1.0000000	1.0000000	0.8852508	0.5057091	1.7619433
N	1.8649572	0.3213273	0.9212696	0.7065325	0.9192232	0.7453943	1.0000000	1.0000000	1.0000000	1.2442798	0.5323762	0.2988608
P	0.2290843	1.4689197	0.9337187	3.2880008	2.6608887	1.1282727	1.0000000	1.0000000	1.0000000	1.3216917	0.9859200	0.7952101
Q	1.0448096	2.2071814	0.6093712	0.9817006	1.2344738	1.0423557	1.0000000	1.0000000	1.0000000	0.8555949	1.5342815	0.3157024
R	0.4719493	0.3907799	1.2340323	0.6947332	0.5151073	0.6161858	1.0000000	1.0000000	1.0000000	0.5266035	0.5729688	0.3228534
S	1.9728101	0.4058589	0.7636701	0.5748988	1.3272572	1.7932846	1.0000000	1.0000000	1.0000000	2.1644955	2.2326745	0.3239442
T	1.7061872	0.7060658	0.8560505	0.5966319	1.0342868	1.4436837	1.0000000	1.0000000	1.0000000	1.8903696	1.9075633	0.3393655
V	0.5188524	2.1427784	0.9073322	0.8487849	0.7778836	0.9686583	1.0000000	1.0000000	1.0000000	1.2992525	1.1089793	0.4355539
W	0.4807563	0.3588621	1.0848903	0.2970730	0.8795201	0.3389104	1.0000000	1.0000000	1.0000000	0.3339971	0.3430279	1.3607932
Y	1.5452092	0.4354508	2.8356788	0.5042222	0.6082553	0.4043283	1.0000000	1.0000000	1.0000000	0.4345965	0.5553336	13.0459849
