##############
# B1501 PWM for 12-mers
#
# Copyright (2018) David Gfeller
##############
1.00000	375	1
A	1.6782622	0.5556862	1.2346193	1.1429337	1.1743440	1.0291859	1.1204596	1.2695292	1.3308835	1.1196500	1.4899217	0.2230640
C	0.5324670	0.3479512	0.5948495	0.8751879	0.8971373	0.8840207	0.8889446	0.8917403	0.9010676	0.9128333	0.7205035	0.2213220
D	0.2020248	0.2129020	0.2831898	1.7384521	1.0779862	1.7136150	1.5687743	1.1831047	0.6134279	0.8158287	0.4873752	0.1658089
E	0.2638736	0.4481723	0.3645860	1.5487324	0.9160263	1.1289040	1.3716697	1.1555294	0.8604041	1.2318292	1.2407698	0.1803629
F	1.1056620	0.2576063	3.2120060	0.4280931	0.5974756	0.7202511	0.4281623	0.7572928	0.3938933	0.2998494	0.8048681	5.6602103
G	1.8916028	0.2971980	0.4575310	1.8114550	1.3163403	1.4506668	1.7013879	2.3525106	1.9969065	1.7760141	0.8697167	0.1787883
H	0.4271312	0.2221320	1.1386858	0.4263496	0.9688422	0.6269717	0.6193021	0.6999616	0.9061680	1.1684879	1.2557926	0.6265174
I	0.8886208	0.9755217	1.4819586	0.3978820	0.8143356	0.6802456	0.7646973	0.6320474	0.6228596	0.7661806	0.4671065	0.3311612
K	1.5552246	0.3581886	2.7998588	1.0104082	0.6599588	0.9425750	0.9718583	0.9147248	0.8754484	0.4077362	0.8789436	0.2013241
L	0.6194735	2.1897423	0.4725506	0.6504285	0.6566493	0.7648848	0.7426058	0.5439875	0.5739540	0.6266118	0.9030695	0.6568898
M	0.6471857	2.6051361	1.7232060	0.2597138	0.7869020	0.5379119	0.5318454	0.3531096	0.5285992	0.8818795	0.4939210	1.1683873
N	0.3513363	0.2876569	0.7916701	1.0831338	1.1990229	0.9892035	1.1263937	1.3215740	1.1203570	1.1213182	0.6917668	0.1684670
P	0.1205521	0.1130291	0.5040194	1.9329143	1.6428985	1.0062935	1.1509931	0.8027996	1.3352901	0.4448921	0.4834751	0.0823041
Q	0.8551026	7.3749603	0.8447886	1.2911691	1.2618780	1.5191440	0.8020822	1.2395180	1.6164442	1.2269438	1.3875979	0.2189949
R	2.9390681	0.3510120	1.1526462	0.5034453	0.3648741	0.7794461	0.7735811	0.7809522	0.5422805	0.5610382	0.7459718	0.1800786
S	0.9023429	0.6702394	0.4820509	1.1571885	1.3427928	1.1883621	1.3476810	1.4265548	1.5837157	1.8881521	1.4874713	0.1768895
T	0.8843826	0.5636258	0.3173999	0.6269587	1.2111426	1.3791112	1.1367890	1.0700189	1.2925443	1.3755704	1.6589004	0.2208765
V	1.1335206	1.6193688	0.4666285	0.5833226	1.0579647	0.7415654	0.8197651	0.6307454	0.8427900	1.6464598	1.4759709	0.2703526
W	0.4709682	0.2166095	0.3217721	1.0471971	0.4249003	0.4194616	0.4020532	1.0576808	0.6323387	0.4075504	0.2325927	0.7778277
Y	1.6995327	0.3832720	2.6120544	0.8877777	1.1126459	0.7708638	0.4176298	0.5068984	0.9026392	0.3635663	1.2123931	16.4327205
