##############
# B1511 PWM for 12-mers
# Model trained on 11-mer peptides adding one non-specific position after P8.
# Copyright (2016) David Gfeller
##############
1.00000	42	0
A	0.6096893	1.0605943	0.5403335	1.1709011	0.6367881	0.9092003	1.0788552	1.0000000	1.0000000	1.0550767	1.5795341	0.4731766
C	0.6544765	0.5881287	0.7059283	0.9478562	0.8952380	0.9568820	0.9928890	1.0000000	1.0000000	1.0100763	0.9486727	0.4261783
D	1.5999647	1.1481896	0.6634676	1.8709048	1.4332610	1.0375994	1.4181609	1.0000000	1.0000000	0.9927836	0.6619151	0.3098202
E	0.8321072	0.5469414	0.4867161	1.0733190	1.1309172	0.7845999	0.8589487	1.0000000	1.0000000	0.8248775	1.0583425	0.3862593
F	2.0536122	0.6737532	3.2513186	0.8973078	1.8592199	0.3712859	0.9146718	1.0000000	1.0000000	0.5807728	0.4820978	3.6564502
G	0.5010590	1.6146456	0.6515524	1.4306786	2.1823831	2.4964848	1.4144745	1.0000000	1.0000000	0.5439300	1.3176123	0.3444406
H	3.5347227	0.4170772	1.0490855	0.4704945	0.9068553	0.8608218	0.5410969	1.0000000	1.0000000	1.2613200	0.5176522	1.1320963
I	0.6519318	0.5581605	0.8659905	0.6956910	0.8594143	0.5003383	1.0414690	1.0000000	1.0000000	0.8435425	0.5312684	0.5796339
K	0.6291809	0.5787269	1.1871905	1.0723635	0.7413640	0.7917464	1.0307246	1.0000000	1.0000000	0.8741663	1.1516469	0.7259179
L	0.8948722	0.9093451	0.8177042	0.4720475	0.6491711	0.5064447	0.8723088	1.0000000	1.0000000	0.9923170	0.7033230	0.7625051
M	1.3413844	1.2310017	1.3544362	0.5651745	0.6458359	0.5674889	0.7224686	1.0000000	1.0000000	0.8124734	0.9725147	0.7420790
N	0.7584700	0.8029458	1.2062425	0.9260912	1.0959434	0.9993253	1.1201886	1.0000000	1.0000000	1.1110797	0.9808119	0.4228750
P	0.2636437	4.0413509	0.2307260	2.0452755	0.9101753	1.3981763	0.7287369	1.0000000	1.0000000	0.7315174	0.3481825	0.2104516
Q	1.5776871	0.8736514	0.5627849	0.8054019	0.9533153	1.4015921	0.5915831	1.0000000	1.0000000	1.9685684	1.0787382	0.4589717
R	0.6141737	0.4798770	1.5823318	0.7871680	0.7280250	1.5751664	0.7775794	1.0000000	1.0000000	1.0521227	0.8847548	0.4984714
S	1.2071993	0.9010785	0.6519999	1.0798295	0.7282969	1.5040007	1.4048412	1.0000000	1.0000000	1.0878968	2.1088376	0.4362759
T	0.7439167	0.6130285	0.5381901	0.7860147	0.5508094	1.4201939	0.8309408	1.0000000	1.0000000	1.2775027	2.0003780	0.4411608
V	0.5233923	0.7095197	0.7943306	0.7106090	0.7345993	0.4636520	0.8470812	1.0000000	1.0000000	1.2365793	0.6859790	0.5366130
W	2.1413031	0.3810894	2.3692690	1.7426182	1.9782261	0.4199105	0.6150796	1.0000000	1.0000000	0.5353412	0.4954956	2.0049014
Y	2.6825655	0.4815737	4.0353564	0.5580374	1.7464558	0.4656972	1.8613534	1.0000000	1.0000000	1.2405634	0.8310660	11.9942055
