##############
# B2705 PWM for 12-mers
#
# Copyright (2018) David Gfeller
##############
1.00000	1274	2
A	2.2339351	0.1070587	0.8730824	0.8963582	1.0917075	0.9373578	0.9870795	1.1936229	1.0136930	0.8047857	0.8776125	0.2586510
C	0.0853958	0.0534874	0.1447256	0.4429885	0.4495337	0.4472821	0.4474896	0.4490886	0.4514241	0.4553672	0.4618084	0.0762751
D	0.0908221	0.0819595	0.3745009	2.1517027	1.3741591	1.4654016	1.5198510	1.0186503	0.7649866	0.3871086	0.4103895	0.1090686
E	0.2283087	0.1170482	0.4306169	1.5588515	1.3426564	1.8628814	1.6000626	1.2173944	1.0293057	0.5465141	0.4129376	0.1430398
F	0.2206931	0.0550193	3.4613712	0.7338452	0.9397957	0.4252016	0.6396747	0.6757366	1.1586970	1.0679243	0.4613658	3.9821296
G	2.6501762	0.1203256	0.2972603	1.7334687	1.4123562	1.2389008	1.5691801	1.8825967	1.6091538	0.8442263	1.3091788	0.1152446
H	0.8168892	0.1076585	0.7132995	0.8593599	0.5633520	0.5435406	0.7118465	0.6142334	0.5865138	0.5369271	0.7863978	1.0458617
I	0.3993021	0.0576155	1.5451068	0.3150311	0.7172426	0.6867892	0.5145439	0.7002286	0.9488982	1.3739476	0.3419631	0.4076537
K	2.1114821	0.3103869	0.8411809	0.9234170	0.7017070	1.2693782	1.2533709	1.3940927	1.2588736	1.3088298	2.1723260	3.0432362
L	0.2867880	0.0676140	1.8351673	0.7282259	1.0680534	0.7457666	0.8208540	0.8532953	1.0818145	1.0600202	1.0836675	1.8321202
M	0.4391832	0.1248597	1.9206254	0.5330146	0.7347730	0.5119458	0.5730524	0.5152031	0.5880995	1.3946934	0.4290505	1.8766907
N	0.2507877	0.1237174	0.8426011	1.1281285	0.9311172	0.8577676	1.0715319	1.0163883	0.7953202	0.8396170	1.0688336	0.1530033
P	0.0874678	0.0436539	0.0387792	1.1560708	1.4525227	0.9900284	1.1216200	0.8816509	0.9161005	0.4862571	0.4421101	0.0999916
Q	0.5148867	0.4714469	0.7439305	1.3355975	1.4333271	1.2502538	1.0870544	1.2423881	1.2369727	1.2708136	1.6415307	0.3538091
R	4.6154421	17.5399396	0.7354347	0.7477679	0.5728888	0.8500029	0.5821051	0.8058775	0.7736085	1.3760209	2.3328887	2.6702514
S	1.8488187	0.1733029	0.5343404	1.6198157	1.0218848	1.5266835	1.3755640	1.1996099	0.9969929	1.0756904	1.4228657	0.1559599
T	0.3334332	0.1295698	0.3591463	0.7600853	0.8890401	1.0892370	0.8269557	0.9163770	1.0850300	1.5064858	1.4551244	0.1921381
V	0.2496836	0.0570561	1.0667928	0.3777772	0.8598719	0.7982028	0.8518607	0.8096520	0.9963332	1.3445290	0.7226283	0.4027662
W	0.2250078	0.0775543	3.3537648	0.8631637	0.7944124	0.5064974	0.8640264	0.2974538	0.6574448	1.3723363	0.5821788	0.3611127
Y	0.6901878	0.1049689	2.1411290	0.6691643	0.5781047	0.6887778	0.5976456	0.8848688	0.7754528	0.8038476	0.7183641	4.1536113
