##############
# B2709 PWM for 12-mers
#
# Copyright (2018) David Gfeller
##############
1.00000	146	2
A	1.2188117	0.3658572	0.4244915	1.0954980	1.1923746	0.8727787	1.0647321	1.2046058	1.2960056	1.1441456	1.1329955	0.5793791
C	0.3533504	0.2241727	0.4102415	0.6309311	0.6630939	0.6339806	0.6397954	0.6426443	0.6806165	0.6833483	0.6872372	0.4060205
D	0.3846252	0.3472138	0.3259619	2.3453510	1.1957896	1.5949151	0.9220611	1.7517940	1.2027594	0.8244450	0.7406967	0.2098449
E	0.5610864	0.4997954	0.2497345	0.8430108	0.7091621	1.1421643	1.1069861	1.1866257	0.6268775	0.5316196	0.5576436	0.2337784
F	0.7444073	0.2314825	3.9905547	0.7922423	0.8862634	0.6147013	0.5278126	0.6367651	0.6895173	1.9270180	0.7692176	4.6436791
G	2.4816520	0.3087483	0.4205815	1.8104030	1.2256080	0.8518403	2.0787892	1.8577893	1.4613646	0.8082451	1.8143141	0.2485669
H	0.8110327	0.4607836	0.5214488	0.7736452	0.3284682	0.4856744	0.7745587	0.3494487	0.5985183	0.3121426	0.4993915	0.4238036
I	0.5928977	0.1983120	1.2892305	0.3435591	0.7790874	0.7411702	0.6052239	0.5567207	1.1322230	1.3653143	0.4951536	1.0123582
K	1.9277092	1.1868339	0.3507667	0.7682312	0.5515213	0.9729276	0.6670044	0.7855993	0.5948972	0.4408233	0.6246458	0.4128468
L	0.5465517	0.2860984	1.6344447	0.7047734	1.1168666	0.8331158	0.5621451	0.8128942	1.4089117	1.2990243	1.2827305	3.2523929
M	1.8216181	0.3989313	3.1548790	1.0356810	0.6901233	0.6405119	0.6030808	0.6216829	1.0425685	1.6950031	0.8688234	2.8696637
N	0.4955531	0.5257139	0.8364440	1.2860164	0.7144443	1.2197210	0.8476142	0.9639689	1.1784555	0.9323621	1.1485882	0.2474150
P	0.2107687	0.1847311	0.2162810	1.3845073	1.7544861	2.0727678	1.5276395	1.0652235	0.9765862	0.4926925	0.2081149	0.4532604
Q	1.1451085	0.8113682	0.4625626	0.8819881	1.1091685	1.2598697	1.3432118	0.8933323	0.7394062	1.0719254	1.9098087	0.4484040
R	2.5594176	12.3182933	0.3012292	0.4888799	0.5360815	0.5154865	0.8123676	0.8106435	0.4513972	0.4323146	1.0893771	0.4622544
S	1.5694622	0.4360535	0.4290611	1.5372634	1.3689139	1.4887738	1.5607349	1.4010410	1.3150127	0.7570260	1.8501109	0.3014651
T	0.5976494	0.3804959	0.3711970	1.0901426	1.0840740	0.7547358	0.8161741	1.0166051	1.0889872	1.5386935	1.4766999	0.5695767
V	0.4138881	0.2391263	1.1394886	0.5296868	0.9625779	1.0162922	1.0370877	0.8575793	0.9286484	1.1775031	0.7560020	0.8026934
W	0.3868800	0.3297260	6.3822631	1.2551149	1.7694782	0.7724793	1.7386153	0.3418666	0.3409782	3.2360644	0.8396739	1.0430227
Y	1.0837419	0.3428103	3.5794121	0.3868840	1.0908884	0.5062949	0.7904352	0.8987962	0.6568157	0.9590607	0.6801811	1.2202811
