##############
# B2704 PWM for 12-mers
#
# Copyright (2018) David Gfeller
##############
1.00000	72	2
A	0.9906228	0.4683942	0.7032345	1.0881146	0.9766386	0.9590697	0.9027284	1.2760866	0.9278535	0.6682123	1.2974972	0.5304529
C	0.4055290	0.2860228	0.4727896	0.7418321	0.7205265	0.7280817	0.6905577	0.6787213	0.7265203	0.7607704	0.7672686	0.4261913
D	0.5185620	0.4448925	0.3041257	1.6108676	0.7910708	1.4264040	0.8492494	1.5396736	0.9430544	0.5223782	1.2048187	0.2889851
E	0.6803415	0.6395631	0.3311221	0.6321984	0.6714149	1.0589802	1.1310757	1.0019425	0.9719592	0.4801971	0.7550297	0.3438567
F	0.5045946	0.2948942	4.0722571	1.0112546	0.9853303	0.5489078	0.5557053	0.4981375	0.9521867	1.6392258	0.5903245	5.0995050
G	2.5647995	0.3947855	0.4874025	1.2085311	1.8523057	1.4886485	2.1215951	3.1301918	2.2518594	0.9384706	1.8938497	0.3261106
H	0.9621637	0.5848616	0.5829191	0.8981662	1.6305056	0.4293958	0.4317775	0.4527636	0.8924365	0.3768960	0.6509656	0.6130071
I	0.4949032	0.2542410	0.9479533	0.6350582	0.7967668	0.6773751	0.8915496	0.4379332	0.9557062	1.3768851	0.7199232	0.7098713
K	2.1573586	1.5929015	0.7120025	0.7230579	0.6439125	1.0939124	1.2982315	1.0685561	0.6535745	0.5872888	1.0050419	0.6197530
L	0.4573522	0.3644199	1.4892091	1.3050721	0.9116479	0.7175837	0.8128001	0.5068215	0.7991715	1.8618448	1.0243742	1.4409253
M	0.7432828	0.5090686	1.7392964	0.9270557	0.8703820	0.5936360	0.8356480	0.7261299	1.0804530	2.6923192	0.6779735	1.9626681
N	0.8290725	0.6707469	0.6655307	0.9426225	1.3479702	1.2749292	1.2007718	0.8467310	0.9090593	0.7523122	0.6548153	0.3639836
P	0.2712426	0.2368520	0.1830807	0.6768825	1.0850890	1.1132222	1.3746925	0.6904738	0.8120619	0.4941752	0.2769243	0.4616688
Q	0.9813771	1.0531481	0.3869388	0.7731653	0.7768596	0.8502252	1.2660152	1.5561212	0.7935880	0.5770816	1.2394968	0.6613577
R	3.3944863	10.0343733	0.8241333	0.4963592	0.7510200	0.6964900	0.7261167	1.2371870	0.7438043	0.9652808	0.9542986	0.8220267
S	1.2737194	0.5563376	0.4136670	1.9497668	1.1710382	1.8362627	1.0820968	1.3850648	1.3469568	1.0303581	1.7442953	0.4030409
T	0.7780134	0.4852298	0.4423366	1.0623136	1.3214925	1.4023286	0.9995598	0.6853902	1.3354738	0.9878292	1.3850394	0.5380612
V	0.3954126	0.3058909	0.7710873	0.6710915	0.8968228	0.9328107	0.7392977	0.4713408	0.9240917	1.1111910	0.9066612	0.7335040
W	0.4168055	0.4187128	4.4324318	2.9811696	0.4741216	0.3806999	0.3886676	0.3904604	0.4517123	2.2134783	0.4139309	1.1481225
Y	0.4627003	0.4377441	5.1232896	0.8130507	1.0203276	0.4376078	0.4379536	0.4117760	0.7467940	0.8922406	0.4683028	5.6677738
