##############
# B2706 PWM for 12-mers
#
# Copyright (2018) David Gfeller
##############
1.00000	57	2
A	1.3217723	0.4949266	0.5132459	1.0816964	1.2805252	0.9248497	1.0220459	1.4631641	1.1058178	1.3662944	1.2260845	0.6789174
C	0.4882561	0.3113872	0.5081473	0.7026768	0.7601142	0.7343246	0.6962125	0.7210595	0.7965429	0.7591715	0.7682884	0.5528004
D	0.5316215	0.4581246	0.3121838	1.5911103	1.0220010	1.3080840	1.4282128	2.1040220	0.8341005	1.1835660	1.0742992	0.2626507
E	0.6908932	0.6508033	0.3586245	1.0498567	0.6239739	1.2111002	1.1930270	1.1915227	0.5892211	0.5947515	1.0727214	0.2794699
F	0.7051263	0.5257573	4.0834683	1.2429375	0.8363209	1.0465858	0.6382144	0.6234865	1.3647094	0.9326166	0.6606903	4.6086358
G	2.7303448	0.4111014	0.5268704	2.0450985	1.7049174	0.8958964	2.6865952	2.3953906	1.5139686	1.3914289	2.0378904	0.3255916
H	1.3746242	0.6077090	0.5809536	0.7643234	0.4151926	0.4984837	0.4869476	0.4641059	0.4352194	0.7691686	0.4762119	0.3413421
I	0.6995278	0.3044714	0.9737480	0.4517042	0.8495352	0.5296694	0.6246846	0.7479962	1.0064062	0.7384907	0.6446981	1.4246115
K	1.3999239	1.5502409	0.5199230	0.9421929	0.5821127	1.1149426	0.6348665	0.7153721	0.5227039	0.6160803	0.7936454	0.4493209
L	0.6258296	0.4080642	1.4003295	0.6337767	0.9942288	0.7108172	0.5051542	0.6890863	1.1063363	0.7686554	0.8385578	2.8732121
M	0.8625592	0.5521131	2.4161944	1.3242018	0.6833821	0.6373683	0.5569045	0.5893671	1.0292079	0.9281463	1.1819452	1.7496432
N	0.6827429	0.6937213	0.3907287	1.0477213	1.1286018	1.2411104	0.6920631	1.0579147	1.1154234	1.0031370	0.6878529	0.3013786
P	0.2864644	0.2458587	0.1891641	1.1231001	1.9626434	0.9716091	1.2923375	0.7914028	0.7721403	0.6145183	0.2915363	0.3496088
Q	1.2654666	0.9427021	0.7097306	0.8989434	0.8137659	1.2686259	1.6847055	1.0455782	0.7924802	1.6416820	1.7181868	0.3118970
R	1.4491204	9.3956246	0.4319377	0.5626104	0.7906620	0.6357256	0.5386686	0.5192411	0.4707664	0.7018544	0.9025500	0.3690172
S	1.5044338	0.5780158	0.7214880	1.3912055	1.2847694	1.8366114	1.3798335	1.1151476	1.4688461	1.3263756	1.4496486	0.3744340
T	0.7461836	0.5125772	0.4963802	0.8611675	1.0033036	1.4365715	0.7368812	0.7259928	1.2795945	1.3773099	1.5130159	0.4807322
V	0.5002626	0.4227904	0.9192706	0.5342904	0.8302297	0.8295589	0.7094248	0.6836287	1.2420973	0.8177214	0.8027227	1.1216671
W	0.5408472	0.4581767	6.2208532	1.5154418	0.4141653	1.4993307	1.4901434	0.4348034	0.5370619	3.5904379	0.4766978	1.8031818
Y	1.3478671	0.4969112	4.3903047	0.8665496	0.5001276	0.8442666	1.0111583	0.7150064	1.1372748	1.1541489	0.7603700	1.1873867
