##############
# B2701 PWM for 12-mers
#
# Copyright (2018) David Gfeller
##############
1.00000	188	2
A	1.4614516	0.3259531	0.9210570	0.8331511	0.8140598	0.7741801	1.2216966	1.0769958	0.9679823	1.0018877	1.0197096	0.4384592
C	0.2838446	0.1998702	0.3813443	0.5851832	0.6136756	0.6014240	0.6181110	0.6090238	0.6283883	0.6493621	0.6207739	0.2666981
D	0.3345415	0.3082103	0.2235442	2.1529032	1.0850067	1.4510566	0.9239187	1.3482713	1.3631723	0.5159467	0.5737936	0.4245930
E	0.4595602	0.4402743	0.2747076	1.0858936	1.0180158	1.5670532	0.9950301	1.4835554	0.8115482	0.5769147	0.9653434	0.3850587
F	0.2778609	0.2074918	5.0836065	1.3017263	1.4196459	0.5278358	0.7866321	0.5588229	1.0833819	1.1226318	0.5509295	3.2147337
G	1.8572749	0.2746007	0.3845041	1.9019538	1.1139215	1.2278844	2.0365923	1.9590211	1.6311086	0.7445475	1.6404483	0.2804788
H	0.7195009	0.4091525	0.4426216	0.9201949	0.6501353	0.3303303	0.5404508	0.5540085	0.6388573	0.6326392	0.9047006	1.0827820
I	0.2832261	0.1774376	1.4572937	0.4557828	0.8951143	0.5250033	0.6364457	0.6373379	1.3873819	2.0396154	0.4417316	0.4688987
K	2.2490274	1.0569637	0.5348126	1.0074879	0.6108024	1.2182974	1.1083589	0.8147161	0.8470791	0.9045658	1.4343884	3.7753890
L	0.4090462	0.2556758	1.5825015	1.0080372	1.3425501	0.6349437	0.8238103	0.8892081	1.0769373	1.1648984	1.1855258	1.1190686
M	0.3703786	0.3552494	1.4171989	0.5587622	0.7768868	0.9318382	0.6951838	0.5709178	0.7666905	1.4835602	0.8739379	1.6848257
N	0.5287469	0.4688716	0.7948828	1.0893426	0.8396606	1.3170741	1.1933746	0.9021959	1.0963384	1.0429162	1.0346877	0.3741897
P	0.1890867	0.1645912	0.1312588	0.5591116	1.3699230	0.8243511	1.0701546	0.6911694	0.5524404	0.5472960	0.5624265	0.2299682
Q	0.5958486	0.6406033	0.2484245	0.9404277	0.9014874	1.1452154	1.0852718	1.1876691	0.7353047	1.0372791	1.7432970	0.6170538
R	5.8226412	13.1398216	0.4759402	0.9179082	1.0737430	1.1586972	0.7229825	1.0474090	0.5461236	0.7547452	1.5100213	2.5912340
S	0.9638173	0.3875718	0.4057919	1.3878288	0.8042909	1.6752388	1.3111610	1.1109894	0.9779971	0.9561910	0.8547461	0.4036667
T	0.5587004	0.3386651	0.4515709	0.6840127	1.0229010	1.2493010	0.9371701	1.1591097	1.2142938	1.2251094	1.2692984	0.3365333
V	0.3546984	0.2138545	1.0028286	0.4375020	1.0197507	0.8613974	0.8836448	0.8846351	1.0607397	1.2349767	0.9259746	0.4235222
W	0.3267907	0.2938825	3.6704867	0.7240082	0.7246499	1.0511686	1.0619982	0.3126712	1.0856093	1.4786029	0.6833589	0.4942962
Y	1.1179662	0.3061147	3.2897864	1.0780563	0.9826237	0.5552613	0.5793260	0.8958440	0.7277066	0.7569612	0.4673031	2.4273758
