##############
# B2702 PWM for 12-mers
#
# Copyright (2018) David Gfeller
##############
1.00000	289	2
A	1.3211946	0.2972973	0.8622002	0.8561946	0.9728112	0.9093931	1.1273212	1.2870200	1.0477767	0.8907339	0.9470741	0.2862654
C	0.2634343	0.1622395	0.3225322	0.5561886	0.5705505	0.5585827	0.5665188	0.5694163	0.5763390	0.5815255	0.6027701	0.2113736
D	0.3385612	0.2472482	0.2912735	2.1173821	1.4622506	1.7288189	1.3231400	2.0241683	1.2151610	0.9834435	0.5922407	0.2418762
E	0.5071827	0.3523869	0.3535755	1.0627433	1.0634130	1.3515405	1.1079831	1.0487146	1.0930480	0.8023846	1.0243931	0.1638976
F	0.5255008	0.1652773	3.2926304	0.5958612	0.6730824	0.8309414	0.8254487	0.5329350	1.2002088	1.3240701	0.9950838	6.8558198
G	2.4915071	0.2652936	0.5663914	1.6798819	1.1819020	1.1897874	2.0656898	1.8230263	1.5351771	0.8108796	1.6864339	0.2197351
H	1.1172338	0.3232174	0.5940305	0.5966946	0.4061514	0.3347303	0.4978679	0.4137203	0.6564049	0.4081819	0.3367171	0.3618834
I	0.7187746	0.1771816	1.3996573	0.3869893	0.9902763	0.6313755	0.7898086	0.8595423	1.0660039	1.4084545	0.4904605	0.5406731
K	1.5126210	0.8632071	0.5479335	0.8053987	0.6360710	0.9196781	0.7609909	0.9623796	0.6639071	0.5329997	0.6073838	0.2658152
L	0.4637534	0.2043122	1.8207553	0.9319605	1.1625595	0.8309259	0.7042922	0.8341776	1.1010659	1.2270517	1.3237902	1.0062310
M	1.0233259	0.2839387	1.4014764	0.9206638	0.5767048	0.7372748	0.7330420	0.7392665	0.6819113	1.5117727	0.8958091	0.7249395
N	0.7033224	0.3720954	0.6780293	1.0512261	1.0017845	1.3010769	0.9040358	1.2655127	0.7726775	0.6865026	0.9648269	0.2412721
P	0.1972145	0.1764696	0.2015341	1.4337625	1.7870526	1.6511877	1.2968408	0.9504036	1.3453649	0.7533576	0.1914112	0.0865320
Q	1.6891768	0.7373985	0.5116898	1.3603821	0.9932966	1.0112046	1.2330944	0.8340248	0.9311289	1.1452052	1.4794424	0.2362085
R	1.9674664	13.9866580	0.2825570	0.3990871	0.7157404	0.4928755	0.6289177	0.6373660	0.5185432	0.6552477	0.6398101	0.3454534
S	1.9427513	0.3867671	0.6406304	1.6887699	1.0660958	1.2946077	1.5236904	1.2405660	1.1431908	0.9326802	1.9786601	0.1966390
T	0.9974119	0.2724511	0.5468057	1.0238379	1.1456521	0.7589231	0.5878147	0.8493999	1.1470785	1.5705923	1.8802516	0.2567215
V	0.5193483	0.1738055	1.1747065	0.4065295	0.7770070	0.9186828	0.8640667	0.7235393	0.7865403	0.8616408	0.7069840	0.2969691
W	0.5194099	0.2324456	5.0055323	0.7745637	0.7733680	1.3047232	1.0405682	0.4981222	0.7861724	3.2255646	1.3537205	11.9819988
Y	0.6978445	0.2431349	3.1081606	0.9283206	0.7714726	0.7783892	0.6946131	0.5882220	0.5586141	1.4274452	1.0599600	8.8081226
