##############
# B2703 PWM for 12-mers
#
# Copyright (2018) David Gfeller
##############
1.00000	73	2
A	0.9238722	0.4632594	0.6942406	1.0851895	0.7617884	1.1573686	1.3201208	0.9788197	1.0480907	0.9654793	0.9766284	0.4369647
C	0.3563530	0.2840647	0.5175842	0.6684502	0.7197774	0.7194309	0.7171541	0.6872586	0.7417040	0.7636307	0.7201123	0.4011528
D	0.5127207	0.4380425	0.2907443	2.4035135	1.4286795	2.0890609	0.8006191	1.3803805	1.6155766	0.6490197	0.7949045	0.3060103
E	0.6657284	0.6257379	0.2859733	1.0405061	0.6624958	0.9776914	1.0731899	1.1101665	1.0994996	0.3921795	0.9230549	0.3754526
F	0.5309860	0.2948968	4.7662248	0.5639966	1.3445450	0.5776326	0.6140491	0.7589782	1.1290863	1.6450447	0.8301954	4.9642813
G	1.1777473	0.3902749	0.3406841	1.4808794	1.2489151	1.0819227	2.1151699	2.2408898	1.0159351	0.6764688	1.6923586	0.3293052
H	1.9650660	0.5815061	0.6313950	0.7208454	0.3942383	0.4398935	0.8941380	0.9120812	0.6278053	0.3766004	0.4680366	0.5949078
I	0.2942893	0.2521823	1.3385613	0.5010549	1.3352143	0.6956205	0.9189878	0.8021190	1.3353026	1.8363307	0.6416781	0.7295777
K	3.6125608	1.5022049	0.4304782	0.8144665	0.5794933	1.1774233	0.9490063	0.8672905	0.6212089	0.7513835	0.9498735	1.1829525
L	0.3537865	0.3633781	2.0602834	0.7959271	1.2537522	0.7326917	0.8145133	0.6510188	1.1250722	1.7627475	1.0243227	1.3979002
M	0.5020408	0.5048966	1.8797627	0.5667265	0.7384969	0.8111009	0.6150701	0.5690286	0.9484730	1.3678939	0.6773606	1.7113383
N	0.6969199	0.6663817	0.7687149	1.8956093	0.9921355	1.4189199	0.8620741	1.0735289	0.7408360	0.8791137	1.0441521	0.3948083
P	0.2823876	0.2339245	0.1680851	0.8149701	1.6113994	0.9610179	1.4961933	1.2188139	0.9422375	0.3546540	0.3934848	0.1863864
Q	0.8256244	0.9104545	0.3169535	1.5296930	0.7133780	0.5696984	0.8049035	0.8159990	0.7791843	0.6873521	1.3900213	0.5794059
R	3.9837355	10.3184335	0.3614666	0.6870655	0.4339098	0.8183936	0.6438689	0.7699628	0.4651568	0.7085947	1.4756410	1.4279175
S	1.0711314	0.5508347	0.3829064	0.9574519	1.0117192	1.6272073	1.1488897	1.1539757	1.3957698	0.7729129	1.2496196	0.4078051
T	0.5430294	0.4813262	0.4520669	1.1969843	1.1912299	0.9561439	0.6786029	0.8821054	1.1308183	0.9692271	1.2190814	0.5323551
V	0.3345083	0.3039398	1.0312004	0.5110253	0.8663136	1.0030828	0.8964817	0.8481647	0.9467041	1.1773490	0.9445394	0.5648203
W	0.4605914	0.4176792	5.8075892	1.2346365	0.4712308	0.3952817	0.4299286	0.4368775	0.4301243	3.0322613	1.3233030	1.9105321
Y	0.9854192	0.4350641	1.8706280	0.6811586	0.9947113	0.6601577	0.9118290	0.9236548	0.5420020	1.1236733	1.1777223	4.9419269
