##############
# B2708 PWM for 12-mers
#
# Copyright (2018) David Gfeller
##############
1.00000	156	2
A	1.6402080	0.3564164	0.6100742	0.9994175	1.0470602	0.9899712	0.7479588	1.1623952	0.9916376	1.0371134	1.5578438	0.8335012
C	0.3549862	0.2182121	0.4012316	0.6207981	0.6583717	0.6166545	0.6327744	0.6332260	0.6509892	0.6577901	0.7290721	0.3819386
D	0.4597710	0.3400267	0.2068340	1.8409067	0.8508053	1.9328189	1.0237992	1.8819737	1.4184402	0.8036665	0.5348793	0.2364912
E	0.6625368	0.5391397	0.2250973	1.0346338	0.8525412	1.3494797	1.0459500	0.9617787	1.0482637	0.7524740	0.8742556	0.4421906
F	0.5037891	0.2257012	4.1997355	1.0012741	0.6460713	0.6066019	0.7592122	0.4205254	0.7447129	1.4147522	0.4828929	4.1212481
G	2.6693377	0.2995988	0.2545131	1.7781288	1.2356843	1.2580253	1.8072816	2.2647734	1.3096463	0.7647351	0.6838084	0.3424227
H	0.6295507	0.4449610	0.7617531	1.0325927	0.4450840	0.6250740	0.4743853	0.5937681	0.5881117	0.4555815	0.4505146	0.7289584
I	0.5665088	0.1934562	1.2940943	0.3880516	0.9287423	0.5660999	0.8574984	0.8908476	1.1328374	1.4955754	0.8676340	0.8550916
K	1.6667933	1.1443784	0.3251855	0.6232832	0.4807875	1.0109727	0.8007249	0.8660858	0.8395417	0.3782454	0.5010865	0.4593188
L	0.5861727	0.2778896	1.5105918	0.8906700	1.2602225	0.8128707	0.9551656	0.6805875	1.1019541	1.3208056	1.0704029	2.7802010
M	1.3163064	0.3859329	2.2889513	0.8877695	0.9852653	0.5983592	0.6530474	0.7453409	0.6834409	1.7751024	1.1739560	2.8672548
N	0.4797542	0.5098523	0.3381523	1.0398091	0.9453949	1.1186000	0.8815811	0.5803105	0.9774030	0.9822770	0.6090166	0.2780440
P	0.2088390	0.2541004	0.2789869	1.2391615	1.9731037	1.4587529	1.4521220	1.0122472	1.1597134	0.6155394	0.3593987	0.2216745
Q	1.2721377	0.6971129	0.2549949	1.2061833	1.2556166	1.2346037	1.1927494	1.1086506	0.8364867	1.1340174	1.7270972	0.5726291
R	2.4931033	12.3824314	0.3525573	0.4715866	0.5199495	0.5840904	0.6995701	0.7004298	0.4631979	0.4953155	0.4748250	0.9425515
S	1.4761575	0.4230108	0.3498947	1.5213898	1.1547615	1.3448411	1.2457518	1.2799327	1.1542099	0.6574602	1.5162932	0.4404909
T	0.5790973	0.3693238	0.4154932	1.1053465	1.2422482	0.9762425	0.7723187	0.9028797	1.1753678	1.2701716	2.3650297	0.4948049
V	0.4036442	0.2330919	1.2790506	0.3885606	0.9605758	0.6819717	1.1494782	0.8563653	1.0628903	1.0002181	1.5736407	0.6419344
W	0.7931717	0.3190599	9.6106138	1.2447772	0.7660485	0.3239152	0.3606984	0.7602985	0.3327395	4.8516598	0.7947922	1.4736906
Y	0.7541227	0.3329792	3.7477651	0.9384502	0.6336022	0.8758022	1.2897372	0.7282376	0.7694707	1.2965704	0.7775277	1.8123828
