##############
# B2707 PWM for 12-mers
#
# Copyright (2018) David Gfeller
##############
1.00000	117	2
A	1.4367075	0.3989584	0.4599456	1.0682619	1.1617111	1.1011217	0.8776648	1.2823130	1.1639966	1.0619357	1.0697255	0.5197652
C	0.3904635	0.2446361	0.4262104	0.6632880	0.6899899	0.6664263	0.6433946	0.6667454	0.6958410	0.6813464	0.7031280	0.4289576
D	0.4197294	0.3772416	0.5503284	1.9410833	1.4898745	1.5540353	0.8867212	2.2016090	1.0079910	0.9743508	0.7395418	0.2432361
E	0.5612094	0.5388847	0.2860814	0.9335651	0.6732584	1.2811522	1.3927362	0.8499928	0.7933140	0.8482017	0.7540227	0.4022679
F	0.6230232	0.2539647	3.9608608	1.0462498	0.7417592	0.7209390	0.7347762	0.6062806	0.8756733	1.8576705	1.0016932	4.7425211
G	2.3869665	0.3361043	0.3841015	1.4765026	1.0675201	0.8943673	2.0693798	1.7314504	1.4246294	1.0302528	1.9186444	0.3612425
H	0.7614299	0.5007923	0.5819091	0.7200102	0.3465513	0.5463191	0.7395482	0.5422547	0.5173584	0.5246669	0.3884114	0.3158403
I	0.5297032	0.2171791	1.2762944	0.4296661	0.7546585	0.7648417	0.7027403	0.7283254	1.0943107	1.3877217	0.5465254	1.0268546
K	1.7518364	1.2936969	0.3923603	0.7192286	0.6897299	1.0123216	0.5358653	0.6365504	1.0510186	0.5187802	0.6045067	0.3913821
L	0.6358210	0.3129407	1.3364573	0.7095097	1.1254913	0.8481048	0.5746125	0.7271608	1.2210951	0.9776205	1.1885886	3.1290736
M	1.3628319	0.4348163	2.6377999	0.9969357	0.7571508	0.5417294	0.4914417	0.5048343	0.9761688	0.9802841	1.3024496	2.3422295
N	0.5412459	0.5738871	0.5304974	1.1328628	0.8205943	1.0676929	1.0661502	1.1034385	1.0223525	0.6643948	1.0687198	0.2747442
P	0.2332829	0.2014555	0.2428875	1.1659290	2.0084702	1.5350432	1.2457872	1.0661524	0.7791682	0.5749481	0.2231546	0.5271941
Q	1.4881889	0.7840822	0.5152878	0.9901415	1.1541009	1.1116748	1.4229330	0.9667607	1.0662183	1.4447614	1.9390257	0.5029353
R	2.4640305	11.6396991	0.4220313	0.5422892	0.5162712	0.4755435	0.9090563	0.7015492	0.5543138	0.4989347	0.9396144	0.5123029
S	1.5044611	0.4743782	0.4696491	1.9891948	1.1560086	1.4229451	1.5387078	1.2429109	1.2660183	1.0952650	1.4587685	0.3888243
T	0.5821396	0.4145175	0.3954580	1.2497871	1.3018076	0.9956291	0.7443516	1.1348192	0.9871085	1.0366408	1.5599967	0.4685744
V	0.3936392	0.2617525	1.0837019	0.4408335	0.9745185	0.9402640	0.8389001	0.8152435	1.0790246	1.0015822	0.7379112	0.7026183
W	0.4253803	0.3597048	9.3071642	1.4941303	0.3561100	0.9197449	2.0800328	0.9262135	0.3755987	4.3847265	0.9840784	1.2038926
Y	1.2228064	0.3746767	3.5390982	0.6210848	0.7278302	0.7401188	1.0802945	0.8716607	0.5987898	0.9358066	0.7849038	1.3862742
