##############
# B3502 PWM for 12-mers
# Model trained on 11-mer peptides adding one non-specific position after P8.
# Copyright (2021) David Gfeller
##############
1.00000	126
A	0.6388814	1.0284599	0.8824497	1.0330615	1.3558101	0.9088989	1.2518756	1.3093490	1.0000000	0.7512651	1.7615032	0.4224136
C	0.8694760	0.3371940	0.4224564	0.8370793	0.8550752	0.8499451	0.8320300	0.8570063	1.0000000	0.8320905	0.7682530	0.4003193
D	0.6045368	0.4434701	3.6785098	2.2211072	1.1974429	1.4739451	0.8412181	1.6093614	1.0000000	1.2118129	0.5998068	0.1981761
E	0.7012010	0.3661062	2.2787436	1.2997240	2.9990473	1.3659253	1.4923875	1.2250364	1.0000000	1.7030019	1.2051789	0.2255109
F	1.7312017	0.2136257	0.9645607	0.4774572	0.4461341	0.5502363	0.6869095	0.4808107	1.0000000	0.4671979	0.5215316	2.1444946
G	0.2877233	0.3388980	0.3548837	1.1044148	1.4139701	1.1253890	1.3383084	1.5633210	1.0000000	0.4952024	0.5318191	0.2038612
H	3.8651410	0.2989062	0.6162648	0.7437081	0.6032198	0.5867765	1.3078019	1.2729598	1.0000000	1.6734012	0.5580866	0.2763373
I	1.1994300	0.3912448	1.1106032	0.5640999	0.6888716	0.8905399	0.8078014	0.7628228	1.0000000	1.0113121	1.4215469	1.2974520
K	0.3979007	0.4160714	0.4827234	0.5362002	0.6064713	1.1254733	1.2241672	1.1013514	1.0000000	0.8670577	0.7040010	0.2867621
L	1.8644714	0.2700315	0.7381238	0.7970356	0.6917394	0.5925623	0.5906262	0.9361857	1.0000000	0.7828935	0.8341022	5.0407911
M	3.5079901	0.3027984	0.8007180	0.4484747	0.4792390	0.4565577	0.4574739	0.5053693	1.0000000	0.9907323	0.7516837	3.3609738
N	0.7219415	0.3361233	1.0976823	0.6333034	0.6307072	1.2619916	1.2122859	0.9327473	1.0000000	0.9420844	0.5576812	0.3320361
P	0.2152472	11.7782613	0.5692244	2.6095090	0.2790355	1.1939462	1.1836805	0.4692992	1.0000000	0.8791981	0.3756941	0.1711829
Q	0.7190052	0.3341337	0.9295526	0.9567310	1.3825586	0.8181785	1.2358079	0.9968322	1.0000000	2.3703737	1.5925427	0.3865589
R	0.6079965	0.2921296	0.3846509	0.5343277	0.5103126	1.0139562	1.3597692	0.9255704	1.0000000	1.3801339	0.8276815	0.4518454
S	0.6886442	0.4494109	0.9003534	1.0340781	1.4098100	1.5982183	0.9813522	0.7034615	1.0000000	1.0856725	1.3700584	0.2608720
T	0.9686940	0.4401872	0.7079402	1.1554686	0.7448617	1.5121982	0.7073847	1.3044369	1.0000000	1.0265587	1.3241808	0.3965603
V	0.9997685	0.5201767	1.0368260	0.6661256	1.1712739	0.7079863	0.6846795	0.9022705	1.0000000	0.8525148	1.8455190	0.8529658
W	0.4081858	0.1451536	0.2996426	1.1332734	0.2749962	0.2642576	0.2941944	0.2844359	1.0000000	0.2800367	0.2911125	0.3989922
Y	1.4081156	0.2814396	0.8651198	0.8206132	0.3700533	0.3709634	0.7153103	0.5420136	1.0000000	0.4274163	0.5580398	0.5977768
