##############
# B3507 PWM for 12-mers
#
# Copyright (2021) David Gfeller
##############
1.00000	41
A	0.5155762	0.7492701	1.3357288	1.0119678	1.0494790	0.9132850	0.7678829	1.3845806	1.1106241	0.8487637	1.3972019	0.4520066
C	0.8837712	0.4048522	0.5668760	0.8461513	0.8633658	0.8605107	0.8885897	0.9265975	0.8666407	0.8974588	0.8186024	0.3566801
D	0.3833759	0.4842887	0.6101533	1.4422292	1.2146683	1.2232116	1.3509613	0.7431342	1.6389515	0.8016263	0.5581945	0.2967929
E	0.4504863	0.4918687	0.7361568	1.2273520	1.1273542	0.9489167	0.6895909	0.5240886	0.7789205	1.3067008	1.0719739	0.3704902
F	3.5701550	0.2633697	2.9620604	0.7752101	0.4291460	0.4124219	0.7547892	0.8166840	0.7221543	1.2091720	0.4990562	3.9901891
G	0.3418802	0.4352399	0.4201730	1.4260010	2.5514784	1.4280170	1.2012489	1.8484995	1.4627375	0.4208134	1.0570908	0.2991017
H	1.7810938	0.4041664	0.6740938	0.9781202	0.4751399	0.5315335	0.8651825	0.5381900	0.9480536	1.3845433	0.9282876	1.1821411
I	1.7786262	0.3717729	1.2473123	0.5635383	1.0857097	0.9827540	1.1608120	0.9648826	0.8478196	1.9479809	0.9204792	0.7434890
K	0.4774290	0.5670495	0.5246945	0.9223221	0.8627534	1.3918439	0.7493432	0.7750424	0.9695107	0.6215562	0.7207171	0.5534139
L	1.6713322	0.3254638	1.2714927	0.5689487	0.6921580	0.5233619	0.8063015	0.7403492	0.7927327	0.9584375	0.9155060	0.8626964
M	2.4500264	0.3707394	1.1552538	0.8494895	0.5932613	0.8813275	0.9622007	1.8022586	0.6334822	0.8451710	0.7806952	1.6232311
N	0.6881990	0.4500456	0.4550425	0.6926764	0.6618421	0.9255951	0.6314020	1.2976372	1.3947558	1.0295453	0.6281092	0.4074069
P	0.2545263	10.9364048	0.2871745	2.4376439	2.1675603	1.9245774	2.7292176	0.8654240	1.1295493	0.5817325	0.6230490	0.2414720
Q	1.2372315	0.4475314	0.6941304	1.2263646	0.7773711	1.2529396	0.5479169	0.7668647	0.8235168	1.5881140	2.0112416	0.4513635
R	0.4626725	0.3926677	0.8056410	0.5629988	0.4975055	1.0104939	1.0267335	1.0563210	1.2830983	0.5342616	0.9486157	0.4334203
S	0.5639913	0.5822680	0.5483168	0.8972370	0.8763373	0.9252792	0.7387861	1.0516088	1.0276348	0.8190728	0.8540093	0.4013157
T	0.7075869	0.5781633	0.7111837	0.9302865	0.7664354	1.2667422	1.2459508	1.1380562	0.9613970	0.9653380	1.6103169	0.4568092
V	0.9910347	0.4033886	0.9636218	0.7697292	0.7740514	0.8828604	1.1943627	0.9557322	0.7414993	1.5335383	1.6779334	0.6605318
W	0.7117892	0.1790931	3.0628372	0.4188681	0.3307027	0.3358416	0.3481939	0.4244888	0.3645877	0.4855140	0.3815670	1.5811586
Y	2.1432352	0.3672352	3.7019835	1.2006370	0.4234175	0.4559255	0.5294978	0.8669057	0.5267539	1.3561484	0.5429409	10.9421076
