##############
# B3501 PWM for 12-mers
#
# Copyright (2018) David Gfeller
##############
1.00000	60	2
A	0.6647317	1.0133564	1.4499247	1.0681722	0.8541552	0.9319357	1.1788275	1.5311547	1.0322048	1.0042996	1.4631687	0.4472512
C	1.0089790	0.5470591	0.7507965	0.9399967	0.9204389	0.9307819	1.0063176	0.9877628	0.9404981	0.9597425	0.9518168	0.4056297
D	0.5581382	0.4523319	0.4092522	1.6983622	1.0265700	1.6589897	0.7903597	0.9297469	1.2513778	1.0703036	0.6826159	0.2896956
E	0.5432219	0.4534859	0.8499589	1.2503901	1.1505818	1.1458360	0.5958544	1.1199306	1.1204487	1.5159306	0.8910650	0.3456114
F	1.9361706	0.2699208	2.3249577	0.9385573	0.8216261	0.4141983	0.6276225	0.4252751	0.6296285	0.6989384	0.4951178	4.4356741
G	0.3992711	0.4835382	0.6155521	1.6342680	2.9901148	1.4348084	1.7666071	1.8380633	1.6386855	0.6343523	1.1680403	0.3264482
H	1.5751921	0.3394340	0.4805273	0.7042814	0.4226164	0.4293392	0.6558433	0.4648920	1.0186551	1.3027765	0.9863082	1.1314200
I	1.5135753	0.4519063	1.4258492	0.4636072	0.8389277	0.8035100	0.8214602	0.8817891	0.6706192	1.1425960	0.9752230	0.6409869
K	0.6196283	0.5374774	0.4992772	0.6078763	0.7973540	0.8740648	0.8016073	1.0937692	1.0723083	0.6509060	0.7440524	0.6184166
L	1.4580161	0.4282325	1.3708742	0.6502759	0.9290059	0.8108337	0.8647022	0.8275543	0.8376001	0.9816119	0.9657434	0.9924191
M	2.8553807	0.4215691	1.1390149	0.5594973	0.6272728	1.1131936	1.1616288	1.1435216	0.6249184	0.7754372	0.7613347	2.2488549
N	0.6621318	0.4239102	0.4348983	0.6716450	0.7697832	0.6328448	0.5835245	1.4822533	1.5114199	0.9355042	0.7731954	0.3825010
P	0.2277629	8.7118186	0.2383727	2.2060808	1.5411459	1.8729076	1.7165439	0.4487382	1.0811881	0.5848844	0.4445842	0.3511786
Q	0.7920996	0.4144615	0.6183870	0.8703072	0.6881469	1.0442834	0.6623606	1.0727977	0.7579388	2.1458839	1.4872238	0.4090520
R	0.7893095	0.4009306	0.7417791	0.6478057	0.7935725	1.1411469	0.9521788	0.9047731	0.8877292	0.5870318	0.8636304	0.4430949
S	0.8239986	0.6974892	0.9500897	1.3674162	0.8244018	1.0225085	1.1700126	1.2280299	1.1002129	0.9178303	1.3040127	0.4030291
T	1.1547327	0.5521630	0.7030715	1.0873374	0.8932717	0.8258337	1.4519118	1.1124870	1.3133988	0.8448266	1.4934636	0.4252309
V	1.0398618	0.4740135	1.2628066	0.6883965	0.6032875	0.8502703	1.1499605	0.7479846	0.6704797	1.3625901	1.3745621	0.5609577
W	0.7207052	0.2278627	1.7341559	0.4059383	0.4467634	1.3554638	0.4102814	0.4149968	0.4393181	1.4409608	0.4553691	1.5625606
Y	2.3070373	0.3585119	2.5825254	0.5132338	0.7225974	0.4470828	0.4850122	0.4458371	0.7494014	0.8405523	0.7662735	9.3473013
