##############
# B3503 PWM for 12-mers
#
# Copyright (2018) David Gfeller
##############
1.00000	98	2
A	0.7038260	1.1030516	0.8390689	0.8647329	0.7874900	1.1965557	1.0579596	1.1893079	1.0929094	1.0225078	1.3600990	0.5128142
C	0.9551250	0.4996085	0.6895675	0.8916190	0.9031378	0.9181389	0.9484092	0.9136185	0.8970101	0.9451777	0.9295088	0.5219086
D	0.4043783	0.4092429	0.5654860	2.4057694	1.5414001	0.9579654	1.3754761	1.0867326	1.7740504	0.7031068	0.5380328	0.2286240
E	0.4108396	0.5663899	0.8253777	1.1185347	1.6235429	1.1003461	1.1307121	1.1026930	1.6089300	1.2259418	0.9286526	0.3301703
F	4.5064427	0.2290960	1.9989721	0.4717743	0.7449777	0.6219181	0.4317070	0.3877572	0.7792678	0.7532573	0.6080691	1.4434289
G	0.3272340	0.4257257	0.4345261	1.7404220	1.7034865	1.4221604	1.4986751	1.6372625	1.0986114	0.7337084	0.5394413	0.3641656
H	2.5098286	0.4943565	0.7521054	0.6053770	0.5860173	1.1896216	0.7676212	1.0086854	1.7710578	1.1903198	0.3644565	0.2687070
I	1.0247790	0.3240660	2.2791679	0.4806047	0.6785822	0.5208526	0.8491428	0.6115717	0.6619833	1.2970438	1.2505284	1.1849996
K	0.3707153	0.4777847	0.3880094	0.7145676	0.8763531	1.2058405	1.1667435	1.3179416	1.1613229	0.7082681	0.6173949	0.3319470
L	1.5367393	0.3003711	1.6339418	0.4966032	0.8406561	0.6759687	1.1649445	0.7820800	0.7197232	0.9860846	1.1427176	4.7748325
M	3.7869045	0.3541332	1.2504304	0.4463524	0.9038568	1.0896675	0.8140209	0.9170028	0.5355894	1.2339093	1.1068670	2.6079523
N	0.3796983	0.3747097	0.4841013	1.2433665	1.0614415	1.0713388	1.0447880	1.5418184	1.2251188	0.9796789	0.5936962	0.2588985
P	0.1734927	9.2052908	0.4078006	1.9528445	1.6283898	0.9976090	0.6705596	0.8861754	0.5679077	0.9834139	0.5598479	0.2730040
Q	0.6002809	0.3794124	0.7213174	0.8536677	0.6548244	1.3769541	0.7441668	1.4741205	1.0489373	1.8991385	1.2819876	0.3145467
R	0.4859799	0.3577720	0.3641696	0.7803766	0.7981012	1.5178592	0.6179096	0.8904361	0.9762353	0.6082845	0.9901048	0.5540746
S	0.4724204	0.5325475	0.5729637	1.5516717	1.3137798	1.2897766	1.1206846	1.1959947	1.1233137	0.8499006	1.3245944	0.3190805
T	0.5957343	0.4775008	0.7532812	0.8051652	0.9626432	1.2363313	1.4937535	0.7971529	1.0426138	1.0477017	1.5494084	0.5260105
V	0.7366647	0.5699232	1.5946218	0.5447399	0.5531693	0.4841974	0.8167989	0.6105934	0.5501768	1.0107433	1.7294811	1.0565906
W	0.7721431	0.2020161	0.5821146	0.9953516	0.3584873	0.3884480	0.3905691	1.0306151	0.4087312	1.0977838	0.4105238	0.5050228
Y	2.6476696	0.3223950	2.0870018	0.7433269	0.4233057	0.6355748	0.7691177	0.7848124	0.8542685	1.2290599	0.8087708	0.7600157
