##############
# B3508 PWM for 12-mers
# Model trained on 11-mer peptides adding one non-specific position after P8.
# Copyright (2021) David Gfeller
##############
1.00000	49
A	0.5671936	2.6183031	1.0152438	0.8337831	1.3694588	0.6567957	1.2380581	0.8437269	1.0000000	0.7767459	1.3192897	0.4225145
C	0.8755718	0.5540482	0.5232725	0.8255261	0.8623124	0.8335497	0.8419133	0.8375615	1.0000000	0.8340257	0.8461722	0.3677782
D	0.8914311	0.6519767	2.1076775	1.3900349	1.6233375	2.4972211	1.7119633	1.5987697	1.0000000	2.1130241	0.5157517	0.2755492
E	0.5372528	0.5162695	1.7010019	1.6623040	2.1865964	1.5098711	1.4169851	1.4359044	1.0000000	1.6120456	1.1597439	0.3231598
F	0.6936300	0.3579922	1.0821213	0.4446435	0.4471719	0.6324434	0.6797045	0.4527343	1.0000000	1.0064483	0.5482392	5.6259741
G	0.5870671	0.6019871	0.4559464	0.9447727	0.9933735	0.9692544	1.7867181	1.3008687	1.0000000	0.4464558	0.4451910	0.2848135
H	4.7503320	0.4201910	1.6652450	1.6088949	0.9239409	0.9140079	0.9164306	0.9424744	1.0000000	1.3139934	0.8021824	1.2710114
I	1.0446125	0.7598062	1.2181151	0.6248293	0.5396603	0.8333220	0.7378943	0.7539406	1.0000000	1.0473555	1.6097552	0.8330802
K	0.5553594	0.6885822	0.6232622	1.0431070	0.9621215	1.0751183	0.9538262	1.5733679	1.0000000	1.0464304	0.8720789	0.3578070
L	1.6211754	0.4513173	0.6898667	0.6855746	0.5163994	0.5311162	0.6218359	0.6218530	1.0000000	0.7274267	0.9214481	1.2663352
M	1.8891382	0.5103110	0.9329278	0.5647111	0.5455185	0.5602557	0.5687553	0.5791056	1.0000000	0.6678714	0.8295199	1.6351804
N	1.6467843	0.4893651	0.8968169	0.8882651	0.7162937	1.0328196	0.9096308	1.5390594	1.0000000	1.3053068	0.5481599	0.3703523
P	0.2994397	5.6125501	0.5592146	2.5865898	1.0413899	0.8099668	0.7917359	0.3599288	1.0000000	0.3342186	0.3383099	0.2150304
Q	0.7590826	0.4910780	1.1960459	1.0525828	0.9405943	1.2370591	1.2013998	0.9220548	1.0000000	1.5756553	0.9624442	0.3764523
R	0.6800489	0.4358505	0.5168139	0.7431471	0.8948827	0.9199809	1.1953268	1.1534768	1.0000000	0.7702438	1.0044540	0.3683877
S	0.8889958	0.9596108	1.0158602	0.9564930	1.1207026	1.3157140	0.8727008	1.0211190	1.0000000	0.7387138	1.1356679	0.3645935
T	1.2786031	0.6715944	0.6431696	1.0201850	1.0591012	1.6170940	0.7363854	1.4567029	1.0000000	1.0226403	1.1421647	0.4345700
V	0.8375842	0.7546465	1.3303650	0.6313048	0.8508941	0.5782608	0.6645796	0.6770332	1.0000000	1.1709685	2.5592648	0.6953683
W	0.4453235	0.2636074	0.4668696	0.3511705	1.3174095	0.3463588	0.3847222	0.3756190	1.0000000	0.4347898	0.3651213	1.3225228
Y	1.0702253	0.4203308	1.5235213	0.7987597	0.7909364	0.4950706	0.7904987	0.7649496	1.0000000	1.1868647	0.5383494	8.1890469
