##############
# B3801 PWM for 12-mers
#
# Copyright (2021) David Gfeller
##############
1.00000	110
A	0.6949815	0.3714857	1.2077642	0.7392232	1.5800875	1.0513009	1.0696527	1.1888392	1.1422758	1.2002045	0.7791464	0.4871735
C	0.7317354	0.3578965	0.6348620	0.6560422	0.7289200	0.6876053	0.6819995	0.6878474	0.6968886	0.6919732	0.3961886	0.3820116
D	0.6355060	0.4672154	2.1144215	2.6975986	0.8677578	1.7086015	1.2845445	1.6242098	0.9337736	1.3640525	0.5086250	0.2249766
E	1.6365847	0.7112570	0.8562616	1.1762486	1.0501770	1.2537838	1.2349777	1.2558100	1.2526165	1.4331455	0.5979618	0.2371053
F	0.9097927	0.4596720	1.6925645	0.5132658	0.4044883	0.4641626	0.3909483	1.0472661	0.4899405	0.5065985	1.0136081	4.9366212
G	0.7065050	0.3420635	0.5250572	0.7261677	0.8382595	1.9176706	1.8055901	1.6882969	1.6790281	0.7623271	0.6914785	0.3149418
H	3.0603746	19.5331139	2.1956366	0.6623390	0.6106031	0.4387080	1.0132463	2.6274534	0.6511883	1.4929948	0.9996833	0.3261195
I	0.7548831	0.3433461	1.3746015	0.4968593	0.9653504	0.6304236	0.5579014	0.6225578	0.9255773	0.5409163	1.0622332	1.7086455
K	0.5476509	0.5250910	0.4237666	0.6733506	0.4833782	0.8185661	0.9381603	0.6434545	0.9198233	1.0420567	0.7948031	0.4221898
L	0.4599851	0.3295319	1.2041505	0.6547730	0.7220542	0.5058780	0.9272287	0.8519868	0.7695902	0.6889696	1.3871115	3.5207308
M	0.6737493	0.4337917	1.8638140	0.7881066	0.5067546	0.7752789	0.6734067	0.6778169	0.8582772	0.6824845	0.8489405	1.3679068
N	1.2483548	0.7647555	0.5094884	1.2764687	1.1592978	1.2700535	1.2108062	1.4985633	1.9017099	1.6226061	0.8432745	0.4788991
P	0.2762989	0.4710435	0.2470662	2.4720633	2.8486454	1.2045819	1.4202090	0.2684645	0.6272359	0.4084794	0.2691930	0.1729117
Q	1.8728820	0.8579716	0.9935410	1.3820822	0.9003137	0.9503563	1.2625352	0.8434172	1.5217482	2.3635701	1.5612506	0.3762555
R	0.5641144	0.8968392	0.3704090	0.6101487	0.4759640	0.7034112	0.4493081	0.6070710	0.8345169	0.7145565	0.8098946	0.2908912
S	1.1481080	0.4264685	0.8509775	1.1698056	1.2693300	1.5945653	0.9850972	1.1231064	1.0834126	1.2379674	1.2006374	0.2816489
T	2.1789219	0.3425560	0.5766472	0.9321871	1.0545455	1.2125521	0.9993425	0.7565481	1.1191010	1.2247190	2.6348796	0.3962078
V	0.7509340	0.2546017	1.3101193	0.6099921	1.0033445	0.6384639	0.7812903	0.7225920	0.7776687	0.7931298	1.2295762	0.8372948
W	1.4020591	0.3825871	0.3815831	0.7847573	0.7817783	0.2817484	0.7811754	0.3289511	0.2884260	0.3132668	0.8524354	1.5027586
Y	2.2389214	1.1579581	1.1149594	1.0529770	0.8934600	0.5261299	0.7255529	0.6921849	0.3920452	0.7809087	1.0093192	1.1021962
