##############
# B3802 PWM for 12-mers
#
# Copyright (2021) David Gfeller
##############
1.00000	73
A	0.6446281	0.4140655	1.0862798	0.7871708	1.2806506	1.0044848	1.1651114	0.8770074	1.2712102	0.8152389	1.0003698	0.4891700
C	0.7356253	0.3700170	0.6542161	0.6579573	0.7595091	0.6931197	0.7081987	0.6931573	0.7685787	0.6678082	0.4211216	0.4417618
D	0.8435807	0.6570703	2.4072084	3.2858696	0.9774342	1.7577420	0.8093928	1.3591216	0.8209345	1.3952916	0.6128911	0.2238526
E	1.3610334	0.6423662	1.1069908	1.0914602	1.1588564	0.8823896	1.0158821	1.2195602	0.6298072	1.8168842	0.8623870	0.2439643
F	0.9720953	0.5230349	1.6116518	0.3667386	0.4142860	0.4079459	0.4381980	1.1789279	0.5004008	0.5423570	1.2370039	3.5181983
G	0.6422958	0.3922340	0.4011349	0.9216533	0.9507196	1.9739421	2.3130978	1.7139689	1.2000705	1.0545294	0.6531771	0.2469490
H	3.9940756	18.4411917	0.4789528	1.5505216	1.0100393	0.5073679	0.7450137	1.0311193	1.0516700	1.9350623	1.5707361	0.3331476
I	0.7289699	0.2878972	1.4349119	0.5144925	0.8729661	0.5574656	0.7136450	1.0154349	1.0574251	0.4639765	0.7203207	1.9997251
K	0.6074172	0.6018229	0.5291879	0.6712898	0.6759160	0.8849255	1.0360633	0.5913552	0.7699372	0.7156905	0.8483895	0.2916341
L	0.5001260	0.3017213	1.1519486	0.6372568	0.8760029	0.5880046	0.9536451	0.8952809	0.8050072	0.5846242	1.2840669	3.4896798
M	1.4104942	0.4755776	2.0287676	0.9009979	0.6028806	0.7073165	0.5825493	0.8182346	1.0653368	0.5464387	0.9473889	1.6354968
N	1.1106401	0.8955539	0.5868062	1.0387683	1.0636984	1.2582048	1.1796224	1.2085684	1.9688991	2.0604633	0.5943802	0.2594237
P	0.3046209	0.2713494	0.2840262	2.5907612	2.0017887	1.6009000	1.2715987	0.4507044	0.3144065	0.3227092	0.3052803	0.1862043
Q	1.5989178	0.7311776	1.6573724	1.2650630	1.2792955	1.2474332	1.3783211	1.1174841	1.2497822	3.0737974	1.8451541	0.2854695
R	0.6544822	1.0920714	0.4486947	0.4738964	0.4849420	0.8562847	0.5174557	1.0639761	0.7482844	0.6121969	1.3900229	0.3013182
S	1.0947986	0.4839929	0.8542955	1.0734754	1.3264310	1.1158004	1.0059906	0.8986109	1.3937042	1.0661108	1.3967242	0.2934587
T	1.7370710	0.3816213	0.5681402	0.6696945	1.5177051	1.1150819	0.7804690	0.9760744	1.3120222	1.1368328	1.2643288	0.4458069
V	0.7910922	0.2622642	1.1671509	0.4362605	0.8671732	0.6442905	0.6994395	0.6733925	1.2444564	0.7049979	1.1166083	1.0116327
W	1.1791471	0.4399409	1.1077327	0.9686218	0.3069519	0.3323824	1.0159155	1.7655514	0.3656678	0.3369411	0.4238512	5.4269025
Y	2.2496092	1.3520659	0.8471146	0.4468962	0.4491702	0.8343976	0.6588282	0.7997070	0.9275952	0.5222496	1.0706241	1.0063148
