##############
# B3901 PWM for 12-mers
#
# Copyright (2018) David Gfeller
##############
1.00000	27	2
A	0.7035056	0.5565617	2.1360444	1.1475385	0.8152510	1.1967425	1.1288464	0.9042214	0.8033852	1.5798374	1.4948949	0.7385010
C	0.6404119	0.4163094	0.7173084	0.7692354	0.8387966	0.8228923	0.7433708	0.6990315	0.7422462	0.8437768	1.1043658	0.7174719
D	0.8344305	0.6199035	1.0631109	1.7395796	0.9410294	1.6083923	1.6226287	1.8855653	1.6594061	0.9238583	0.5651214	0.2738856
E	1.3353095	0.7786958	0.5278822	0.7228493	1.0173567	0.9318460	0.9606328	0.8350224	1.4305700	0.8656681	0.9235314	0.3116437
F	1.3539037	0.5272354	3.2098706	0.6192081	0.7074257	0.5169831	0.3661787	0.4106601	0.8190387	0.9365379	0.9189641	1.0757123
G	0.6200196	0.8473388	0.9814030	0.8793406	0.8776634	1.3223276	2.8671739	2.2083015	2.4898068	1.2927148	0.9051977	0.3414886
H	3.3150103	10.0315053	2.0681879	1.0374731	0.5598100	1.0839693	0.5696393	1.6121045	0.5146390	1.5901265	0.4171641	0.3225136
I	0.4536118	0.2987383	0.8844275	0.8051795	0.7908601	0.6617479	0.4551399	0.4086614	0.6383422	0.7530874	1.1704885	1.4466281
K	0.7932951	0.9978726	0.5227182	0.6621921	0.6767998	0.7235000	0.8276348	1.6096971	0.8683591	0.7007032	0.6219336	0.4041744
L	0.4898453	0.3786841	0.7728881	0.9900546	1.3079817	0.6264881	0.4181163	0.6831416	0.8884845	0.8507615	0.9174576	4.4125051
M	0.6661211	0.6001324	1.1922761	0.7904409	0.9049447	0.6658804	0.5697663	0.6367157	0.6770866	0.7746374	0.9125260	2.6081380
N	2.1102700	1.0038072	0.5919891	0.6699963	1.0030692	1.1614266	1.4555728	1.2083809	1.1068232	1.0228355	0.6295772	0.3107173
P	0.3224468	0.2800772	0.2907295	1.9035201	1.2793662	1.3099541	0.9635389	0.6448389	1.2808557	0.9707204	0.3305773	0.2161614
Q	1.5593251	1.1690919	0.4983319	1.5862769	1.1413262	1.1713724	1.7016345	1.5249360	0.6813939	1.3982590	0.8400562	0.3952291
R	0.7561077	2.7800327	0.4901228	0.5910580	0.6066074	0.6286732	1.2162573	1.3994943	0.5995747	0.6318992	0.5549848	0.4416666
S	1.2095142	0.6475086	0.7613552	0.6827947	1.5177444	1.9329531	1.1283633	1.0850623	1.3612493	1.1534811	1.0729208	0.4079480
T	1.9136489	0.4895195	0.6234618	0.6181233	1.1771260	1.0261051	0.6873285	0.6524213	0.6893998	1.1119415	2.3864462	0.5728538
V	0.4949660	0.3006870	0.9864179	0.8801048	1.0577375	0.6922538	0.7056194	0.4227435	0.5167337	0.7774917	1.7952041	1.1147737
W	0.7225303	0.6048300	0.8182711	4.4604731	0.6074139	0.5078754	0.4356862	0.4617634	0.4735299	0.5829268	0.5261307	0.6154729
Y	1.8643861	1.3132405	1.6879876	1.1373843	1.4925204	1.0119968	0.4561748	0.5591048	0.5347759	1.1622636	0.6299354	0.6674927
