##############
# B3906 PWM for 12-mers
# Model trained on 11-mer peptides adding one non-specific position after P8.
# Copyright (2021) David Gfeller
##############
1.00000	169
A	0.7117705	0.3701970	1.5827528	0.8143244	1.2427850	0.9872885	1.4139404	1.1930593	1.0000000	0.7211010	2.0322988	7.2942652
C	0.4427037	0.3493474	0.4870937	0.4746354	0.5009096	0.5091068	0.5129968	0.4925374	1.0000000	0.5101399	1.0032627	0.4679503
D	1.1761590	0.6613962	0.6787764	2.5619564	0.8098866	0.9292882	0.5302446	0.8686718	1.0000000	0.3987466	0.3800532	0.3028782
E	1.6499746	0.4880645	0.3382821	2.0096826	1.1419783	0.6554577	1.2472968	0.9618119	1.0000000	0.7116238	1.1523899	0.3568347
F	0.6631519	0.3389621	2.1919817	0.3911412	1.0111190	0.6375323	0.4622956	0.9882347	1.0000000	1.0879991	0.4259237	0.5827232
G	0.6190105	0.3438126	0.5634516	0.6918835	0.6108395	1.2533584	1.0984127	1.0793970	1.0000000	0.3907665	0.4239392	0.5566814
H	2.6985780	14.3927842	1.2449427	0.6734272	3.0515388	1.7472588	1.0786667	1.7706022	1.0000000	2.0577335	0.8849758	0.3137805
I	0.5546036	0.2365632	1.0617981	0.7923184	0.9193965	1.3512579	0.9725033	0.7918569	1.0000000	1.4441624	1.0364755	0.4197046
K	0.7043869	0.7045121	0.5889799	0.6876541	0.6569863	0.6848121	1.1880113	1.1350613	1.0000000	0.6451945	0.6486716	0.4610159
L	0.5588037	0.3199298	1.2240369	0.5989525	0.8736522	1.0069888	1.0534325	0.9746206	1.0000000	1.5152052	0.6614530	0.3529174
M	0.8231602	0.3646838	0.9435335	0.3876580	0.7427496	0.6276603	0.4857377	0.7360059	1.0000000	1.7924258	0.4790990	0.4101467
N	1.1772901	0.6752694	1.0461500	0.9414833	0.6848290	1.0023510	0.6741065	0.7630948	1.0000000	0.7940848	0.5025800	0.4080826
P	0.3225265	0.6970730	1.0470501	1.7082434	1.2830782	1.2746699	0.8897926	0.9552407	1.0000000	0.7766798	0.9740994	0.6269922
Q	2.0037420	1.3175088	0.9453473	1.3174680	1.6037725	1.1385917	1.2920573	1.1099430	1.0000000	1.9143801	0.9141105	0.4464004
R	0.6836507	3.2716424	0.5279534	0.5121673	0.7074360	0.8107861	1.0715296	1.5234980	1.0000000	0.9681419	0.6827785	0.5139299
S	1.2909005	0.3729872	1.1704078	1.7577576	1.0338335	1.2119167	1.2998535	0.8789430	1.0000000	0.8312913	2.0265900	0.6781640
T	2.3486845	0.3180955	0.4960301	1.0346747	1.1249302	0.8836050	0.9589681	0.9867584	1.0000000	1.0558501	1.7062725	0.5652156
V	0.6487521	0.2799162	1.0740222	0.5349072	1.0525399	1.2928671	0.9698166	0.9339818	1.0000000	1.2597184	1.6484347	0.7494601
W	0.3167391	0.2979480	1.7771266	0.2372670	0.6268849	0.9396346	0.2753890	0.9561357	1.0000000	1.3337448	0.2465749	0.2547662
Y	1.6564625	0.8695769	1.9312081	0.6849204	0.8391036	0.5201890	0.9772192	0.5511729	1.0000000	0.8484438	0.4771723	0.5966059
