##############
# B4002 PWM for 12-mers
#
# Copyright (2018) David Gfeller
##############
1.00000	192	2
A	1.7159330	0.3998350	1.2853421	0.8508803	1.0222069	0.9197218	1.1157930	1.5040454	0.9214952	0.9858035	1.3396453	0.7342797
C	0.8000643	0.2272433	0.6427965	1.0449919	1.0739478	1.0502069	1.0598321	1.0767684	1.0791490	1.1006655	1.1315493	0.5876094
D	0.3272327	1.0794087	0.4434946	2.8671680	1.2001375	1.8259522	1.3875770	1.2372007	0.9312575	0.3956007	0.4625434	0.1709239
E	0.4344293	10.2550323	0.3688807	1.7005419	1.0465550	1.8957453	1.0023619	1.0951772	0.5490992	0.9907409	0.9444268	0.2342345
F	0.5423613	0.1959287	3.7638201	0.7646138	0.9636776	0.6629455	0.5102282	0.2847137	0.6346784	1.1160537	0.8995769	2.1898842
G	2.2446832	0.2919670	0.3470917	1.3724757	1.0422649	1.3799069	2.5366172	2.2937992	1.7176307	0.5476355	0.5753533	0.2708097
H	1.0291667	0.4455845	0.7630261	0.4387725	0.7403233	0.6675652	1.1169115	0.6469676	0.8600835	1.1033013	0.2750875	0.2038237
I	0.5061409	0.1670937	1.5255684	0.5121293	1.0939747	0.3558433	0.6506550	0.7642486	1.3606556	1.2169583	1.0572727	1.1720397
K	2.0109296	0.6514820	1.0473106	0.7495291	0.5398070	1.0797768	1.1987609	1.0449203	1.0842318	0.5931044	0.7681769	0.2301080
L	0.4395145	0.1998343	1.2681349	0.8927921	1.0608034	0.5292524	0.4967243	0.6605046	0.9297969	1.1010759	1.0229573	5.2235382
M	0.6462492	0.2917788	1.0923939	0.9223004	0.9775242	0.6315001	0.5070338	0.9141765	0.8553768	1.1811882	1.0442280	1.2100660
N	0.5009360	0.4902847	0.5124186	1.3881162	0.8286566	1.0682505	1.2904106	0.8842548	1.0790924	0.9543138	0.5938471	0.1928946
P	0.1871775	0.2162969	0.4576786	0.2437345	1.9518446	1.1145510	0.7397645	0.9252745	0.9726833	0.2282786	0.3657800	0.2509333
Q	1.0555577	0.8350586	0.3668380	0.8768004	0.6538906	0.8980086	1.1538555	1.3002857	0.8916432	1.4923938	1.1232142	0.2175483
R	3.2779376	0.4990358	0.7161659	1.0215344	0.8439237	0.9880269	0.6586147	0.7108860	1.2141905	0.7439608	1.0088745	0.2436243
S	1.0506009	0.5245890	0.5383202	1.0895439	0.8121460	1.1579015	1.3514136	1.1108113	1.3000813	0.9007785	1.5239838	0.2534116
T	0.6166173	0.3555054	0.4671857	1.0744736	1.2329397	1.3122524	1.0290779	1.0825238	0.8604449	1.4237929	1.6367240	0.5035671
V	0.5546609	0.2135345	1.0551907	0.6444614	0.7280483	0.7406776	0.6386897	0.6348094	0.8990919	1.6159426	1.8548743	0.9037466
W	0.7093153	0.2742771	3.4854577	0.6636570	1.4120688	1.0279224	0.2903081	0.2840144	0.2941713	2.9476269	0.6844313	0.7847196
Y	1.2392058	0.2875940	2.2217820	0.5523054	0.7075269	0.5569587	0.6565207	0.6306534	0.5636934	1.2220211	0.5950504	0.8408571
