##############
# B4001 PWM for 12-mers
#
# Copyright (2018) David Gfeller
##############
1.00000	130	2
A	1.5091483	0.4734494	1.2084418	0.9523689	1.1982603	0.7794693	1.0118041	1.3613745	1.0491743	1.1502167	1.4978362	0.4450653
C	0.8324642	0.2587075	0.6828858	1.0455383	1.0786559	1.0452284	1.0648871	1.0872101	1.0757070	1.1039024	1.1717254	0.6573900
D	0.3995785	1.0448999	1.0033470	2.1286589	2.2542752	1.8653847	1.4676218	1.5383081	1.1739294	0.9908477	0.5048253	0.1871050
E	0.4761295	9.2760928	1.1128596	2.1038303	1.5280261	1.8430894	1.1879177	1.1297758	1.1255609	1.3142135	1.0849822	0.2090805
F	0.5700530	0.2318153	2.3543409	0.6465570	0.5479815	0.9599253	0.4048102	0.4148052	0.4292805	0.7355906	0.6132286	0.9469148
G	1.9395144	0.3442214	0.5323798	1.4022486	1.4173159	1.4946304	2.5127074	2.8669353	1.7476273	0.9050053	0.5095552	0.2194364
H	0.4008253	0.5324117	1.3111149	0.3894015	0.3542055	1.0084497	0.9764279	0.5112072	0.8252114	0.9973865	0.6357580	0.2151517
I	0.5765053	0.1977033	1.3934091	0.5634363	0.8630471	0.4128594	0.6684518	0.5808572	0.4772958	1.0500318	0.9528752	1.3793052
K	2.3941443	0.8538116	0.4660069	0.9888554	0.5348813	1.2816761	1.0436539	1.0419492	1.0150906	0.6215635	0.7474031	0.3422822
L	0.4051289	0.2383632	0.9903185	0.7611515	0.6526359	0.6697653	0.5964512	0.5659380	0.9011638	0.6733826	1.0827473	5.9121773
M	0.4670288	0.3485005	0.9435134	0.6388886	0.6355618	0.9418255	0.4428284	0.6082760	0.6668016	0.7100707	0.9566624	1.2647319
N	0.6102285	0.5743795	0.6095256	1.2327702	1.1208652	1.1549174	1.3520537	0.9505937	1.2146665	1.0830324	0.4670681	0.2130671
P	0.2297533	0.2567608	0.7042208	0.8956776	1.4008580	0.9056818	0.8988774	0.4819795	0.8941228	0.5556684	0.2285258	0.1446892
Q	1.2170703	1.0019763	0.6864484	1.2003877	0.6485169	0.8266519	0.6735132	0.9562181	1.0698119	1.5255402	1.2247142	0.2592989
R	2.6006734	0.6936958	0.3677431	0.5578880	0.4791680	0.9328948	0.8868704	0.8006634	1.4187701	0.5265950	0.6139422	0.3868292
S	1.2517371	0.5637532	0.9531706	0.9119110	1.1679271	0.8044674	1.6153578	1.3322947	1.4089089	1.2356435	2.0512930	0.2646338
T	0.9988391	0.4202291	0.6728385	0.9006939	1.0678603	1.4091565	1.0050417	1.2189731	0.9313161	1.5953196	1.6624477	0.4620231
V	0.6893738	0.2531977	1.1093612	0.7856667	0.8847437	0.5117865	0.5251685	0.6381547	0.8911662	1.1980221	1.7043470	0.8409818
W	0.9122830	0.3277048	1.5641122	0.3414789	0.3256731	0.3551372	0.3148964	0.3309053	0.3236076	0.9123722	0.3600237	0.9415757
Y	1.2715259	0.3426170	2.2579313	0.6627689	0.6453599	0.5743999	0.3580952	0.4897885	0.3729240	1.3147063	0.5677498	0.4820485
