##############
# B4103 PWM for 12-mers
# Model trained on 11-mer peptides adding one non-specific position after P8.
# Copyright (2016) David Gfeller
##############
1.00000	36	0
A	1.2704665	1.1137327	0.8888480	1.1981646	0.8740852	0.6602368	0.8557901	1.0000000	1.0000000	0.6776106	0.8653548	0.5686351
C	0.8899771	0.5195383	0.6857588	0.7882369	0.8273375	0.7847767	0.8248000	1.0000000	1.0000000	0.8580182	0.5386013	0.6667452
D	0.6373750	1.4885652	2.4399671	2.4152566	1.8172804	1.6265095	0.9244887	1.0000000	1.0000000	0.5188088	0.6495911	0.2778774
E	1.1402950	4.9735026	2.0304524	1.5007774	1.1836698	1.2260784	1.0072608	1.0000000	1.0000000	1.0357373	1.3757765	0.3077721
F	0.5060855	0.3503911	0.6391743	0.7315324	1.2913718	0.4597834	0.4361554	1.0000000	1.0000000	0.9595615	0.4674214	0.9662319
G	1.8107112	0.5709891	0.7717717	1.8355621	1.5252035	1.0214634	1.5506464	1.0000000	1.0000000	1.1594048	0.5208246	0.3165468
H	0.9498618	0.6799570	0.6178175	0.9628077	0.5082058	0.5518992	0.5443384	1.0000000	1.0000000	1.3261231	0.9285049	0.3051262
I	0.8122707	0.3658147	1.0012286	0.7748149	0.7642031	0.5649071	0.7160736	1.0000000	1.0000000	1.2797644	0.7572307	1.4857822
K	2.3074834	1.1370338	1.0310000	0.6703873	1.0401787	1.8067322	1.4072652	1.0000000	1.0000000	1.0095882	2.0681978	0.3945769
L	0.6953075	0.3806515	0.8217313	0.4553007	0.5865918	1.0725051	0.8488771	1.0000000	1.0000000	1.0959915	0.9298943	4.1280305
M	1.3348945	0.5280421	1.0469527	0.5502137	0.9945457	1.0717582	0.7200812	1.0000000	1.0000000	1.2242271	0.8119965	2.2926531
N	0.9356328	1.0463509	1.2425086	1.5284847	0.7506502	1.2641091	1.6969711	1.0000000	1.0000000	0.5715518	0.6869360	0.3058310
P	0.3222239	0.3621977	0.2982063	1.3067416	0.7975219	0.5572725	1.0567394	1.0000000	1.0000000	0.5148440	0.8323938	0.9705110
Q	0.9992476	1.2006525	1.1926693	0.8747042	1.3017846	1.2242975	1.5526269	1.0000000	1.0000000	1.2729522	1.6636368	0.3757344
R	1.1254153	0.7977336	0.6660205	0.5566913	1.0854946	1.9351963	1.2035422	1.0000000	1.0000000	1.2962276	1.1376392	0.4144930
S	1.0097528	1.1084233	0.6908365	0.8923437	1.2139550	0.8658410	1.0181335	1.0000000	1.0000000	0.5901966	0.9013781	0.3879646
T	0.6610945	0.8294027	0.6170568	0.6189959	0.6790445	1.1295621	1.0080175	1.0000000	1.0000000	0.7787014	1.5199202	0.5604612
V	0.8139698	0.5371785	0.9635872	0.5231712	1.1017659	0.6362564	0.8852860	1.0000000	1.0000000	1.6318468	1.2861003	1.2714870
W	0.5178057	0.4486634	0.5932900	0.4770387	0.5058052	0.4551214	0.4364003	1.0000000	1.0000000	0.6108257	0.4624792	0.5532656
Y	0.9073831	0.4809679	1.6300628	0.8960774	0.6427780	0.4941040	0.4888055	1.0000000	1.0000000	1.4102681	0.5618882	0.6186212
