##############
# B4408 PWM for 12-mers
# Model trained on 11-mer peptides adding one non-specific position after P8.
# Copyright (2016) David Gfeller
##############
1.00000	29	0
A	2.5488488	0.8609431	1.3327709	1.3377593	0.8679215	1.1443360	1.0000000	1.0000000	1.0000000	1.0191183	0.9368281	0.4427259
C	1.1166238	0.5613628	0.5641987	1.0428104	1.1477577	1.1544907	1.0000000	1.0000000	1.0000000	0.9800176	1.3616167	0.5454798
D	0.5778032	0.5934314	1.8661055	1.8772535	1.6006374	1.0210798	1.0000000	1.0000000	1.0000000	0.6761768	0.9907004	0.2775937
E	0.6166074	1.0984413	0.6364380	1.7912698	0.7252605	0.7181028	1.0000000	1.0000000	1.0000000	1.1726633	1.4003311	0.3385354
F	0.4705732	0.5811943	0.8810510	0.7812642	0.7018624	0.7050030	1.0000000	1.0000000	1.0000000	0.7963526	0.6354120	2.5672733
G	1.3772218	0.4984282	1.6024208	1.4904284	0.7561358	0.4815332	1.0000000	1.0000000	1.0000000	0.6080564	0.5898798	0.3853304
H	0.9655189	0.6003879	1.0572874	0.9945966	0.4149072	0.4338705	1.0000000	1.0000000	1.0000000	3.0127667	1.0822417	0.7007755
I	0.6757078	1.0450391	0.9830897	0.6335512	1.6780901	1.6147212	1.0000000	1.0000000	1.0000000	0.4479397	0.6316241	0.6271671
K	1.0747295	0.9012461	0.6213260	0.8827049	0.7369480	0.8061020	1.0000000	1.0000000	1.0000000	2.7154881	1.3619146	0.3775763
L	0.7022165	1.6467395	0.6576237	0.7484602	1.3759482	1.4962897	1.0000000	1.0000000	1.0000000	0.7303288	0.9326245	1.0860905
M	0.7378734	1.1247303	1.7742224	0.6531473	1.0184078	1.0498688	1.0000000	1.0000000	1.0000000	0.7054953	0.7740924	1.1860138
N	0.9751656	0.6467443	2.5506828	0.7697036	0.5950615	0.5310652	1.0000000	1.0000000	1.0000000	0.8235407	1.0575251	0.3526987
P	0.3654647	0.2960532	0.3014332	1.2359516	0.5761175	0.8831966	1.0000000	1.0000000	1.0000000	0.3427550	0.3325724	0.1606256
Q	0.8879561	4.1582765	0.5972695	0.7399909	0.5263407	0.7940131	1.0000000	1.0000000	1.0000000	1.1891593	0.8108208	0.3846109
R	0.9281569	0.8501537	0.5600683	0.6121883	0.7617651	1.0595148	1.0000000	1.0000000	1.0000000	1.8731494	1.5248650	0.4191506
S	1.4381138	0.8209057	1.2656307	0.9642332	0.7553495	0.6318345	1.0000000	1.0000000	1.0000000	1.2002931	1.5308111	0.3837571
T	1.3748323	0.6906912	0.7308826	1.0265608	0.8791497	0.8592202	1.0000000	1.0000000	1.0000000	0.6730079	1.3239267	0.4313699
V	1.0697664	1.2688116	0.6657233	0.5632855	1.9449979	1.7028319	1.0000000	1.0000000	1.0000000	0.4659835	0.8393775	0.5432818
W	0.4741911	0.5202832	2.3573580	0.4704111	0.5271336	0.5363944	1.0000000	1.0000000	1.0000000	0.5329216	0.6064381	27.0998089
Y	0.5608202	0.6144135	0.6587178	0.5774622	0.9843731	1.0007661	1.0000000	1.0000000	1.0000000	0.7979142	1.4498137	5.1193083
