##############
# B4402 PWM for 12-mers
#
# Copyright (2018) David Gfeller
##############
1.00000	304	1
A	3.6228313	0.3741737	1.6367742	1.1248988	1.1060833	1.1984144	1.1905430	1.1669671	1.4180608	0.9525658	1.2988222	0.2610374
C	0.8690081	0.1484370	0.2735329	0.9956263	1.0288598	1.0069151	1.0035424	1.0152767	1.0301290	0.9894919	1.4568791	0.3705103
D	0.3702399	0.7734410	0.7362891	2.6817653	1.1121563	1.7079435	1.2828717	0.8930181	0.9210366	0.9599903	0.6742560	0.1777186
E	1.5146857	11.4348830	0.7702115	1.8028468	1.0954986	1.5286708	1.4833351	1.0206142	0.8328784	0.5131283	0.8246331	0.1584826
F	0.3637523	0.2099672	0.9603230	0.8369721	0.7777692	0.4452730	0.4431616	0.5724516	0.6479307	0.6358217	0.8408828	3.8037989
G	0.6894186	0.2278727	0.5580969	1.3076907	0.7177241	1.5183704	1.3858890	1.8375415	1.2608198	0.9597250	0.8742625	0.1828954
H	0.5851915	0.4288452	0.9762669	0.7366002	0.8061262	1.1377395	1.2939574	0.7222749	0.8776075	1.8830265	1.1200246	0.3120708
I	0.2531326	0.1313648	1.8600627	0.5652102	0.7434413	0.5435394	0.6531039	0.9650041	1.2488262	0.5537687	0.4862458	0.2809648
K	1.2696088	0.5055372	1.1203973	0.7861359	0.6503959	0.8353108	1.2495870	1.4223753	1.1860650	1.9595201	1.1876008	0.2873250
L	0.3036600	0.1573134	1.0824566	0.7008383	1.0761590	0.7284149	0.7583879	0.8094763	1.0040435	0.6217445	1.7035195	0.5184227
M	0.7763778	0.2287888	1.9573028	0.6868730	1.1300533	0.6966911	0.4220615	0.6311172	0.4754894	0.6194948	1.8117758	0.3356996
N	0.7188029	0.4318340	1.2713204	0.7433434	0.6877242	1.1107252	1.0894754	1.2368470	0.9582219	0.6641328	0.8361120	0.1663960
P	0.2125096	0.2105967	0.3492771	0.9847196	1.4461737	0.7342595	1.1939371	0.6875811	0.5195388	0.4340871	0.1379770	0.0711965
Q	1.8707714	0.7030761	1.8208440	1.1039071	1.2944618	1.2166568	1.1617725	1.0858128	1.1839031	1.7948248	1.2945175	0.2267364
R	1.2793986	0.3882238	0.5887461	0.6155329	0.5119147	0.9031952	0.9177255	0.8687842	0.8097058	2.8158912	1.1348563	0.2398242
S	2.1118834	0.3696007	0.8775851	1.4310459	1.5693709	1.3766334	1.0727185	1.1433464	1.2865595	0.9811771	1.2656865	0.2141102
T	0.9893841	0.2753619	0.5253071	0.5599529	1.0730526	1.1457944	0.8063762	0.9764974	1.1080350	0.6320065	1.1306100	0.1912384
V	0.3867613	0.1675497	0.8914468	0.5427218	1.0074730	0.6393129	0.8195709	0.8796392	0.9154800	0.8660504	0.5405683	0.2212733
W	0.2244537	0.2153362	1.2800713	0.2355795	0.5089771	0.4780923	0.4726941	0.4861957	0.4943999	0.7637396	1.2645426	40.2284804
Y	0.4138697	0.2294270	0.5587206	0.8192037	1.2363830	0.5758722	0.5012335	0.6579948	0.7516733	1.1713695	0.9347201	6.7356646
