##############
# B4403 PWM for 12-mers
#
# Copyright (2018) David Gfeller
##############
1.00000	283	1
A	2.8628519	0.3924481	1.7296369	1.2801073	0.9332978	1.2583403	1.3065327	1.4087224	1.4035932	1.0085490	0.9904597	0.2162580
C	0.8561074	0.1548558	0.2913828	1.0032535	1.0277335	1.0120960	1.0078086	1.0254534	1.0337408	1.0027696	1.4477492	0.3877172
D	0.5552470	0.8101697	0.8623586	2.7376093	1.1172253	1.7578938	0.8646048	0.7577635	0.6707831	0.8309038	0.6729789	0.1398646
E	2.1129202	11.2995423	0.9006426	1.7111383	0.9806198	1.5445399	1.2178667	0.9301987	0.4922293	0.7250271	0.8452334	0.1645009
F	0.2046444	0.1590985	2.0498525	0.6295501	0.3910633	0.5258680	0.3844122	0.4690640	0.8411199	0.7152663	0.8129906	4.5368813
G	0.6960684	0.2823461	0.6276330	0.9520097	1.4953706	1.2588519	1.9675521	1.8423769	1.4320099	0.9774314	1.1452057	0.3170346
H	0.4497755	0.3618845	1.1966279	0.3419290	0.6602366	1.0336661	1.0261024	0.9420135	0.8421813	1.2945874	1.2809572	0.3557144
I	0.3799568	0.1362431	1.4029831	0.6354843	0.8748972	0.6472962	0.5780050	0.8634328	1.2218345	0.5637294	0.5426557	0.3257757
K	1.2277370	0.5299794	0.6190982	0.9539044	0.5498042	0.8811167	1.7641669	1.4383158	1.3830718	2.2071768	1.4350005	0.2649530
L	0.3458152	0.1631629	1.1373708	0.7129573	1.1938705	0.6218406	0.4932622	0.6070846	0.7377465	0.9689931	1.1840159	0.7811917
M	0.5232492	0.2384110	1.0499922	0.5266992	0.6855196	0.7330570	0.4110722	0.5438725	0.3772950	0.4745613	1.0801479	0.5834194
N	0.6444901	0.3942852	0.8663570	0.9494118	0.7210994	1.0531886	0.9843214	1.4900304	0.9012500	0.9185495	0.6246120	0.1791339
P	0.1735465	0.1755837	0.4569475	1.0458987	1.6155845	0.7795494	1.3641935	0.6008921	0.6864566	0.3725712	0.1479203	0.1715110
Q	2.3359986	0.7961585	0.9960676	1.1623952	1.1067145	1.5751665	1.2861529	1.1540274	1.3630231	1.5953489	1.3224800	0.2401772
R	1.3065899	0.4066198	0.5226930	0.7542696	0.4715392	0.8121646	0.8967768	1.0744674	1.1108166	2.2522600	1.5549692	0.2516254
S	1.7010042	0.3865978	0.7998993	1.3229067	1.4861667	1.2558388	1.2968783	1.3720842	1.5110325	1.0388738	1.7472200	0.2291048
T	1.1107642	0.2875563	0.7212180	0.7674574	1.0747474	1.0752834	0.8978974	0.8655014	1.1283267	0.8016880	1.0285460	0.2063815
V	0.6194635	0.1746686	1.2963564	0.6409124	0.9940288	0.7719781	0.5664535	0.8824112	0.8261027	0.8025764	0.6627352	0.2554026
W	0.2303506	0.2234227	1.3930257	0.2234567	0.7769995	0.2369719	0.2230590	0.2354979	0.5194329	0.2528662	0.5484555	27.6630216
Y	0.4215265	0.2342602	0.7387937	0.4237443	0.8495579	0.6083256	0.4265151	0.5214819	0.6326361	0.6366412	1.2244020	8.3413554
