##############
# B4427 PWM for 12-mers
# Model trained on 11-mer peptides adding one non-specific position after P8.
# Copyright (2016) David Gfeller
##############
1.00000	51	0
A	2.5639188	0.6230962	1.2114431	1.6386172	1.6196037	1.2885606	1.3313409	1.1150299	1.0000000	0.9042320	1.1156019	0.4187884
C	1.0017375	0.2928261	0.5027081	1.0923740	1.0728192	1.0585906	1.0505252	1.0873521	1.0000000	0.9376097	1.4072756	0.5159056
D	1.2283823	1.3854325	2.0118617	1.9257885	1.7517158	1.3440301	0.7987165	0.6044130	1.0000000	0.6076913	0.5624657	0.2662144
E	1.4897864	7.1831320	1.0464978	1.7857403	1.6325439	1.3703294	1.3288058	1.1269983	1.0000000	1.1069628	1.0602237	0.3129649
F	0.4444402	0.3059251	0.7777493	0.4649365	0.3965089	0.4442417	0.9159700	0.7363433	1.0000000	0.3861615	0.7499948	3.7111874
G	0.8878430	0.4511707	0.5093805	0.7777778	1.3171312	1.7989552	1.6427014	1.7865620	1.0000000	0.5204448	0.8824479	0.5279008
H	0.8319729	0.7009301	1.1147335	0.8048776	0.4829272	1.0969471	1.4312781	1.0877007	1.0000000	1.8322664	0.5043225	0.7626565
I	0.6007923	0.2601813	1.3882569	0.7494760	0.7888649	0.9581923	0.6000242	1.1437733	1.0000000	0.3755975	0.7310459	0.5537681
K	0.9548358	1.0259281	0.8875923	0.8013385	0.9461940	0.9358472	1.5192406	0.9935124	1.0000000	2.5618393	1.3678048	0.3507984
L	0.6443042	0.3127027	1.0935596	0.7705027	0.6481890	0.8706608	0.6455421	0.9339091	1.0000000	0.4117800	0.9263046	0.8894425
M	0.6239223	0.4561456	1.0804945	0.9265949	0.6160091	0.7037184	0.6216525	0.7456012	1.0000000	0.5720865	1.2618060	0.7259472
N	1.6114380	0.7560921	1.0254374	0.7114865	1.0775309	1.0567464	0.8528858	1.3761962	1.0000000	1.1026949	0.8236176	0.3481607
P	0.3267166	0.3389181	0.4552136	0.6800762	0.8599206	0.2877023	0.8500695	0.2781544	1.0000000	0.4791153	0.2947236	0.1591184
Q	0.8574586	1.3217349	1.6233693	1.1909793	1.0142580	1.4911493	0.8482543	0.7760291	1.0000000	1.4114770	1.0172197	0.3508800
R	0.9518715	0.7852026	0.7656244	0.5910473	0.9310136	0.9489977	0.8544901	0.9187407	1.0000000	4.1238601	1.8362116	0.3825824
S	1.1889135	0.7418812	0.6300931	1.3939958	1.0950222	0.8264654	1.2397411	1.1126469	1.0000000	0.7860992	1.2589668	0.3689205
T	0.9469538	0.5522487	0.5892065	0.9372961	1.0347700	0.9930450	0.7605850	1.0315671	1.0000000	0.5801805	1.5671746	0.3936213
V	0.7525012	0.3339946	1.0834373	0.8458323	0.7435907	0.8714594	0.7668172	1.1036011	1.0000000	0.5661093	0.9566443	0.4877614
W	0.4532401	0.4303463	1.6201274	0.4480858	0.4021980	0.4351469	0.5222585	0.4906636	1.0000000	0.4714058	0.5301259	19.4546660
Y	0.7760115	0.4511074	0.8903323	0.7722932	0.4426795	0.5016212	1.1672235	0.8390729	1.0000000	0.8462838	1.1003334	7.4702844
