##############
# B4501 PWM for 12-mers
# Model trained on 11-mer peptides adding one non-specific position after P8.
# Copyright (2021) David Gfeller
##############
1.00000	215
A	4.8453677	0.4721134	1.6722611	1.1437123	1.8191246	1.2500570	1.4022405	1.3098774	1.0000000	1.0539670	1.7217520	6.9112559
C	0.4848604	0.1555817	0.2549925	0.6942482	0.7275533	0.7368411	0.7204405	0.7198991	1.0000000	0.7217007	0.6887288	0.3971989
D	0.3529521	0.8636771	0.9130474	1.8425821	1.0720711	1.0483464	0.7134611	0.7996661	1.0000000	0.5076875	0.5249650	0.3225360
E	1.2906136	10.5151723	2.4236034	2.4917578	1.2570103	1.0878577	1.0253520	0.9229242	1.0000000	1.4298076	1.4201623	0.3049701
F	0.2634795	0.1985375	0.3736136	0.4996202	0.7152524	0.6967660	0.5140216	0.5284818	1.0000000	0.6653038	0.3784848	1.0411407
G	0.4729203	0.2414815	0.4049008	1.0068411	1.0394096	1.4890728	1.5055468	1.4367629	1.0000000	0.3512896	0.4395508	0.4621052
H	0.5608236	0.4623566	1.5774986	0.4622438	1.5150481	0.5307135	0.9165968	0.7783187	1.0000000	2.2044515	0.5475008	0.2668383
I	0.3455748	0.1878437	1.1183031	0.6201914	0.4368550	1.2793575	0.6662618	1.1767827	1.0000000	1.3003086	1.1906466	0.3853612
K	0.7570997	0.5927430	0.9388505	0.8090888	0.7594252	0.6874173	1.1199102	1.7746461	1.0000000	0.7573521	1.2720120	0.4320235
L	0.4350764	0.2245995	0.4882986	0.7648702	0.8503273	1.0756692	0.6784594	0.9133376	1.0000000	0.9556789	0.7781357	0.4186683
M	1.2915017	0.2694960	1.3186602	1.0485954	0.3769717	0.6615574	0.3823540	0.7649413	1.0000000	0.8037938	0.4422701	0.4855645
N	0.4400541	0.4495015	0.9762312	0.7656521	0.9554829	0.7974025	1.2947439	0.7251539	1.0000000	0.7058893	0.5092695	0.2810419
P	0.3884415	0.2398475	0.4895247	1.2702379	1.2742465	0.8658602	0.8703351	0.4021626	1.0000000	0.3928149	0.6195277	1.5964930
Q	1.3501570	0.7920616	3.0921368	1.4435977	0.8111882	0.9219722	1.3914071	1.0393424	1.0000000	1.1898268	1.6344662	0.3043644
R	0.6837517	0.4321612	0.5152204	0.9023597	0.6582721	0.5812667	1.1856903	1.4307422	1.0000000	1.8314225	0.9851825	0.2671145
S	1.8702262	0.4171391	1.1548103	0.9531425	1.4480682	1.3361939	1.2607121	0.9786615	1.0000000	0.7082173	0.9902659	0.6078283
T	0.6302612	0.3390995	0.5101973	0.7509228	1.1502932	1.4173154	0.8820156	0.7046201	1.0000000	1.1802194	1.8754138	0.5402833
V	0.5512551	0.2351085	0.6601193	0.5611777	0.4874201	0.8720581	1.0845244	1.0559987	1.0000000	1.5982046	1.4915417	0.7311608
W	0.2197111	0.4970221	0.2414012	0.4975446	0.5411755	0.5096484	0.7851983	0.7842343	1.0000000	0.5409256	0.2262413	0.5092851
Y	0.4038013	0.2761277	0.8583988	0.5009813	1.4701898	0.5229414	0.6251787	0.4228444	1.0000000	1.0966513	0.5173591	0.4452517
