##############
# B4601 PWM for 12-mers
#
# Copyright (2018) David Gfeller
##############
1.00000	24	2
A	1.1960037	2.0729922	0.7760084	0.7517651	1.0862594	0.8478471	1.0020252	0.9470470	1.0334117	2.1835524	2.1480422	0.4939385
C	0.6477566	0.7695459	0.5734633	0.8324418	0.9793086	0.9432296	0.9669178	0.8803649	0.9202703	1.1170361	0.7120702	0.5036053
D	0.4314869	0.5051852	0.3741660	2.8040013	1.2421410	1.6994453	1.0495023	1.4128953	1.5150221	0.6228130	0.7739756	0.3210831
E	0.4478607	0.5177588	0.4188995	1.8233415	0.5358974	1.1257927	0.8216279	1.5714673	0.7547587	0.6528404	1.5080625	0.3501012
F	2.9873612	0.6758484	3.4511552	0.8298382	1.3381705	1.2951545	0.5243317	0.9323498	1.9113227	0.9182691	0.4664511	6.4470877
G	0.5160583	1.0426682	0.4158493	2.3283554	1.2916344	0.6334215	1.7057521	1.9823061	1.5790675	1.1588771	0.7805088	0.3778037
H	0.5743999	0.4383278	0.5793550	0.5356085	0.4516781	1.0926808	1.0901754	1.1571945	0.5155654	1.1148034	0.5277720	1.2739456
I	1.4547532	1.4442456	2.0647403	0.6129038	1.1964196	0.7086816	0.6453873	0.5243566	0.8543716	0.8063995	0.7659591	0.8658359
K	0.5103081	0.5971948	1.1052114	0.7007388	0.5659297	0.7304872	0.8718235	1.2069636	0.5413276	0.7144632	0.7564552	0.3936953
L	1.4206309	1.6182498	1.0375091	0.6427072	0.9962889	0.8525841	0.8331424	0.6487974	1.1012665	0.6523288	0.6037453	1.2464522
M	1.4970557	1.5089554	1.0285027	1.0058714	0.8284123	0.7448159	0.7360163	0.6736042	0.8168425	1.1920523	1.1185772	2.6625708
N	0.8233040	0.8971836	0.4337810	0.8918700	1.3289291	0.8573382	1.8033546	0.8251257	0.6238621	1.0903385	1.0651550	0.4153112
P	0.2605137	0.3205475	0.6045607	1.0290454	1.7284844	1.4063394	0.6814980	0.3291236	1.7094176	0.3637999	1.1059441	0.1918512
Q	0.7410854	0.8120343	0.4631305	0.7331117	0.4995554	0.6854375	0.6466373	1.0691911	0.5007827	1.2086224	0.7523836	0.3960115
R	0.4957360	0.5411606	0.5728538	0.5655978	0.4935136	0.9066254	0.6408288	1.0428900	0.4682659	0.6416486	0.6315643	0.4345762
S	0.8063033	1.3128497	0.5071746	1.0764217	0.9483409	1.9746590	1.3850417	0.9975170	0.6734133	1.7056385	1.6991667	0.4377631
T	0.8819085	0.7996325	0.5935923	0.6444120	1.3501853	1.2623610	1.6409523	1.3122502	0.8134964	1.5365114	1.5244178	0.4843348
V	1.2328249	1.2772653	1.3538953	0.4935914	0.9333264	0.5947715	0.8776259	0.6629911	0.8028534	0.8870745	0.8602396	0.7128323
W	0.9665483	0.5172972	1.0583740	0.4746912	0.5190582	0.5295187	2.6616613	0.6056280	0.7239401	0.5390389	0.4660797	1.4867722
Y	2.6284362	0.5834356	3.2315011	0.5306318	0.6763488	0.7307897	0.6170381	1.1537061	1.7996305	0.6890483	0.5307529	4.4570071
