##############
# B4801 PWM for 12-mers
# Model trained on 11-mer peptides adding one non-specific position after P8.
# Copyright (2021) David Gfeller
##############
1.00000	179
A	1.2173853	1.0272054	1.2309649	1.1965848	0.9796308	1.2325570	1.0000000	1.0000000	1.0000000	0.9252467	2.1610003	0.3135166
C	0.7001521	0.3800948	0.6013474	0.6756048	0.6839922	0.6777808	1.0000000	1.0000000	1.0000000	0.6840892	0.3393291	0.3585387
D	0.3542666	0.4480087	0.5760590	0.5305568	0.7102084	0.8669938	1.0000000	1.0000000	1.0000000	0.9481153	0.6602232	0.1517427
E	0.3750446	0.9831484	0.4175169	1.4277181	1.2866515	1.1550077	1.0000000	1.0000000	1.0000000	1.1781450	1.9037429	0.1755737
F	0.3437511	0.2008312	2.8973968	0.3999636	0.6446312	0.3277585	1.0000000	1.0000000	1.0000000	0.5916553	0.4815100	0.7124263
G	3.9061880	0.4437353	0.5748300	1.2123870	0.8415323	0.8827802	1.0000000	1.0000000	1.0000000	0.4779923	0.9042781	0.1586350
H	1.0226678	0.5153076	0.8773583	0.3467157	1.1456256	1.4265261	1.0000000	1.0000000	1.0000000	1.0349150	0.6459213	0.2126056
I	0.4391591	0.2559311	1.3148853	0.8459860	2.1064251	1.1934942	1.0000000	1.0000000	1.0000000	1.2687338	0.3869286	1.0772517
K	2.0789478	2.5984947	0.3850929	0.8638099	0.4484574	0.9057932	1.0000000	1.0000000	1.0000000	0.4285314	0.6227636	0.2212425
L	0.2553895	0.2693755	0.9247290	0.8268615	0.9027329	0.6214599	1.0000000	1.0000000	1.0000000	0.4329154	0.4242910	7.0021754
M	0.3268991	0.5572917	1.7956798	0.5754674	1.1619555	0.8187793	1.0000000	1.0000000	1.0000000	0.5812489	0.6542268	1.1006397
N	0.7067986	0.5107772	1.0612311	0.7984757	1.0151005	0.9061810	1.0000000	1.0000000	1.0000000	1.2232859	0.7183272	0.1752422
P	0.2292819	0.2536984	0.8975138	1.9380890	0.5985806	1.4685956	1.0000000	1.0000000	1.0000000	1.3154031	0.3435390	0.1456897
Q	0.7603528	10.3877650	0.8840696	1.9636044	1.9224961	1.3899656	1.0000000	1.0000000	1.0000000	2.3562925	1.0480489	0.2233847
R	2.0772465	0.7203700	0.3577457	0.5665385	0.4010829	0.6271817	1.0000000	1.0000000	1.0000000	0.4235415	0.5699284	0.2344888
S	1.2171248	0.5269306	1.0272985	1.2541317	0.7484635	1.4560598	1.0000000	1.0000000	1.0000000	1.2277901	2.4599087	0.2022601
T	0.5860848	0.4805974	1.3938904	0.8702031	1.3950090	1.2424096	1.0000000	1.0000000	1.0000000	1.8635508	2.0084909	0.3356513
V	0.5464933	0.3038157	1.2536525	1.3441830	1.4927449	1.1306226	1.0000000	1.0000000	1.0000000	1.7781974	0.8520916	0.7680776
W	0.2462802	0.2433195	1.3291728	0.2362691	0.2656901	0.2438817	1.0000000	1.0000000	1.0000000	0.2502737	0.2559642	0.3173689
Y	0.5349952	0.3486054	1.3837933	0.5534938	0.7268929	0.6957500	1.0000000	1.0000000	1.0000000	0.7155416	0.6962456	0.7571467
