##############
# B4901 PWM for 12-mers
# Model trained on 11-mer peptides adding one non-specific position after P8.
# Copyright (2016) David Gfeller
##############
1.00000	33	0
A	1.6264482	0.6716924	0.8513392	0.8417853	0.9569004	0.7075874	0.9127990	0.9737616	1.0000000	1.0533699	0.9100844	0.7980649
C	0.9338380	0.4209769	0.7322523	0.7697673	0.8074284	0.8313016	0.8702393	0.8800695	1.0000000	0.9197731	0.5705705	0.7214481
D	0.5680035	1.4877415	2.4898765	3.2981893	1.5850891	1.9656073	0.6216777	1.0682502	1.0000000	0.5465552	0.5689364	0.3046996
E	0.6599580	6.4511561	0.5763127	1.6275636	1.8878380	1.2254282	0.6019293	0.5331419	1.0000000	0.6449582	0.6132787	0.3007294
F	0.4139344	0.3298423	2.2531228	0.6976213	0.6843625	0.8356198	0.5492180	1.8557140	1.0000000	0.4996908	0.8546990	0.8167980
G	1.9655364	0.4858910	0.7292541	1.8984359	1.9334527	1.0829012	2.1673419	1.6168872	1.0000000	0.8141200	0.8355423	0.3347892
H	0.9416780	0.7530795	1.0541554	0.5141183	0.5498790	0.5277915	0.5283174	0.5085087	1.0000000	0.9486820	0.9845119	0.2797181
I	0.7540347	0.2813876	1.4421722	0.5496977	0.4190023	0.9123862	1.2201909	0.8081640	1.0000000	1.0878622	0.6534129	3.9058349
K	2.0137808	1.1020651	0.4724316	0.6840797	0.7547484	1.2149716	1.5247827	0.7337933	1.0000000	0.8971379	1.4115220	0.4146160
L	0.5179143	0.3378564	1.0110783	0.5621275	0.5238847	1.2944159	0.8446036	1.2717444	1.0000000	0.7091774	0.8146607	1.5940099
M	0.6569926	0.4918843	0.8575956	0.8882977	0.5632866	0.8517924	0.7710244	1.5225770	1.0000000	1.1572960	0.7649528	1.6638040
N	0.7351139	0.8126240	0.6478830	0.8882508	1.0701450	1.3094983	1.5095819	1.4356196	1.0000000	0.9521547	1.0187835	0.3295186
P	0.3388310	0.3645817	0.2484044	1.3916385	1.6772414	0.3014400	0.3100009	0.8192038	1.0000000	0.3027114	0.3181873	0.2235888
Q	0.9768507	1.4193864	0.4606411	0.9064321	1.1934218	1.1454249	1.0914119	0.7476985	1.0000000	1.5764715	0.7387796	0.3583523
R	2.0202223	0.8436677	0.4343879	0.5529610	0.6198851	0.9362578	0.9834054	0.5508713	1.0000000	2.3084807	2.6385676	0.5957291
S	1.1300818	0.7983836	0.5588369	1.0233791	1.6014520	1.2521454	1.2019348	0.9977968	1.0000000	1.1822494	1.3853836	0.4323264
T	1.2140594	0.5948992	0.5640741	0.7993299	0.7211399	0.8669171	1.4002555	1.1718824	1.0000000	1.4459591	1.9746620	0.6822085
V	0.7171263	0.3609328	1.1468561	0.4635233	0.5486245	0.7567988	0.7283629	0.6619206	1.0000000	1.5440192	0.9578558	2.6637294
W	0.4675385	0.4631364	0.9585490	0.4266180	0.4382299	0.4874545	0.5235525	0.6368953	1.0000000	0.4836680	0.5685706	0.4980740
Y	0.5256939	0.4854597	3.6435725	0.4840113	0.5121542	0.5665989	0.9059795	1.1597916	1.0000000	0.5794867	1.0334790	0.6035872
