##############
# B5101 PWM for 12-mers
#
# Copyright (2018) David Gfeller
##############
1.00000	47	2
A	0.6536347	2.6110465	0.8028862	1.1183326	1.1337573	1.0950757	0.8445674	0.8733570	1.0262392	0.7085949	1.0511251	0.9278320
C	1.1746062	0.5833126	0.6275707	1.0725042	1.0646102	1.0531053	1.0170787	1.0876202	1.0780467	0.9865107	1.2908183	0.6186830
D	1.3059510	0.6834953	0.5538120	1.1383316	0.9768806	1.3254910	1.1765520	0.5363522	0.5226019	1.3419131	0.6968701	0.3113594
E	0.4123556	0.5163755	0.4007657	1.1928827	1.2350384	0.7721253	1.1264488	0.8714451	0.9208843	1.1447953	0.7418766	0.3180184
F	2.4419326	0.3058912	2.2217250	0.8162080	0.9717886	0.4546324	0.4997707	0.8113229	1.9077738	1.0535847	1.2719464	2.8633807
G	0.3758623	0.8833282	0.9956949	1.2876470	1.2993270	0.9255922	0.8900323	0.8739756	1.8468404	1.0591881	0.7018780	0.5722036
H	0.7458902	0.3822498	1.0405007	0.4819459	0.4957578	0.8088843	1.1420379	1.0908189	1.1211475	0.8968774	1.0542543	0.6856785
I	1.6620938	0.3822931	1.0484069	0.8693322	0.9047470	0.8495659	0.6835235	1.2399514	0.8630679	0.5334789	1.4537360	2.2781311
K	0.5361049	0.5890248	0.6015115	1.0320715	1.0411780	0.9435130	1.2995912	0.9841179	0.7192783	0.7733702	0.6685530	0.3989334
L	2.1038716	0.3832330	1.3565024	1.1311280	0.7360453	0.7835453	1.2216772	1.4972530	0.9703019	0.8205038	1.3685473	1.5768163
M	1.9478029	0.4672705	1.1588389	1.0397754	0.6860697	0.6725494	0.7369210	1.4337416	0.7720737	1.4954842	0.9329723	1.3854188
N	0.6520795	0.4953666	0.4762146	0.8075110	0.8185208	1.0505976	1.2201007	1.1538836	0.5915925	1.0524589	0.7970877	0.3699599
P	0.2126836	5.7407430	0.4301551	0.8667769	1.4687742	2.2573404	2.2459405	1.2466989	0.8580741	1.0460331	0.2798849	0.2121864
Q	0.4009878	0.4760289	0.4503458	0.6173215	1.1475138	1.4693682	0.9884518	0.5725135	1.4226082	1.3624449	0.6950543	0.3567673
R	0.4219993	0.4499291	0.6429177	1.1097733	0.7825639	0.9616175	0.8318597	0.9254248	0.5530078	1.8371476	0.5166192	0.5557044
S	0.4536449	0.9261214	0.7373778	1.0836429	1.0218144	0.8290950	0.7447963	1.0481862	0.9886645	0.7357969	1.3640038	0.4782652
T	0.5497502	0.6398306	0.6731501	0.6279024	0.9067120	1.1666948	0.5857645	0.7669415	1.0149666	0.7011110	1.7902277	0.8613129
V	1.4592468	0.4835182	0.8807251	0.9837145	0.9694486	0.7676466	0.7194909	0.9136286	0.9813632	0.6722395	1.2968180	1.9945961
W	0.7165573	0.2985623	1.1786402	1.7210494	0.5184637	0.4274644	0.4379260	1.6642579	0.5926912	2.9781020	0.5182987	1.9048377
Y	1.7638343	0.4029513	6.0150236	1.1610634	1.1613516	0.7875082	0.8154139	0.6160961	1.0765392	1.5596413	0.6810307	1.2843522
