##############
# B5108 PWM for 12-mers
# Model trained on 11-mer peptides adding one non-specific position after P8.
# Copyright (2021) David Gfeller
##############
1.00000	486
A	0.6670698	6.2026810	1.2386026	1.0117363	0.9500603	1.1003427	1.0000000	1.0000000	1.0000000	0.8966016	1.0349756	0.2293385
C	0.9015583	0.2070513	0.4571107	0.6051805	0.6164640	0.6250814	1.0000000	1.0000000	1.0000000	0.6038938	0.9155619	0.2184673
D	3.1422892	0.1661395	0.3502524	1.3402246	0.6846051	0.5778469	1.0000000	1.0000000	1.0000000	0.6137457	0.2590188	0.0974903
E	0.7300201	0.1845183	0.4517565	1.7170853	0.7448120	0.6208821	1.0000000	1.0000000	1.0000000	1.1030641	1.2804931	0.0981294
F	1.0838871	0.1261564	0.8635770	0.5788134	0.8059052	1.0547901	1.0000000	1.0000000	1.0000000	0.2000549	0.3373781	0.2806293
G	0.1542976	0.2481821	0.2716028	0.9194005	0.5717890	0.6903550	1.0000000	1.0000000	1.0000000	0.1646147	0.4010573	0.0931918
H	0.7443533	0.1535485	1.5122887	1.1150732	1.7258883	1.0951830	1.0000000	1.0000000	1.0000000	2.9767630	1.1796309	0.0931804
I	1.3205360	0.1778018	0.6658800	0.9081839	1.4425658	1.7617815	1.0000000	1.0000000	1.0000000	0.9370116	0.4096016	6.9557448
K	0.3706038	0.2077582	2.0499753	0.7474886	0.9706372	0.7889012	1.0000000	1.0000000	1.0000000	1.2605661	1.0758446	0.1198140
L	1.5691964	0.1540687	1.0666128	0.9504623	0.6440354	0.8673199	1.0000000	1.0000000	1.0000000	0.8114953	0.5538688	0.4620122
M	1.5822331	0.1793376	1.8808719	0.9587418	0.4639599	0.4816084	1.0000000	1.0000000	1.0000000	1.0370433	1.0161238	0.4237123
N	1.1565540	0.1665053	1.2635587	0.9435412	0.7763195	0.6454526	1.0000000	1.0000000	1.0000000	1.3104633	0.9586492	0.1056314
P	0.1115733	7.1004505	1.9976913	1.6570113	1.1861591	1.5496212	1.0000000	1.0000000	1.0000000	1.0547896	0.1369620	0.0882938
Q	0.8306858	0.1781447	1.4387861	1.0349780	1.2546231	0.8714821	1.0000000	1.0000000	1.0000000	1.5286351	1.8804210	0.1131401
R	0.1986670	0.1533381	0.5649285	0.5219078	0.7587858	0.2666238	1.0000000	1.0000000	1.0000000	1.2587738	0.6982795	0.1057113
S	0.8290253	0.3087894	1.2658142	1.1726396	1.0209963	1.1304103	1.0000000	1.0000000	1.0000000	0.9021278	1.9763014	0.1327279
T	1.0812245	0.2451859	0.6235010	1.1259815	1.5459773	1.1621799	1.0000000	1.0000000	1.0000000	1.0959669	3.7132965	0.2486649
V	1.4350329	0.2338334	0.5000327	0.9493920	2.0454161	2.2586128	1.0000000	1.0000000	1.0000000	1.5901958	1.0865955	6.5082231
W	0.1720467	0.0992523	0.4475529	0.1351415	0.1529694	0.1534707	1.0000000	1.0000000	1.0000000	0.4237564	0.1438093	0.1341629
Y	1.7932869	0.1540537	1.7642180	0.4146907	1.0422664	0.9885063	1.0000000	1.0000000	1.0000000	0.8215951	0.5787020	0.2040818
