##############
# B5201 PWM for 12-mers
# Model trained on 11-mer peptides adding one non-specific position after P8.
# Copyright (2016) David Gfeller
##############
1.00000	179	0
A	0.9579858	0.5392894	0.4457134	0.9023294	0.7354238	0.6638010	1.0000000	1.0000000	1.0000000	0.5190802	0.9747621	0.5425013
C	0.8184923	0.4187011	0.5711773	0.7576964	0.7619995	0.7623317	1.0000000	1.0000000	1.0000000	0.7586206	0.3893115	0.4690002
D	0.3985687	0.4459816	0.4303572	0.9202827	0.3287438	0.7259358	1.0000000	1.0000000	1.0000000	0.7175162	0.4299898	0.1815732
E	1.0353251	0.7864345	0.3359427	1.0385299	0.4307555	1.0619374	1.0000000	1.0000000	1.0000000	1.0778255	0.8978007	0.1866723
F	0.4576312	0.5687673	2.1146948	0.6606911	4.5731473	1.1004638	1.0000000	1.0000000	1.0000000	0.3492158	0.3945947	0.4858301
G	1.5668888	0.4878306	0.2764099	0.9695710	0.8437996	1.0257993	1.0000000	1.0000000	1.0000000	0.4701881	0.4554949	0.2033208
H	3.7674181	0.4649355	2.1852939	0.2986694	0.7872789	0.7950009	1.0000000	1.0000000	1.0000000	1.8061532	0.7027914	0.1599651
I	0.9181375	0.2741170	0.9294053	1.0261304	1.7540279	1.3807211	1.0000000	1.0000000	1.0000000	1.1418286	0.5603430	3.9410904
K	0.5365884	0.6981234	1.3181452	1.4179112	0.4771099	0.7994593	1.0000000	1.0000000	1.0000000	0.7497464	1.0820551	0.2319788
L	0.6258971	0.4389359	0.7153212	1.1491622	1.2462332	1.0044966	1.0000000	1.0000000	1.0000000	0.8469464	0.5062851	1.1029349
M	0.8648527	1.8204284	0.7640620	0.9043748	1.1475249	0.7877195	1.0000000	1.0000000	1.0000000	0.9021468	0.5946396	1.7282755
N	1.4025832	0.6756577	1.0856096	0.5562824	0.6891665	1.2742657	1.0000000	1.0000000	1.0000000	2.9691552	1.6917220	0.1977815
P	0.1838432	0.2695849	0.2239081	1.7698560	0.4732629	0.9703988	1.0000000	1.0000000	1.0000000	0.7071148	0.2142378	0.1388379
Q	1.8546692	11.0320811	0.7121134	1.5252502	1.0795765	1.3467447	1.0000000	1.0000000	1.0000000	1.2101313	1.4123225	0.2169299
R	0.5380320	0.6521727	2.0663502	0.6984320	0.5744363	0.7920261	1.0000000	1.0000000	1.0000000	0.6059229	0.8634965	0.2200551
S	1.1283507	1.0814734	0.4119826	0.9075127	0.3354956	0.8579400	1.0000000	1.0000000	1.0000000	0.8712371	1.7983212	0.2716347
T	1.1330635	1.2210176	0.7099308	1.2497776	0.6531113	1.6717273	1.0000000	1.0000000	1.0000000	1.4558481	4.0759490	0.4476732
V	1.2268252	0.3050887	0.9409283	0.8872644	1.2034277	1.0935926	1.0000000	1.0000000	1.0000000	1.6934606	1.1758086	5.0956186
W	0.3593484	0.3198140	0.6673840	0.2987516	0.5065722	0.3260175	1.0000000	1.0000000	1.0000000	0.3034624	0.3130674	0.3002697
Y	1.3824365	0.3891168	6.3333183	0.5784966	1.6422236	0.6347930	1.0000000	1.0000000	1.0000000	0.7268276	0.7037839	0.3733911
