##############
# B5301 PWM for 12-mers
#
# Copyright (2021) David Gfeller
##############
1.00000	69
A	0.8568738	1.3982660	0.8051222	1.0005629	0.7300174	0.8353261	1.0330211	1.2359538	1.1068428	0.8729756	0.8760649	0.3440020
C	1.0897803	0.3778468	0.6184113	0.8879825	0.9013219	0.8643374	0.9386869	0.9121629	0.9526363	0.9276551	0.6362876	0.3115028
D	0.3893668	0.5738418	0.5909279	1.8625209	0.7136333	2.0745966	1.8020762	0.8351493	1.0662673	1.0763443	0.4608608	0.2257412
E	0.5308825	0.4547609	1.3514883	1.2158010	1.6053009	1.9557834	0.7800974	1.2313079	0.8481593	1.1526677	0.6399803	0.2616314
F	2.5870089	0.2610902	1.7459141	0.3775262	0.6700998	0.5579879	0.7841837	0.4851700	0.4568827	1.3376113	0.9191214	3.9425161
G	0.6167582	0.4430041	0.3323128	1.0803941	1.8623865	1.3029853	0.9578227	1.4154189	1.0528882	0.3972713	0.6372451	0.2842927
H	3.0131555	0.3691458	1.3753022	0.7947354	1.0408994	0.5587437	1.5685133	1.0552838	1.0015973	1.9054702	1.0593964	0.4717539
I	0.9136540	0.3842503	1.0825664	0.4569551	0.6433010	0.5527675	0.7931491	0.9619069	1.2524812	1.0338621	1.0293161	1.3262301
K	0.4688626	0.5110516	0.5186466	0.8132673	0.5770435	1.0690136	0.7463949	1.5749758	0.9812697	0.6799669	1.0895677	0.2793689
L	1.4801184	0.3232838	1.9182231	0.4663139	0.9090692	0.5167663	0.6676108	0.6196285	1.0185994	1.2055602	1.4056467	1.0167416
M	2.3399562	0.3687023	1.3069547	1.1115846	0.5788091	0.4920301	0.5604917	0.7793140	0.6715245	0.9462443	0.7761031	0.7129315
N	0.6564199	0.4178995	0.7461811	1.5789983	0.5958531	1.4687409	0.9659766	1.1914051	0.9008913	1.0344045	1.0209232	0.2754542
P	0.2624932	10.0325605	0.2534295	2.6628279	2.1461523	0.9945330	2.0334099	1.1555053	1.3307581	0.6305878	0.2987062	0.1448904
Q	0.9100894	0.4139632	0.9614965	1.0250858	1.0054399	1.1174599	0.8204325	0.6266951	1.1277548	1.2886293	1.5935478	0.2792429
R	0.5628188	0.3605306	0.8161540	0.7500043	0.5812902	1.0503818	0.5929040	0.9513355	0.8857435	0.8703147	1.9399169	0.2964284
S	0.8353589	0.5788377	0.4477428	1.1344977	1.3153066	1.1218432	1.3642800	0.7822016	1.1827217	0.8863048	0.6856690	0.2822453
T	0.9814726	0.5439424	0.5035760	0.9340384	0.9165033	0.8131654	0.9612566	0.9032766	1.0638571	1.0176012	1.7851987	0.3717515
V	0.9587304	0.5069589	1.2396772	0.6291110	0.7725074	0.7119212	1.0713226	1.0150771	1.1138642	1.1778968	1.0401659	0.6428275
W	0.5935119	0.1840913	2.7224214	0.3036045	0.3797099	0.3305656	1.0484455	0.3746760	0.3208734	0.4592651	0.4141828	26.6763381
Y	2.2946333	0.3452591	2.5870560	0.6389828	1.1563923	0.6546379	0.5370729	1.1419579	0.4642481	1.5740350	1.0210425	2.7286869
