##############
# B5401 PWM for 12-mers
#
# Copyright (2018) David Gfeller
##############
1.00000	32	2
A	0.5968765	0.9855725	0.7344699	0.8013678	0.8697279	0.8355478	0.9675127	1.2254237	1.1238865	0.9815191	1.6748939	3.6660376
C	2.0547251	0.6032757	0.8104658	1.2229524	1.2962984	1.2346773	1.2209982	1.2753238	1.2436664	1.2935626	1.3169876	0.9406616
D	0.3275169	0.5115763	0.3932761	1.3934946	1.0169188	1.6305697	0.7084477	0.9828411	1.3930389	0.7814640	0.7879100	0.4436541
E	0.3516404	0.5189948	0.4542209	1.2718889	0.5140139	0.8143470	0.6039028	1.0304336	0.9567393	0.8517756	0.6994189	0.5330423
F	3.1382243	0.3003387	2.7139990	2.2499809	0.7048798	1.5038346	0.7103782	0.4628913	0.8759334	1.0865630	0.8596885	0.8540933
G	0.3804189	0.5394678	0.4262673	1.0504812	1.5820672	1.6192574	3.3342567	1.2088902	1.6483720	1.3007818	0.6244247	0.8198420
H	0.9447242	0.8452981	1.4088778	1.0045860	0.4693626	0.5305335	0.9945550	1.4361860	1.4079739	0.9787025	0.8672238	0.4230741
I	1.3151256	0.3703218	1.4067471	0.9208246	1.3980803	0.6652800	0.5200317	0.6304821	0.6310222	0.9740630	0.9767931	0.9635440
K	0.4227198	0.6103286	0.9678552	0.7681468	0.7183849	0.9872067	1.0384493	1.4303522	0.8209150	0.6043678	0.6064172	0.6640957
L	1.9151695	0.3930285	1.6376110	1.1328454	1.4130225	1.1729823	0.5362896	0.8436527	0.8916050	1.2409193	1.0638184	1.0694989
M	3.4664998	0.7882826	1.7651393	0.8422423	0.9248454	0.8120671	0.5774229	0.7135026	0.7241047	1.9060634	0.8763188	0.8832188
N	0.4110285	0.4894999	0.5116827	0.9281093	0.8686597	1.2454396	2.1136607	1.5953197	1.2347534	0.8414530	0.8584542	0.4874906
P	0.2168475	8.1132775	0.2416375	0.2701004	1.3686820	0.5559835	0.8496748	0.6088721	0.8356115	0.8170617	1.1290449	0.3496136
Q	0.4279327	0.4823269	0.5476813	0.8377073	0.7204009	1.0464695	1.0692829	0.9690527	0.8437144	0.7957929	0.5508780	0.7755390
R	0.4424756	0.4626031	1.5493971	0.5751823	0.5197211	0.8653597	0.9019327	1.0168840	0.8321353	0.7703954	0.7563459	1.0180872
S	0.6154095	0.6716084	0.6781759	1.0421400	1.0553356	0.9669073	1.4831304	1.6693303	0.8640878	0.7862868	1.4353014	0.9535216
T	0.7515812	0.5989668	0.7639892	0.6253952	0.8417290	0.8157433	0.7065636	1.1203101	0.8070484	0.8121369	0.7927659	0.7463029
V	1.1359188	0.4037714	0.9803659	0.7603227	0.9310844	0.8047263	0.4496022	0.5613455	0.8984984	1.1843949	1.7888548	1.3290077
W	0.9649550	0.2631989	0.8178489	2.3990919	0.5649746	0.5982424	0.4698130	0.4623341	2.2074793	0.6874726	0.4764483	0.5068288
Y	2.6506768	0.4376089	1.8611326	1.7246966	1.3232367	1.0890740	0.5446883	0.5704881	1.0704160	1.8579810	0.6268568	0.6078331
