##############
# B5501 PWM for 12-mers
#
# Copyright (2021) David Gfeller
##############
1.00000	43
A	1.7021291	0.6211843	1.0451156	1.2595169	1.2452777	1.1487397	1.4951335	1.3126040	1.3765664	0.9906593	1.8681755	3.7009362
C	0.8606715	0.5003617	0.6110273	0.7093542	0.7754218	0.7838100	0.7757413	0.7783776	0.7756614	0.7751721	0.5475118	0.6460300
D	0.5524305	0.4919710	0.4744581	1.2022153	0.6943716	0.6911989	0.5497827	0.5101063	0.7945429	0.5582198	0.7322915	0.6261780
E	0.6393825	0.4865639	0.6224254	1.0002742	0.6700563	0.5471242	0.6493926	0.5097812	0.9394259	0.8652476	0.8363319	0.5037756
F	0.4856100	0.3104016	0.7491233	0.3837252	0.5200166	1.1166631	0.6647205	0.4544541	0.4902986	0.4449225	0.9984419	1.0931524
G	0.5663381	0.4223695	0.8193478	2.7022594	1.3769743	1.2144270	1.9905357	2.5231165	1.9800135	1.2338708	0.9245588	0.6933382
H	0.5390941	0.4169120	1.0886238	0.4997502	0.8784337	0.5262908	0.8713183	0.4571288	0.5033079	0.5085858	0.8627069	0.8624187
I	0.9670842	0.4379728	0.7133769	0.5868096	1.2785072	0.8551328	0.7233102	0.5905197	1.0629647	1.1013274	0.8614970	0.8368678
K	1.5506323	0.5815593	2.2303245	0.8743677	1.0468486	0.9086389	0.6187235	0.9938953	0.6219726	1.0117292	0.8593125	0.5631855
L	0.9557690	0.5565684	0.7083874	0.4893454	0.6265840	1.0525213	0.4760506	0.8434303	0.8291485	0.5748446	0.6875161	0.9331334
M	0.7471723	0.4463044	0.6542481	0.4965076	0.6839626	0.7398688	0.5544277	0.6204840	0.6641457	0.9297486	0.6835696	1.0223774
N	1.0828896	0.6863226	0.6393519	0.8853203	0.7932773	0.6342658	1.0522362	0.6496356	1.2768108	0.6600988	0.6055238	0.4816536
P	0.6371673	9.7030614	0.3403348	2.6111254	1.5907309	1.3549965	2.6199755	1.8677171	1.0986362	1.9018562	1.6468885	0.9039410
Q	1.2509430	0.4630804	0.7815450	0.9596215	0.7720625	0.9468824	0.7337961	0.7350210	0.7671138	1.0361913	0.7685777	0.5133442
R	1.3994787	0.5850822	2.9065013	0.5117307	1.2401575	1.0663527	0.8215762	0.7043485	0.8313451	1.4712637	0.5214906	0.6231255
S	1.3244048	0.5897112	0.8268972	0.8990018	0.8395596	1.2419173	0.9709411	1.1770686	1.1345550	1.5581367	1.2953627	0.8507726
T	1.4887222	0.8793450	0.6061860	0.6086845	0.6677346	1.5776033	1.4025439	1.5540986	0.9775853	1.0519290	1.1934038	0.7057274
V	0.9862884	0.4495338	0.8078418	0.6170802	1.8730173	0.9330342	0.9527022	0.7145866	1.0459529	1.2726707	1.6309850	1.3016845
W	0.3683170	0.2053105	1.6553296	1.3872493	0.3762992	0.4624675	0.3443680	1.4193333	1.4243750	0.3424559	0.3789840	0.4349808
Y	0.5086699	0.3842533	2.5423643	0.4380834	0.8301003	1.2353623	0.5063022	0.4725464	0.4915139	0.4755612	0.6012551	0.9556544
