##############
# B5701 PWM for 12-mers
#
# Copyright (2021) David Gfeller
##############
1.00000	1067
A	1.3615801	1.8563589	1.3319262	0.6897837	1.0045633	0.7957795	0.7530323	0.8896482	0.7838648	0.6692657	0.7651036	0.1038368
C	0.2448627	0.1162878	0.2529817	0.3584843	0.3600766	0.3548390	0.3541281	0.3619998	0.3659552	0.3549564	0.2493574	0.2144678
D	0.2354365	0.3212822	0.3393794	1.5685344	1.9845902	3.1818881	1.4305828	1.2738282	0.7323005	0.5532038	0.2935397	0.0494128
E	0.2485136	0.2454920	0.2396507	1.2164891	1.2737889	1.3841922	1.2350730	1.1279807	0.5598860	1.0017877	1.0387472	0.0997779
F	0.5993762	0.1130885	1.9958692	0.3550795	0.7199838	0.5442415	0.3598247	0.5756528	1.0869862	1.4494779	1.0681872	3.7715410
G	0.5706203	0.7279278	0.7810696	1.1168979	0.8539304	0.9653241	1.6844295	1.2684155	0.8957588	0.4738859	0.6063885	0.1131248
H	1.5511445	0.1564879	0.5750451	0.6754947	0.7663553	0.7064163	1.1447968	0.9257517	0.8582927	1.4205541	0.8324218	0.1342604
I	1.4232825	0.3511173	1.4111557	0.6693293	0.9902929	0.8337926	0.7338811	0.9666454	1.5872923	0.8527231	1.0658486	0.3598139
K	2.7242487	0.2017493	1.1601495	0.8211002	0.3741978	0.8025520	1.2654480	1.0340075	0.6802760	1.0775275	0.7880636	0.1162032
L	1.0285539	0.4416772	1.9860998	0.5696580	0.9592300	0.7782354	0.8741706	1.1037990	1.4998222	0.9276925	1.8247475	0.3708740
M	1.3237287	0.3734751	1.2588017	0.4276869	0.8251994	0.3312355	0.6768195	0.5903481	0.9942419	1.2202944	1.1035248	0.5023646
N	0.3475257	0.2269913	0.5863543	0.9135503	1.0154049	0.8975647	1.0768274	0.8835166	1.0571924	0.8021740	0.7338960	0.0800467
P	0.1150339	0.2308248	0.2601962	2.4997294	1.4935343	1.1637019	1.2591468	0.8664045	0.7599811	0.3632899	0.1296910	0.0621173
Q	1.0161192	0.2632980	0.4418470	1.0347205	0.9178940	0.9694639	1.1169768	1.0320159	1.3115503	2.1319861	1.7065114	0.1057552
R	2.1534618	0.1309567	0.7298969	0.5205971	0.3563214	0.5171569	0.9034101	0.6433025	0.4648035	2.5261050	0.7648432	0.0970669
S	0.7028260	5.0838067	1.0194428	2.6102745	1.3174675	1.4349472	1.2273850	1.1979806	0.9915001	0.8453035	1.2796888	0.0997525
T	0.8561891	4.4308325	0.5007335	0.9675256	1.1104278	1.0170627	0.9028241	1.6461178	1.0480281	0.8584614	1.8037714	0.1371962
V	1.3667294	1.2292784	1.2738690	0.6370323	1.0660809	0.8538963	0.7885037	1.0092121	1.5936519	0.8687279	1.1416926	0.1225780
W	0.4989089	0.2104145	2.3524529	0.4185896	1.4006832	0.4215960	0.3514862	0.5669691	1.0645980	1.6352270	0.9287348	51.0686987
Y	0.6275751	0.0960996	1.3490678	0.5513456	0.9042013	0.6671093	0.5252555	0.6480314	1.1174900	1.3052579	1.0920035	2.2648959
