##############
# B5703 PWM for 12-mers
#
# Copyright (2021) David Gfeller
##############
1.00000	222
A	0.9281474	1.9430381	0.9406144	0.7295397	0.8401235	1.0282158	0.8781694	0.8659771	0.9447492	0.5314060	0.7780320	0.2259516
C	0.3650212	0.3565383	0.4134804	0.4603166	0.4876003	0.4785847	0.4717323	0.4688926	0.4993865	0.4819168	0.4000388	0.3341892
D	0.5960446	0.4111767	0.5148699	2.0821034	2.0201833	2.3971516	1.9309030	1.6848104	0.8428876	0.6489226	0.5811034	0.1518211
E	0.4772454	0.4346027	0.3302959	1.3445689	1.1665864	0.8004616	0.8907899	1.0087591	0.8331699	0.5879382	1.0122003	0.2132213
F	0.7641167	0.2694776	2.7329082	0.3937609	0.7921536	0.6649503	0.5817867	0.8177641	0.7969338	2.7352789	1.0438963	7.6660830
G	0.8347563	0.5652420	0.5562303	0.8088082	0.8532873	1.2849965	1.4655774	1.7354555	0.9728678	0.6721280	0.4688589	0.2296440
H	1.3796015	0.5172182	0.3866158	0.6662535	0.5502673	0.7630498	0.7793944	0.8823940	1.3360585	1.3645018	1.2733728	0.2903487
I	1.1831894	0.5241302	1.9660201	0.6360362	1.1075391	1.1104445	0.7230753	1.0078503	1.3322029	1.3170234	0.8169226	0.7819564
K	3.3022596	0.3715253	0.5484757	1.0094993	0.4890723	1.3330275	1.3901680	1.4244293	0.6270553	0.4710059	1.0931785	0.1764748
L	0.7776759	0.4839574	2.0877993	0.6059575	0.9494612	0.8526512	0.6418142	0.9109988	1.2287162	1.3701530	1.1620948	1.0532281
M	0.8665662	0.3815992	1.3748714	0.5618822	0.9873564	0.6181932	0.5922298	0.7319465	1.3651027	1.4079061	0.6757640	0.9284457
N	0.5911899	0.4649968	0.5371657	0.7733078	1.2316131	0.9672815	1.3738178	1.1483258	1.1796884	1.5016021	1.1512314	0.1846960
P	0.2676003	0.3819852	0.3548462	3.0249391	1.1894540	0.9849723	1.0452397	0.8435391	0.5797598	0.4300300	0.4003976	0.0967568
Q	1.0774054	0.4961174	0.4695993	1.3142002	0.9938964	0.7814486	1.0050017	0.8575033	1.1844656	1.5941128	1.3806470	0.1737257
R	2.1742766	0.3086043	0.5227693	0.7244514	0.4031652	0.4964599	0.6204101	0.6134929	0.6318678	0.6787434	0.8519181	0.1880959
S	0.7022062	4.1699613	0.7936735	1.4095405	1.2726622	1.2201069	1.1022316	0.8727765	1.0452761	0.9533883	1.7127509	0.2331505
T	0.7866773	4.1662994	0.6678617	1.1876517	1.0918461	0.7030737	1.0185294	0.7873600	1.5475531	0.6812422	1.9621341	0.3465277
V	0.8179809	0.8071377	1.1966168	0.4944796	1.1813808	1.0656428	1.2718629	1.0084919	1.2591395	1.2186071	0.9644959	0.4270617
W	0.2517485	0.2116078	3.3478949	0.4682324	1.0760832	0.7640948	0.2211620	0.4992158	0.7892107	2.2347718	0.2749437	23.5841379
Y	0.9585014	0.2913829	1.3244803	0.3821202	0.9461651	0.4120859	0.7022252	0.5233904	0.6593622	0.8195911	1.3920785	1.8049361
