##############
# B5801 PWM for 12-mers
#
# Copyright (2021) David Gfeller
##############
1.00000	185
A	0.7824576	2.0932283	1.1007980	0.8025726	0.7884629	1.0328796	0.8046025	0.8455166	0.8977401	0.7990655	0.7120718	0.2251536
C	0.2651381	0.6132310	0.5453124	0.6307201	0.6373763	0.6274059	0.6116943	0.6303132	0.6543347	0.6428062	0.8055513	0.2555834
D	0.3067603	0.4420989	0.3797071	1.3322661	1.8551797	2.5226291	2.0199600	1.8672497	0.6058021	1.2676543	0.3800973	0.1578905
E	0.3934921	0.3634416	0.4754019	0.9367362	1.6433893	1.4003676	1.6808332	1.2994305	0.6110773	1.3481794	1.4247880	0.1999038
F	1.0658507	0.4671978	2.8215978	0.5443157	0.6217722	0.8165789	0.5641616	0.5919839	0.7388003	1.8826022	0.8917710	1.8606062
G	0.7715656	0.8571961	0.5188505	0.9309072	0.8177876	0.9929710	1.7752822	1.2874852	1.1143568	0.5188920	0.7149976	0.2192481
H	1.6953792	0.3118435	0.6862340	0.4748043	0.6384558	0.7565443	1.1436503	0.8663133	1.1338702	1.1732406	1.0099368	0.3123794
I	1.4694872	0.5306452	2.7994893	0.4499138	0.8307276	0.8664689	0.6614632	1.2038478	0.9214639	0.9126453	0.8376312	0.4212357
K	2.8158776	0.3993314	0.3428695	1.1145280	0.5072901	0.8887218	1.0975286	1.2940022	0.9616146	0.4956138	1.2109110	0.2596149
L	0.6966830	0.4072247	1.5012578	0.5290121	0.7584693	0.4593792	0.7350616	0.8239516	1.1521613	0.8907583	1.4827710	0.3349529
M	1.1042798	0.9096186	1.0102940	0.3574644	0.6637366	0.5042783	0.6455519	0.5629736	1.2496830	2.1314440	0.9008249	0.4926551
N	0.4028297	0.4961312	0.4336271	0.6847119	1.0932887	1.1908899	0.9365050	0.9096859	1.2422662	1.1275507	1.0150321	0.1958270
P	0.2887498	0.4212434	0.3262353	3.5110751	1.4509637	1.1404610	0.6706371	0.8231788	0.9631813	0.4366919	0.2154751	0.0873812
Q	1.0207929	0.3777952	0.9906263	0.8053504	0.8966865	0.8994941	0.9097227	0.6499814	1.0852510	1.2834189	1.6097982	0.2916055
R	2.3682702	0.3893893	0.3232528	0.8040854	0.3325391	0.5421274	0.6792047	0.6786979	0.7251541	0.4631250	0.8922105	0.2857081
S	0.8942464	4.2802011	0.6915804	1.9097969	1.9084824	1.5708245	1.0287231	1.0201082	1.1532706	1.4968232	1.0669237	0.1992369
T	0.5801013	2.8744005	0.5098873	1.1746889	1.0579241	0.6801735	0.8784059	0.8921806	1.0847896	0.9745987	1.6615853	0.3591053
V	1.1302239	0.9736399	1.6797461	0.6765373	0.8323549	1.0014536	0.9783277	1.2459801	1.5947423	0.9762468	1.1216582	0.3744928
W	0.2977130	0.2342393	2.2579870	0.5473747	1.2351981	0.8797135	0.2458445	0.5649624	0.2796203	1.9250759	0.2805664	50.7867235
Y	1.2322372	0.3237846	1.1449090	0.7790874	1.2816249	0.5813207	0.6745209	0.6850997	1.1784965	1.0720797	0.8448765	1.6295192
