##############
# B6701 PWM for 12-mers
#
# Copyright (2021) David Gfeller
##############
1.00000	44
A	1.1496248	0.6286627	1.7205273	1.0505134	1.0792151	1.2715360	1.2800037	1.3810011	1.2150926	0.9986978	1.6894341	0.6024311
C	0.8946791	0.4811651	0.7532649	0.7077029	0.7926088	0.7627518	0.7547432	0.8041162	0.7484453	0.7545877	0.5421648	0.5412988
D	0.5402030	0.4789188	1.3045143	1.8621087	0.9690196	1.7518127	1.1478387	0.6313313	1.0535718	1.7133010	0.8225965	0.2526770
E	0.6292220	0.4802137	1.2034844	1.0654944	0.9579334	0.7492145	0.7552269	1.1118496	1.3022308	0.8888214	1.0729624	0.2917683
F	0.5646735	0.2579580	0.9515505	0.3551579	0.4557675	0.7154123	0.7176817	0.4944806	0.4707187	0.5547306	0.4339067	1.6161009
G	0.5279071	0.5990931	0.6566246	2.3272819	1.3811811	2.1368017	2.1279868	1.2480239	1.2261680	1.6985703	0.9477752	0.2703467
H	0.9478466	0.3976350	0.8772303	0.5390231	0.4672085	0.9010737	0.5269040	0.5239954	0.9273203	1.2625011	0.9239947	0.7705097
I	0.9805420	0.3600789	1.6208902	0.5599312	0.9547180	0.6859691	0.8256972	0.9625679	1.0047376	1.1257201	0.6962640	1.4988066
K	0.9925334	0.5556321	0.5318358	0.7659954	0.7186841	0.6463489	0.9045239	0.7859720	1.0659784	0.5720372	0.7288699	0.3549223
L	0.8405103	0.3159064	1.2455866	0.3722020	0.5951910	0.4612682	0.5790756	0.9496129	0.9017567	0.9740605	0.5112120	4.4913770
M	1.3356631	0.3601280	1.4070348	0.4693600	1.1861990	0.5542705	0.5959025	0.9892506	0.6793234	0.7346759	0.6371951	1.5779449
N	0.7085492	0.4497498	0.5467876	1.4122285	0.8551158	0.7823727	0.7025349	1.2908903	1.3132432	0.6735146	0.7446439	0.3021762
P	0.3757144	11.0074247	0.3338619	2.0869797	2.0807509	0.6106163	1.3444379	0.8629709	1.1009459	0.8173407	0.6527060	0.2317553
Q	1.4313972	0.4379548	0.5634435	0.9848751	0.7647052	0.7724304	1.3318920	1.0106737	1.0507783	1.2970807	1.4303999	0.3594588
R	1.1587342	0.3844320	0.4413736	0.5173700	0.4927101	1.0052590	0.7200915	0.7217378	0.7692097	0.4803466	0.9261824	0.3713846
S	2.0741879	0.5642765	0.7445355	1.2633528	1.2403496	1.2081450	1.2496371	1.3119472	1.0432691	0.8251120	1.8237199	0.3412615
T	1.6044060	0.5635655	0.7984858	0.9632960	1.4529618	1.8409472	1.1152201	1.7510909	1.2552148	0.7793380	1.9960725	0.5217093
V	1.4494966	0.3862682	1.6159124	0.5985720	1.5814605	0.8241933	0.8428039	0.9679562	0.8082134	1.5996792	1.2365121	1.2307034
W	0.4145293	0.1769384	0.4608708	0.3108520	0.3339000	0.3997725	0.3912968	0.3661671	0.3548662	0.3895125	0.3629813	0.5585486
Y	0.8895892	0.3582002	1.2315044	0.4032512	0.4627002	0.8254016	0.8133866	0.4867927	0.4954284	0.8409209	0.5150438	1.3772306
