##############
# B7301 PWM for 12-mers
#
# Copyright (2018) David Gfeller
##############
1.00000	41	2
A	0.6359070	0.7972187	0.6924012	1.0566758	0.8664508	0.9313434	1.4488960	1.1503843	0.9877841	0.9694313	1.0224512	1.9254901
C	0.8516525	0.4679041	0.7433194	0.8530427	0.8047135	0.8532415	0.9029628	0.8529432	0.8311653	0.8945947	0.5521020	0.5855079
D	1.7551862	0.4942864	0.5805136	1.0205065	0.8259672	1.1420839	0.8283594	1.0903431	1.3155564	1.0204097	1.1152333	0.4535345
E	0.6366450	0.6779628	0.3663546	0.7556791	1.0272595	1.1239935	0.7577700	1.0935456	1.1760358	0.8728988	1.3644263	0.4750832
F	0.4154114	0.3297902	4.1169017	0.7554141	0.8102531	0.4105999	0.4014369	0.3785758	0.7882712	1.3883601	0.4293431	0.5022036
G	0.9081398	0.4760289	0.6378545	2.1301557	2.2870902	1.0649769	1.9644108	1.4845378	2.1092311	0.7691294	0.7989120	0.5998067
H	0.6236548	0.6168086	0.4452986	0.5085365	0.9129903	0.5317066	0.8346892	0.8601762	0.5424057	0.5095056	0.4910911	0.4145521
I	0.7235866	0.3015143	0.9764463	0.5553096	0.6922014	0.4836425	0.4991876	0.5600973	0.5052165	0.9133488	1.0118710	0.5703474
K	0.7988270	1.5355794	0.4011819	1.3847489	0.7945886	1.1808512	1.0940027	1.0119999	0.6460759	0.6151770	0.7638203	0.5605815
L	0.6478510	0.4089475	1.1913063	0.6492016	0.4720528	0.7598183	0.6456809	0.5363018	0.7981629	1.0258590	0.6479380	0.8964259
M	0.5925781	0.5569894	0.8864489	0.6126631	0.5880254	0.9455835	0.6200455	0.5901601	1.2337647	0.7930361	0.6809242	0.6446551
N	5.0359662	0.7113886	0.6447166	0.7432230	0.8970438	1.4440924	0.9530383	0.9660756	1.3815324	1.0975329	0.9484674	0.4536871
P	1.1784227	1.1731245	1.3273784	1.4318729	1.8480101	1.6624786	1.6659686	2.1075896	1.4089572	1.4317143	1.6725302	5.2686168
Q	0.6133668	0.9473956	0.3587045	0.8224079	1.3695935	1.2822226	1.0023890	1.2426206	1.0017213	1.1513625	1.0746379	0.4604774
R	0.6217389	7.7667126	0.3898760	0.8715644	0.5850526	0.9023188	0.6402517	0.8451355	0.5553300	0.5469666	1.1993678	0.4475846
S	1.1961862	0.6502772	0.6132842	1.7316009	1.1732024	1.9893518	1.7870428	1.5292244	1.3319740	1.3346715	1.6407399	0.8415092
T	1.1880650	0.5587003	0.6946898	1.1625834	0.7814409	1.0785671	1.2007692	1.3149124	0.8146934	1.3138188	1.5092796	0.6347441
V	0.7096326	0.3658073	1.2806537	0.4996190	0.7001121	0.5905089	0.7138192	0.6040553	0.5933199	0.9676759	0.8513154	0.7687492
W	0.3805842	0.4456486	6.2710257	0.5240179	1.9224986	0.4107552	0.4133114	0.4007267	0.5301137	0.5829019	0.4138471	0.4214078
Y	0.4515180	0.4800143	1.9636302	1.1862721	1.5903845	0.4745180	0.4838715	0.4803213	1.1911878	1.3487774	0.4801899	1.1414441
