##############
# B8301 PWM for 12-mers
# Model trained on 11-mer peptides adding one non-specific position after P8.
# Copyright (2016) David Gfeller
##############
1.00000	322	0
A	0.8208084	0.7940746	0.9957232	1.1686728	1.0434792	0.6119743	1.0000000	1.0000000	1.0000000	1.0186044	1.9133241	0.6481693
C	0.4042973	0.2126271	0.1976480	0.5009244	0.4161188	0.5131827	1.0000000	1.0000000	1.0000000	0.4218284	0.6389885	0.2231626
D	0.2410285	0.2691824	0.5752532	1.2080839	0.4737674	0.5005821	1.0000000	1.0000000	1.0000000	0.3997255	0.3204658	0.1456660
E	0.4108656	1.7801182	0.2513472	1.2611963	0.2604164	0.3111680	1.0000000	1.0000000	1.0000000	0.4488663	0.5603504	0.1730110
F	2.3216574	0.4958328	2.9035788	1.2097694	1.6268010	2.4632605	1.0000000	1.0000000	1.0000000	1.6587300	1.3644678	4.2010992
G	0.3986000	0.2681186	0.2158832	1.3079985	1.4202072	1.3224557	1.0000000	1.0000000	1.0000000	0.6629131	0.7241962	0.1515425
H	0.7290850	0.2419500	0.8791631	0.9250046	1.4889784	1.0846114	1.0000000	1.0000000	1.0000000	2.2475247	0.9042226	0.3092816
I	0.6127783	0.7358064	1.0461457	0.4842916	1.2416896	0.7706895	1.0000000	1.0000000	1.0000000	1.0650814	0.6166499	1.6555827
K	0.7711395	0.3346537	0.5116074	1.0433119	0.4751890	0.4746525	1.0000000	1.0000000	1.0000000	0.3704662	0.4174598	1.1116085
L	0.6938268	0.8695736	0.8476123	0.5977639	0.9632255	0.9424723	1.0000000	1.0000000	1.0000000	1.4925481	0.6031316	2.4318762
M	4.1998771	2.9669930	4.4850516	0.8945327	1.2258304	1.0391461	1.0000000	1.0000000	1.0000000	1.2547289	0.6519820	2.6958605
N	0.3023292	0.2641448	0.4786939	1.0155660	0.6166239	1.2461877	1.0000000	1.0000000	1.0000000	0.7696226	0.5091569	0.1724381
P	0.1376110	2.7731971	0.4120934	1.6793428	0.9017112	0.5708338	1.0000000	1.0000000	1.0000000	1.1895697	3.4887877	0.1167306
Q	0.2940800	1.5308496	0.2600317	0.9732341	0.4216487	0.8683829	1.0000000	1.0000000	1.0000000	0.7493208	0.4728314	0.2078590
R	2.9638732	1.2963892	2.3110412	1.1476375	1.8929122	1.4881120	1.0000000	1.0000000	1.0000000	0.6447847	0.5963699	0.7186737
S	1.0124925	0.6718615	0.3370394	1.0294845	0.8002597	1.1463727	1.0000000	1.0000000	1.0000000	1.4850036	1.2682712	0.1967246
T	0.7753588	2.2360784	0.4649286	0.7474177	1.0246558	1.8153036	1.0000000	1.0000000	1.0000000	0.8362827	1.1780189	0.2993275
V	0.6572751	1.0944066	0.6921450	0.5285529	1.0688278	0.6777105	1.0000000	1.0000000	1.0000000	0.7148186	1.0002272	1.5746853
W	1.9779910	0.8057046	3.6109318	2.0378138	2.2799975	2.8998355	1.0000000	1.0000000	1.0000000	2.9014521	0.6293426	1.3456782
Y	4.6381243	0.8763975	4.2999377	0.9173511	1.5835287	1.3130908	1.0000000	1.0000000	1.0000000	1.8455488	1.8450402	2.5616673
