##############
# C0102 PWM for 12-mers
#
# Copyright (2018) David Gfeller
##############
1.00000	6	2
A	2.1621738	2.1426371	0.7821290	0.8015839	1.4508843	1.6110572	1.6522898	1.0007238	0.8317154	1.4125969	2.1706285	0.6365863
C	1.1075795	0.9219912	0.6895053	0.7236686	0.9762957	1.0390553	1.0207835	0.8325048	0.8793759	0.9119473	0.8793908	0.7105864
D	0.6686160	0.5066049	0.5789296	2.0130682	0.5010083	0.7995915	0.8039143	0.6822578	0.7489527	0.7631563	0.5464376	0.5192563
E	0.7260244	0.4743372	0.5746987	1.5789069	0.4954993	1.3364862	1.0286671	0.6512473	1.2965643	1.4323514	0.5745601	1.1360983
F	1.9089663	0.5476691	0.2898695	0.7768441	0.6014627	0.5016132	0.4345557	0.3538655	3.3504551	0.5528275	0.5532511	1.0815238
G	0.9325558	3.3620209	0.5691462	3.1884787	3.2131010	2.0478191	0.8786495	3.2771189	0.6065085	0.6972222	0.8090432	0.3710847
H	0.5792966	0.4028866	0.4264586	0.8092543	0.4586285	0.5236199	0.6901944	0.5094201	0.5793268	0.6394028	0.4315903	0.4216433
I	0.5646804	1.0775530	0.3706224	0.3659922	0.9115381	0.7880316	0.4989087	0.3525829	0.6137110	0.6120642	1.1213871	1.4260730
K	1.4365022	0.5766038	0.6832916	0.8524448	0.7796616	0.7681695	1.0450740	1.4054329	0.6997643	1.2073313	0.6550525	0.5592587
L	0.6206884	0.7505701	0.3764227	0.4112429	1.1963941	0.6236576	0.5227266	0.3722662	0.7029726	1.0913782	0.7879031	3.5551220
M	0.7704164	0.8405375	0.4463120	0.5787194	0.9531275	0.7669891	0.7883027	0.5098056	0.7854609	0.9083690	0.8928284	1.8755148
N	0.8191760	0.6144519	0.5284932	0.9540807	0.6533534	0.8252511	0.9982723	0.8297451	0.7349954	0.7982867	0.6123653	0.4225169
P	0.4157630	0.3462273	8.2962621	0.3321350	0.3124054	0.3929020	0.4336764	3.0074617	1.6545408	0.3665959	1.7184277	0.2576577
Q	0.7505847	0.5072906	0.5155510	1.6445440	0.5983029	0.7703441	2.5101006	0.6863814	0.6917320	0.9761351	0.5751244	0.6059420
R	0.8587168	0.4887465	0.4982869	0.7276343	1.5925972	0.6453177	0.9407643	0.7841074	0.6070309	2.8595716	0.5543067	0.5526925
S	2.0269330	0.9235766	0.7192401	0.8100398	0.7892482	1.5388266	2.1390835	1.3411712	1.3376609	1.3676333	1.4469632	0.4827764
T	0.9980498	0.7859876	0.6621304	0.6127522	0.6916809	1.5873109	1.7334194	0.7715133	1.4607840	0.8269442	0.9656745	0.6212262
V	0.6679777	1.6876389	0.4039195	0.4056074	1.1673919	1.1518278	0.6358697	0.4036886	0.6166812	0.6486621	1.7437472	1.1051858
W	0.6849740	0.5182479	0.2493679	0.8522145	0.5487018	0.5219675	0.5314031	0.4197482	0.8380611	0.5518470	0.4710025	0.6524021
Y	0.9623375	0.5381861	0.4261567	2.2791454	0.5458336	0.5534550	0.6117038	0.4522000	1.3242997	0.5964612	0.5871819	0.7056098
