##############
# C0303 PWM for 12-mers
#
# Copyright (2018) David Gfeller
##############
1.00000	28	2
A	1.3004750	2.0627726	1.1410988	0.7351250	0.9256430	1.7411673	0.9795765	1.1746036	1.3727389	1.0767617	1.5089668	0.6007537
C	0.7498684	0.7872516	0.6145390	0.9004667	0.8950945	0.9726070	0.9152017	1.0227983	0.9469742	0.9348485	0.7718839	0.6726290
D	0.8167593	0.5509044	0.4577274	1.5398227	1.4899759	0.9925791	1.8762445	0.5950547	0.8905031	1.0055023	1.2405520	0.3263612
E	0.5330029	0.5968738	0.8386214	1.0094552	0.8955948	1.2590606	1.0198933	0.7126518	0.6248613	0.9370949	1.0162656	0.3677123
F	2.4961582	0.5611769	1.8252201	0.5563095	0.4067357	0.5815956	0.7890988	0.8828860	0.5637382	1.2381058	0.4875637	1.6759208
G	1.2443232	0.7264703	0.4698393	2.0710832	1.7887075	1.6041733	2.7634238	1.8301539	1.8509021	0.6515551	0.9876814	0.3614851
H	1.0569670	0.4450453	0.6235970	0.5300516	1.0086460	1.1002627	0.5036500	0.4550542	2.0454605	1.1188806	0.4663406	0.3585976
I	0.8288360	1.2029145	1.8227002	0.6362160	0.7042294	0.5179795	0.5446648	1.0020103	0.7478839	0.7021311	0.7727152	1.4262336
K	0.6080982	0.6611489	0.9120659	0.8706323	1.0246462	1.1167175	0.8246494	0.8340250	1.0998623	1.1377864	0.8643277	0.4466269
L	0.8747420	1.0081762	1.2182727	1.0530599	0.5052774	0.6223629	0.7317416	1.0377778	0.7120791	0.6911651	0.9591423	3.7071502
M	1.5623555	0.9242329	1.3977020	0.7518942	0.6321802	0.6676002	0.6343768	0.8286375	1.0833045	0.7365181	0.7669333	2.0149251
N	0.6975623	0.6731951	0.4742331	1.3396903	0.7842793	1.0439247	1.4184453	0.9852928	1.3302803	1.6660748	0.7500592	0.3800769
P	0.3014013	0.3536751	0.2694717	1.2306906	1.5558349	0.6570381	0.9328873	0.9394431	0.6215660	0.9484890	1.6080169	0.5415730
Q	0.5537127	1.0821857	0.5532798	0.8818467	1.1850185	1.2253726	0.6204562	0.5873959	0.9095952	1.6919431	0.6473276	0.6618764
R	0.8023521	0.5871095	0.5626233	0.8717133	1.7216938	0.7175444	0.5740945	0.8432316	1.2154540	0.7655653	0.6051137	0.4653000
S	1.8177978	1.9896946	0.7413623	0.8873880	1.0494806	1.1959572	1.3742382	1.5586614	0.9424079	1.4329017	1.7921923	0.6075294
T	0.9729962	1.5089896	0.6472743	1.0357526	0.8709648	1.1039346	0.7079207	1.3603293	0.8620133	1.1514237	1.4112864	0.7930659
V	0.8096047	1.5298387	1.3996968	0.8097603	0.9198427	0.6895126	0.7452976	0.9832724	0.8592230	0.7179010	0.7985856	1.0407583
W	0.8029650	0.4841023	0.9814466	0.5125693	0.4315322	0.6014977	0.4643113	0.5007325	0.5523291	0.5914819	0.4387572	0.6445459
Y	1.8874029	0.5649846	3.5459090	0.9405256	0.5143652	1.4692216	0.5218472	0.5848650	1.0926956	1.1797403	0.5038415	0.7881342
