##############
# C0401 PWM for 12-mers
#
# Copyright (2021) David Gfeller
##############
1.00000	44
A	0.7133094	0.5252207	0.4971079	0.8083363	0.8238220	1.1160938	0.9785643	0.6119765	1.1043971	0.7306664	0.7006326	0.7700860
C	0.6219263	0.3726743	0.2811983	0.6930839	0.7075441	0.7193670	0.7014771	0.6851270	0.7463573	0.7432460	0.6805111	0.4977651
D	0.3930632	0.2780044	7.2154326	1.4042741	1.9639617	0.7336907	1.8324172	1.2497891	0.6895417	0.8893575	0.9478976	0.5366180
E	0.3996964	0.3109132	2.0606101	1.1351519	0.7918484	0.8040882	1.2976485	1.4758935	0.7877284	0.8849849	1.2099489	0.3832617
F	2.6929905	7.1568253	0.3652908	0.8607011	1.2879000	0.8344293	0.7288850	0.8591984	1.2784629	1.1487027	1.5175630	2.7432402
G	0.5529423	0.3126876	0.5004786	0.8117944	0.6546516	2.2695082	1.0300241	0.7971223	1.6999005	1.1099071	0.9368033	0.5351284
H	1.3104541	1.1201104	0.6240365	1.3546141	0.9424713	0.5402409	0.5947630	0.6032521	0.4702004	0.4722787	1.3585056	0.4961440
I	1.9484718	0.8332214	0.3768237	0.9193550	0.9228658	0.7145765	0.7298110	1.0309209	1.1648595	1.7655406	1.3864730	1.5072632
K	0.7060800	0.3306636	0.6764428	0.7720818	0.8964885	1.1399784	1.3761378	1.2487783	1.1389746	0.8167041	0.7297064	0.6911581
L	1.3346669	1.0337385	0.2979060	0.8190751	0.6585892	0.6761424	0.5058466	1.0323859	0.9004513	1.2089177	1.0332975	2.2274267
M	0.9442905	1.1072921	0.3880166	0.6457070	0.9121532	0.6046970	0.8750545	0.7143075	0.7207774	1.1008622	0.7710069	3.0449938
N	0.7021636	0.3605949	1.1426701	1.2879010	1.3488105	0.8496780	0.9702069	1.0967656	0.5820259	0.7553584	0.8172153	0.4235141
P	0.2834067	0.2002227	0.6105064	1.8313018	1.3195322	0.8263824	0.6096457	1.0891907	1.0644830	1.2887326	0.5570954	0.2628554
Q	0.4469981	0.3308277	0.9316478	0.6203512	0.9728417	0.7788738	1.6525402	1.0934739	0.7612230	0.5387276	0.7909815	0.4439522
R	0.4467956	0.3453285	0.5066314	1.0395445	0.8907712	0.9056937	0.8503729	1.1570942	1.0630522	0.8192171	0.8505735	0.4422055
S	0.8469490	0.3676378	0.6734980	0.7202718	0.8861798	0.8916451	0.9354829	0.9380221	0.8328208	0.7644177	0.7056368	0.6764675
T	1.2162974	0.4319750	0.7146415	0.8978215	1.3722848	1.1939434	1.3842187	0.9256845	0.9167263	0.9107242	1.3206645	0.7260093
V	1.6697202	0.7835484	0.4730816	0.9677524	0.9824441	0.8138221	0.9285511	0.7812235	1.2876324	1.3427293	1.0183819	1.0989456
W	0.6726188	5.4003066	0.3083309	2.5743820	1.4718821	3.5933938	1.4500154	1.5145192	1.4577506	1.4773859	1.6118533	1.7054551
Y	2.5269040	5.3190358	0.6869996	1.2850783	0.9763921	1.2373780	0.8675281	1.2222554	0.6348382	0.9343239	2.0075881	1.8935415
