##############
# C0501 PWM for 12-mers
#
# Copyright (2018) David Gfeller
##############
1.00000	61	2
A	1.2139095	3.1703916	0.4603545	0.7848610	1.0640413	1.0911197	1.0476386	0.8319655	0.9828236	0.9022623	0.8195278	0.4836676
C	0.7823833	0.7046665	0.2925502	0.6575565	0.6704483	0.7066443	0.6589201	0.6129932	0.6661717	0.7264680	1.0542309	0.5695617
D	0.3836336	0.4171352	9.6323350	1.5921500	1.9085222	1.2290916	2.1797018	1.2856064	1.1092686	1.1092621	0.8696716	0.2367517
E	0.4234694	0.4335268	1.5571933	1.6867813	1.1418023	0.8653171	0.8876318	1.1782968	1.3669576	0.8745776	1.0346391	0.2563447
F	1.3534257	0.7044033	0.2710468	0.6673822	0.4229006	0.6272821	0.5582350	0.7595695	0.4068605	0.5617180	1.6948506	3.9000059
G	0.4486972	1.2810330	0.5648305	2.3786393	2.1338655	0.8877735	2.1244628	2.2575769	2.4084854	2.3350674	0.9625291	0.2834637
H	0.4694199	0.3633297	0.4970526	0.7519195	0.7504708	1.0327999	1.0111970	1.3397573	1.5626465	0.7200540	1.6152235	0.3209863
I	1.7238400	1.2765095	0.2785602	0.6683861	0.5721387	0.6858589	0.5501325	0.4855271	0.7111505	0.5645927	0.5956314	1.1974726
K	0.9596258	0.5027142	0.6097524	0.8316268	0.8370703	1.4518968	1.4222667	1.6149269	0.9666277	0.6164486	0.8794266	0.3125172
L	1.0847824	0.8288568	0.2467425	0.9163648	0.6445172	0.7741600	0.5682559	0.3968505	0.5057782	0.4202655	0.8069245	3.7417547
M	0.8843058	0.7748349	0.3370788	0.8718899	0.5586656	0.6503991	0.5601067	0.5187019	0.5621576	0.5354009	0.6798497	1.3848694
N	0.6248334	0.6410244	1.1892342	0.8621725	1.7305947	1.2189555	1.2673407	1.7375486	1.0387963	1.4253609	0.9849923	0.2745020
P	0.2455247	0.2962401	0.2839450	0.5932133	0.7554310	0.7760366	0.4450747	0.4364959	0.9226565	1.1045621	0.2629065	0.1707059
Q	0.6217614	0.5982488	0.6300946	0.9298971	0.5905497	1.2501707	1.0762904	0.9921600	1.2366520	0.5615450	1.6605272	0.2930139
R	0.9537974	0.4378705	0.4749633	0.5505685	0.8367293	0.9824981	0.9448860	1.5934525	0.5945032	0.8134318	1.0523707	0.3469681
S	1.1342234	1.0911274	0.6738468	1.3354088	1.4662109	1.8866569	1.2000984	0.9880427	1.2023947	2.2374630	1.3261527	0.3323737
T	0.7627514	1.1643311	0.5156452	0.9498143	0.7533266	1.2852772	1.0797877	0.9299775	1.3085455	1.6814928	1.2975627	0.4770724
V	2.0239609	1.8416438	0.3449890	0.6514796	0.8510534	0.7617292	0.7678339	0.6415492	0.7241033	0.8745918	0.6585460	1.4241367
W	0.6852491	0.4591686	0.2899297	0.4772867	1.3820152	0.4435464	0.4060028	0.4567971	0.4318907	0.3988785	2.5362995	0.7406982
Y	2.6430096	0.7633971	0.3054101	0.9813488	0.7027348	0.7713689	0.4738550	0.7807976	0.7417662	0.4582974	1.7614544	1.2883929
