##############
# C0602 PWM for 12-mers
#
# Copyright (2018) David Gfeller
##############
1.00000	26	2
A	0.6046871	0.7978512	1.1286248	0.6324786	0.6771471	1.2812262	0.9216736	0.9572358	0.8866864	0.8664610	0.6242514	0.6136018
C	0.8456539	0.4245259	0.7161001	0.6571173	0.6460265	0.7197970	0.6868607	0.7167723	0.7105547	0.6912298	0.9025665	0.6003259
D	0.4515794	0.5299276	0.5276168	2.8445146	1.2907880	1.0451128	0.7094609	0.6925740	1.2945044	0.9694802	0.6439721	1.0794190
E	0.5466851	0.7037288	0.5638321	1.1197019	0.9273640	1.4714197	1.0106699	1.0546139	1.2549015	1.2179134	1.5883003	0.9094555
F	4.2552808	0.5057542	2.2027415	1.7324358	0.9975735	0.4554004	1.5985543	0.4492224	1.3936656	1.2622084	0.8509350	1.1078876
G	0.4639669	0.8412479	0.5556373	1.1930347	1.2128490	1.9319668	2.2475182	1.9023548	1.2169542	1.8442255	0.4301529	0.3806118
H	1.2115765	1.2018451	0.5897848	0.5683654	1.1819276	0.5480976	0.5797661	0.5506311	0.5802267	0.5318603	0.5985282	0.5579623
I	0.6767708	0.5647523	1.0993525	0.7446735	0.5005633	0.5455100	0.5028107	0.7826784	0.6422451	0.7786832	1.0500678	1.3285331
K	1.2783977	1.4133313	1.2897834	0.6950728	1.0060661	1.0526027	0.7670977	1.4763333	0.9576266	1.4229921	0.8035404	0.5708253
L	0.7802554	0.6475297	0.8896070	0.9335978	0.8115054	0.9167948	0.5451449	0.6969852	1.3312455	1.0251491	2.0481688	2.4495394
M	1.2172988	0.6922257	1.2125259	1.5219991	1.0948389	0.7216374	1.0285554	0.7183307	1.2630276	0.8012978	1.5401919	1.3077224
N	0.5990092	0.7579666	1.1907165	1.1461000	1.3931155	1.0539348	1.6738905	1.3763942	1.0370550	1.0273868	0.8862173	0.4995127
P	0.2568152	0.6267126	1.6243581	0.6184824	1.6387127	0.9949277	0.9631585	0.6526440	0.6338384	0.2997891	0.2730614	0.2457103
Q	0.8694661	1.1845713	0.8691827	0.6473275	1.4864889	1.0350534	1.1853004	1.0348798	0.9721249	0.7546096	1.2673132	0.8098154
R	1.5448626	5.6609944	1.2574893	1.1193495	1.2780761	1.5378593	1.1939852	1.9170060	1.2270449	1.8724123	1.5006389	0.8050481
S	0.7723074	0.8416055	0.6737664	0.8458698	0.8844506	1.1094387	1.0927413	1.0978702	1.1775962	0.7356553	0.6077140	0.4957709
T	0.9923213	0.6152571	0.6240013	0.8224853	0.8424673	0.6864292	0.8784223	0.9199773	0.6779655	1.0324239	0.8192052	0.6005837
V	0.7310488	0.4877700	0.7339737	0.5835962	0.4914877	0.6716783	0.6243574	0.9979487	0.5944538	0.7509839	0.9281662	1.4552927
W	1.1305666	0.5744682	0.7504166	0.6414271	0.6384365	0.4639869	2.6221785	0.4679743	0.6364428	0.5633401	0.6860234	0.8300848
Y	3.2938909	1.0723428	1.8505508	1.2248891	1.6214223	0.4956233	0.7936289	0.5076220	1.1863549	0.6719116	1.5765748	2.5941378
