##############
# C0702 PWM for 12-mers
#
# Copyright (2018) David Gfeller
##############
1.00000	28	2
A	0.9369164	0.5522898	0.7807019	1.1258040	0.9735107	1.0675884	0.7345762	0.9938839	0.9533135	0.7398565	1.0889646	0.5150976
C	0.6438180	0.3845590	0.6011099	0.7689450	0.7481147	0.7473432	0.6924129	0.7174093	0.7536695	0.7231183	0.8962844	0.4804264
D	0.4492244	0.4482234	1.1474285	1.4522425	1.4249552	1.5327249	1.5394417	0.8183385	0.8184585	1.2764046	0.8813837	1.2692405
E	0.4823839	0.6195380	0.7048716	0.6186985	0.8688133	1.0423581	1.1347930	0.7505150	0.7599524	1.0739860	1.0327899	0.4832921
F	3.7082518	1.3519945	2.0499303	1.8435956	1.4434175	0.7539119	0.9436244	1.0738683	1.1737697	0.6500746	1.1145846	3.4747218
G	1.1261101	0.4322398	0.8470348	2.1601676	1.4483583	1.8230398	1.7829187	1.7724983	0.8242917	1.4962317	0.8590030	0.3992367
H	0.8139123	0.9823891	1.1452841	0.5010569	1.0878711	0.6388500	1.1218155	1.0515930	1.0907351	0.6217718	2.1067270	1.2750089
I	0.5831346	0.4544069	0.4955219	0.5030185	0.9382348	0.9375494	0.6100292	0.7828820	0.9662440	0.9513941	0.9887389	0.7787595
K	0.7531141	1.6655442	1.2054943	0.9077628	0.6894979	1.0422717	1.1806603	1.2309882	1.0196322	1.1572766	0.6744144	0.5012928
L	0.8030769	0.5689684	0.7118408	0.5437051	1.2126381	0.6815248	0.7582198	0.6833760	0.9809661	0.8248983	0.7194523	1.4930085
M	0.7770532	1.0542768	1.0799739	0.9921877	1.2596102	0.6837826	0.6910960	0.6821267	1.5623579	0.7415999	1.1939914	1.7242819
N	0.8501383	0.6396048	0.9999710	0.7711306	0.6848622	1.0459383	0.8053179	0.6441284	0.8877311	1.3630073	0.6961983	0.5365255
P	0.2491893	0.2674096	1.2196646	1.2440416	0.2746451	0.9367654	0.9314006	0.9032992	1.2134877	0.6141612	0.3002110	0.5392511
Q	0.7611724	0.8312896	1.4299397	0.6012669	1.6013201	0.9018424	1.4742950	0.6232505	0.8611528	1.2100123	1.3991472	0.4789389
R	0.8284892	4.0686129	1.8086636	1.3881987	0.8801733	0.6448133	1.2693413	1.1941104	0.9067582	1.2514322	0.6286525	0.7487938
S	0.9089766	0.5851521	0.8156201	1.5114885	0.8049443	1.1937744	1.1626218	0.8272861	0.6556848	1.3206397	1.1717522	0.4834831
T	0.5751651	0.5394670	0.5982259	0.7124011	0.6038618	0.6789909	0.6514318	0.7848387	0.8005784	0.7032148	0.9173551	0.5050606
V	0.5552613	0.4691305	0.4831676	0.6192229	0.6748784	0.6264283	0.5002510	0.5720979	0.8167087	0.6190158	1.4683731	0.6573757
W	3.2587624	1.3222599	2.6537902	0.5723673	2.6182201	0.7143980	0.6285687	8.2930333	4.5434232	2.5110099	0.7371301	1.3308860
Y	5.2984609	6.1623829	1.8378785	0.7624927	1.7034164	2.3392986	1.5324451	1.7496220	2.1483436	1.4866624	2.1388471	5.2617646
