##############
# C0802 PWM for 12-mers
#
# Copyright (2018) David Gfeller
##############
1.00000	20	2
A	1.3924072	3.3745477	0.5404182	1.4198274	1.1120176	1.5281047	1.2932478	0.9630402	1.1282720	1.6686989	1.7865931	0.7966889
C	1.2380963	0.8387655	0.5820786	0.7541155	0.7478331	0.7738603	0.7577055	0.6838868	0.7377363	0.9174590	0.9970941	0.9838871
D	0.4091215	0.5343653	8.2891761	1.1084995	1.5890528	0.7681075	1.4046666	1.5183627	1.0464280	0.7055137	0.6899418	0.2792991
E	0.4129287	0.5592762	1.5709405	1.1704054	1.2386627	1.4210264	0.6695317	0.9712353	0.6896551	0.6716694	1.1382319	0.3142913
F	1.6688305	0.4738293	0.3161948	0.4841503	0.4029143	0.9199843	0.4236932	0.9638392	0.8524269	0.4583594	0.9916489	1.1091554
G	0.5325140	2.1677018	0.6755652	3.1534308	1.5487969	2.3793243	3.1687053	1.9058126	2.7648428	1.6390558	0.7381249	0.3566424
H	1.0312798	0.4388420	0.5869586	0.5411562	0.5720621	1.2281605	0.4888774	0.5814416	0.5265489	0.5365433	0.5053489	0.3194259
I	2.3200081	0.8359940	0.3034472	0.5458067	0.4196449	0.4522523	0.5171336	0.6610327	0.3896382	0.6288254	0.9902607	1.4929969
K	0.4798919	0.8945972	0.7148044	0.9779152	1.0652296	1.0123328	1.4509835	1.7345627	1.2573366	0.7978197	0.7310128	0.4063846
L	1.2789421	0.6154319	0.2791013	1.0203420	0.4602679	0.6417756	0.6359019	0.6851064	0.4205962	0.5384077	0.6956897	4.3739446
M	1.1595385	0.7306157	0.3857707	0.7680414	1.0333492	0.6634836	0.6359895	0.6779330	0.5659498	0.7086381	0.8290530	1.9280487
N	0.4845066	0.6223205	1.4299689	1.1600356	1.2974867	0.8113815	0.8412208	1.6205340	0.8516963	1.2687056	0.7520251	0.3150881
P	0.2789197	0.3943455	0.3368344	0.3296975	1.6388845	0.7812976	0.7676285	0.3239030	1.6228382	0.3833338	0.3728543	0.2242537
Q	0.4418337	0.5863710	0.7340938	1.3253940	0.7803447	1.0828279	0.6749971	0.7646990	0.9908081	0.9982253	1.0066176	0.3881492
R	0.4452929	0.5936838	0.5546155	0.6889049	1.0572608	0.7090508	1.0883302	1.1985505	1.0768695	1.0167005	0.6336707	0.4428662
S	1.0091434	1.1269911	0.8006430	0.8611692	1.8535506	1.6406474	1.2377446	1.1713930	1.6255814	2.3715794	1.9287162	0.4208482
T	0.7762068	1.2919434	0.6072179	0.9009119	1.0945569	0.7771966	0.9665082	0.7048877	1.0221630	1.7436374	1.6820265	0.5861099
V	2.0571530	0.9848176	0.3035713	0.5660878	0.4792252	0.5112399	0.6767499	0.5363080	0.4476937	0.9667549	1.2925034	1.1494367
W	0.6119669	0.4888123	0.3389424	0.4994877	0.4364861	0.5367562	0.4617755	3.1207065	0.4888395	0.4830718	0.5412271	0.6244427
Y	0.8768918	0.5220343	0.3560948	0.4965327	0.4851333	0.6722998	0.4649532	0.6832371	0.5735560	0.5339660	0.6734577	0.6816031
