##############
# C1402 PWM for 12-mers
# Model trained on 11-mer peptides adding one non-specific position after P8.
# Copyright (2016) David Gfeller
##############
1.00000	43	0
A	1.2528706	0.4366516	0.5904006	0.9175678	1.3779736	1.0591546	1.1095581	1.1178109	1.0000000	1.0670310	1.7798369	0.4947324
C	0.6212287	0.5368669	0.4854893	0.6558912	0.7761493	0.7537187	0.7654053	0.8078160	1.0000000	0.8108319	0.6074281	0.5365934
D	0.3863362	0.2888047	0.4115256	2.3532893	0.7994362	1.2500690	0.8254914	0.4916119	1.0000000	0.8145343	1.0991401	0.3042674
E	0.4084143	0.3244134	0.5222140	1.3989079	0.6588610	1.0010862	0.8659817	0.4880761	1.0000000	0.8867718	1.3589740	0.3108177
F	2.4907126	6.7352323	2.1858768	0.8450540	0.9396303	0.6709934	0.9648711	0.6120692	1.0000000	0.7358232	0.7690852	4.8100488
G	0.6908408	0.3385321	0.4020142	2.0394048	2.3059536	2.9037512	1.6386898	1.5930862	1.0000000	1.2329624	0.8832392	0.3453894
H	1.4998780	1.2182866	0.9870304	0.5004277	0.4754370	0.8186209	1.1914041	0.4490182	1.0000000	1.1858867	0.5272016	0.5293341
I	1.3001732	0.6588918	1.3913551	0.5261471	0.5138816	0.6557035	0.8447436	0.8418378	1.0000000	0.9105416	0.6981000	1.0935636
K	0.5999011	0.3578677	0.5830408	1.0970250	0.6314859	0.7763579	1.3246948	1.0207886	1.0000000	1.1161247	0.9701796	0.3691926
L	1.5990467	0.8940268	0.8558364	0.4096449	0.5609759	0.6688616	0.8463203	1.3687547	1.0000000	0.8702253	0.5247856	2.4460034
M	1.0172969	0.8241258	1.1204099	0.5090278	0.5846420	0.6250594	0.7209665	0.8385980	1.0000000	1.0398430	0.6484400	2.3790676
N	0.4821683	0.3842802	0.4777780	1.2040714	1.3184814	0.9662285	1.3386609	0.8094149	1.0000000	0.7627886	0.9345519	0.5727065
P	0.4679201	0.1792889	1.9726948	1.8021344	1.8066715	0.7288000	0.7300204	1.3642520	1.0000000	0.3218955	0.7803107	0.1875213
Q	0.4407530	0.3513764	1.6296465	0.8489281	0.5439938	0.7866097	0.8161779	0.5406649	1.0000000	0.8500540	0.8725391	0.3579114
R	0.4691870	0.3922149	0.7215472	0.8029730	0.8943497	0.7461324	0.6720616	0.9584610	1.0000000	1.0453692	0.6277518	0.4002192
S	0.9473055	0.3964412	0.6330783	0.9482042	1.4933037	1.6766825	1.4412031	1.4003952	1.0000000	2.1061596	1.8295161	0.5195193
T	0.9271924	0.4167693	0.5661126	0.6041695	1.1381173	0.8471106	0.9937055	1.1334646	1.0000000	1.8112873	1.3837588	0.4985138
V	1.5152502	0.5641223	1.1325754	0.6212044	0.7961226	0.9039516	0.9889024	1.0461866	1.0000000	0.7514809	1.0064192	0.8077896
W	0.7101833	1.7415605	0.9096815	0.4154451	0.4820462	0.4475331	0.4794344	0.5202906	1.0000000	0.4837253	0.5303521	1.0822916
Y	1.6017628	8.1688198	3.7832619	0.4995779	0.8597899	0.5101078	0.6190887	1.1517838	1.0000000	0.5924733	1.2142099	3.2642728
