##############
# C1601 PWM for 12-mers
# Model trained on 11-mer peptides adding one non-specific position after P8.
# Copyright (2021) David Gfeller
##############
1.00000	119
A	1.3402876	4.8405749	1.3869029	0.8766722	1.5399949	1.2380999	1.0521177	0.8391510	1.0000000	0.5598394	1.9247265	0.4813736
C	0.7939977	0.6607241	0.6787910	0.6543784	0.7026395	0.6874686	0.6833351	0.7065025	1.0000000	0.6621165	0.4207818	0.3350538
D	0.4150021	0.3752341	0.4760253	3.2103993	1.1776849	0.9928838	1.6345045	1.1572201	1.0000000	0.8819163	0.7925674	0.3283092
E	0.4047315	0.4014237	0.4007985	1.6268811	1.0823499	0.9678348	1.0186983	1.0492394	1.0000000	0.8185843	1.1932274	0.3462299
F	2.9759533	0.8585293	1.2513415	0.4782238	0.6349801	0.6795933	1.2901417	0.8626274	1.0000000	0.5259952	1.3969707	4.6570019
G	0.4969272	0.8149494	0.5572520	0.6896817	1.1681720	0.9987654	1.2951831	1.4273191	1.0000000	0.8678526	0.5535464	0.3135345
H	0.4629148	0.3575842	0.7851961	0.4390305	0.5883816	1.3480825	1.3303389	0.4007791	1.0000000	1.3409199	0.7341439	0.6885375
I	1.4365230	0.8833698	1.4063418	0.6624897	0.8588849	1.1356990	0.8915420	1.3758334	1.0000000	1.2406415	1.2743196	0.8212112
K	0.7126316	0.4453312	0.6570217	0.7084649	0.7547517	1.5657244	0.5955421	0.7899970	1.0000000	1.1193081	0.5762476	0.6719697
L	0.9478621	0.6025766	0.7675479	0.5522284	0.5613132	0.8652384	1.0728081	1.2298031	1.0000000	1.2815021	0.9125633	2.3652590
M	1.2910967	0.8529765	1.0778259	0.7572605	0.9574911	0.6998554	1.1944255	0.7777232	1.0000000	0.9240908	0.6073578	2.1135333
N	0.7988082	0.6432031	0.6966608	1.1210208	0.7931755	0.9273017	0.9271809	0.8821200	1.0000000	1.1323881	0.5596357	0.2944801
P	0.2328358	0.3249506	0.4893696	1.8841965	2.3128067	0.6977442	0.8940218	0.5695980	1.0000000	0.6770427	0.4921752	0.1820457
Q	0.4676044	0.5160768	0.7359562	1.0303999	0.8752111	0.9326609	0.9688050	0.8547074	1.0000000	1.1596364	0.6531766	0.3260483
R	0.3520367	0.3584561	0.6451772	0.4940985	0.6483888	1.1685818	0.6389999	0.6420193	1.0000000	2.7733614	0.3737788	0.5868773
S	1.1168135	1.5939844	2.3179451	1.0038039	1.0096592	1.1103080	1.0217365	0.7694031	1.0000000	0.5837151	1.3505050	0.3029688
T	0.8207427	1.1754133	1.4814112	0.8907011	0.8213326	0.7400057	0.6377789	1.0390345	1.0000000	1.0938029	1.5131804	0.3802695
V	1.6563728	0.8486708	1.3889849	0.9232478	1.1182628	0.9076940	0.8846720	1.5416977	1.0000000	0.8056311	1.8337498	0.9485788
W	0.5469827	0.2984414	0.8479808	0.7288128	0.7555989	0.3347585	0.8027374	0.3510865	1.0000000	0.2954123	0.3290635	0.7102815
Y	3.5021517	0.4302280	1.7702711	0.8297259	1.0242295	1.2208382	1.1259127	1.3672685	1.0000000	0.4274787	0.6626693	4.9848858
