##############
# G0101 PWM for 12-mers
#
# Copyright (2018) David Gfeller
##############
1.00000	22	2
A	1.4740268	0.6525763	1.0371750	1.0262394	1.1931961	1.2174484	1.1707785	1.5385188	0.7194451	0.6919821	1.1222006	0.5809987
C	0.8929173	0.7317689	0.8522855	0.8583615	0.8601709	0.9116387	0.9112366	0.8706253	0.7863870	0.9747672	0.6143479	0.7195194
D	0.5707175	0.4329437	0.5127320	2.2121433	0.7129988	0.5791424	0.6650981	1.3986904	1.7060990	0.7909840	1.6681491	0.2716732
E	0.7408833	0.4270197	0.4884426	0.9882059	1.3275236	0.6397157	0.5803601	1.0913638	0.7356951	0.4264208	0.8831214	0.3054708
F	0.8741473	1.8378754	0.4939893	0.4501690	0.8721898	0.4883989	1.3523946	0.8570843	0.5183301	0.8567113	1.0981125	1.5285266
G	1.0238912	0.4301047	0.9406878	1.4690957	1.7659628	1.3924192	1.4251494	2.1924386	1.7266735	0.8020958	0.9610101	0.3204915
H	0.5612743	1.7497264	0.3843462	1.1770430	1.1579695	1.0895536	0.5313078	0.5190068	1.1521645	1.0306745	0.5286342	0.3259911
I	0.6867079	1.7925506	1.4715568	0.4642214	0.4710084	0.6343133	0.7980945	0.5171481	0.5293529	2.0903047	0.9679370	1.5186514
K	2.7902194	0.5350002	0.5796196	0.7580926	1.0994042	1.3660691	1.1493303	0.7626628	1.4065086	0.4758474	0.9557634	0.3936980
L	0.7293137	1.7897351	0.7256345	0.7526841	0.6474550	0.7022017	0.7681476	0.6471104	0.6791572	1.6981959	1.0548573	4.2127173
M	0.7489289	1.2183328	0.7783530	0.6505804	0.6644246	0.7194418	0.7516251	0.6322413	1.0925162	1.6345979	1.3105782	2.3104307
N	0.7204985	0.8865888	0.5625176	1.6675393	0.7787263	0.7104873	1.8010792	1.0976489	1.1766924	0.8662997	0.7442687	0.3100400
P	0.3505354	0.2470600	3.8144401	1.1167940	1.1161949	1.8892415	1.1000842	1.4882718	1.0781151	0.6393984	0.3156551	0.2108409
Q	0.8969016	0.4922162	0.4839357	0.7000332	0.7904437	0.9499119	0.6317045	0.6656605	0.9879301	0.4540084	0.6637638	0.3825758
R	2.7241938	0.8305227	0.4711279	0.9504758	1.6823402	0.7536217	1.0142636	1.2246020	1.0933121	0.4556759	1.2885741	0.4368505
S	0.8334902	0.7285574	1.2481948	1.7540128	1.2333034	1.2080879	1.2318000	1.0070476	0.9176660	0.5578845	0.9790050	0.3845079
T	0.9036948	0.8917876	1.0115192	1.0393904	1.4063282	1.4401020	1.4565696	0.6787804	0.8808897	0.9081833	1.4136191	0.5782531
V	0.6101769	1.4952713	1.3119682	0.4875064	0.5276499	0.8971424	0.8089239	0.6757598	0.6357243	1.8977613	1.0573981	1.2852235
W	0.5348389	0.8117024	0.3856011	0.4428255	0.5256056	2.8287223	0.5490865	0.4826236	5.2114352	0.6055998	0.6302149	0.6656519
Y	0.6317064	2.0453313	0.4993000	0.5310628	0.6509204	0.6354905	0.7083694	0.5653669	0.6841224	1.2068119	1.2073310	0.7767288
