##############
# A0101 PWM for 13-mers
#
# Copyright (2018) David Gfeller
##############
1.00000	310	1
A	1.2354671	0.7079849	0.9331704	0.8925627	1.0888522	1.0953548	0.7200609	0.8718166	0.9040022	1.4487317	0.7516857	1.0058635	0.2323246
C	1.6625187	0.9363399	0.5508748	0.9782566	0.9878499	0.9949777	0.9623749	0.9834020	0.9958038	1.0084981	0.9914265	0.9387785	0.2661208
D	0.8850407	0.3360644	5.0156150	1.6558592	1.3308191	1.1567737	1.8121500	1.5677384	1.1587976	0.7135709	1.1661980	0.5152686	0.1490318
E	0.9795654	0.2998153	5.0952237	1.0659631	1.1463684	1.0436575	1.1155978	0.8780854	1.3029973	0.7012007	0.7997517	0.6300829	0.2207955
F	1.4931570	0.2933488	0.2857330	0.5031149	0.6931473	0.6336638	0.7234008	0.3986734	0.7559007	1.5573213	0.6478388	1.2131141	1.4440769
G	0.6499478	0.4352655	0.4381493	0.9936731	1.6446312	1.6537835	1.2380296	1.6104974	1.1965532	1.7799961	1.2103922	0.5677618	0.3288134
H	0.7463702	0.2856234	0.6061777	0.7134354	1.1095242	1.1139463	1.2896146	0.8770168	0.7943288	0.6462811	1.1271995	0.8147993	0.6710549
I	0.9358754	0.6894824	0.3351000	0.6142731	0.8102666	0.7044034	0.4770658	0.6770749	1.0787307	0.8471780	0.5410692	0.5764171	0.2564869
K	0.4433284	0.3037156	0.3847316	0.9380814	0.4571223	0.7287508	1.2090406	1.0069502	0.9154993	0.7520056	0.5816698	1.1993520	0.4043708
L	0.8698344	0.8060811	0.2287352	1.1394402	0.9807655	0.9867779	0.9374921	0.7292962	1.0887924	0.6036143	0.9709547	1.7229461	0.4096253
M	0.6498029	0.5553393	0.5213465	0.7174180	0.6220360	0.5379687	0.6099300	0.6028127	0.7500841	0.5390926	1.6561234	1.6451023	0.3335335
N	0.9129325	0.4944900	0.6529133	0.8640843	0.7483962	1.1271177	1.6247262	1.0349464	0.9034202	0.5722846	1.8292131	0.7643201	0.2073112
P	0.3734994	0.1681319	0.1962780	1.7081099	1.3344566	0.6770710	0.7149019	1.1757033	0.6346428	0.3031735	0.2201613	0.1715698	0.1022361
Q	1.6194913	0.2790889	0.8769132	1.2385821	0.9973103	1.0632617	1.3642687	1.0162461	1.1813787	1.3197135	1.4472387	1.1785288	0.2241594
R	0.6253223	0.3165901	0.3072100	1.2527412	0.7189521	0.8759771	1.3665639	1.2083585	0.7479564	0.7782739	0.7463846	1.8614332	0.2737034
S	1.1255311	4.5461132	0.9757001	1.4055046	1.4084226	1.4197633	0.9798216	1.2459067	1.5791131	1.4562709	1.9900524	1.2712861	0.2838985
T	0.9831203	5.8003834	0.4180805	0.9637078	1.1239627	1.2567274	0.9510045	1.4974771	0.7695002	1.2596097	1.3934190	0.7150969	0.2114849
V	0.8767536	0.6306399	0.3690989	0.4987228	0.5709980	0.8604168	0.5921007	0.7285788	0.9464737	1.0528162	0.7074362	0.8912314	0.2462930
W	2.0607971	0.2230094	0.7019345	0.2186883	0.7416228	0.7388924	0.9796489	0.4785556	1.2422012	0.8033755	2.7334643	0.3094959	1.0181728
Y	3.4075015	0.3250867	0.3799654	0.5633795	1.0540397	0.8218944	0.6715417	0.8746670	0.7547898	1.9705322	0.8446223	2.0435271	22.9919524
