##############
# A0206 PWM for 13-mers
# Model trained on 12-mer peptides adding one non-specific position after P9.
# Copyright (2016) David Gfeller
##############
1.00000	59	0
A	1.5059703	0.6630094	1.3708744	0.8106758	1.5430232	1.2396613	1.3056032	1.0823370	1.0000000	1.0000000	0.6497042	1.1611889	1.1264357
C	0.8979267	0.6689242	1.0463383	1.0108918	1.0906612	1.1180144	1.0855086	1.1770463	1.0000000	1.0000000	1.0907248	0.9332461	0.8650794
D	0.5304424	0.4656901	0.6770079	3.9914455	1.6884617	2.2035170	2.4100330	1.2901703	1.0000000	1.0000000	1.1023948	0.6362395	0.2750782
E	0.6363348	0.6961016	0.5059810	2.5932301	2.3279284	1.3101674	1.5724122	1.0586846	1.0000000	1.0000000	1.5413825	1.0296595	0.2973719
F	0.6573873	0.5053322	1.2806507	0.3266217	0.3233036	0.4476720	0.6051027	0.7684585	1.0000000	1.0000000	0.6395277	0.7891500	0.7705937
G	1.2091949	0.5698673	0.4121597	0.7061426	1.6825261	1.3466210	1.5144492	0.7660709	1.0000000	1.0000000	0.7863785	0.5865781	0.3569280
H	0.8147425	0.4583564	0.3261123	1.0650221	0.4834251	0.4687946	0.4949549	0.3895276	1.0000000	1.0000000	1.0456749	1.9249407	0.2633370
I	0.6056805	1.5175269	2.5295726	0.3286324	0.3986752	0.8689141	0.5480532	1.5823063	1.0000000	1.0000000	0.9020903	0.4421845	1.9302847
K	2.3952711	0.7018180	0.4349492	0.9293054	1.0335010	1.2153517	1.3412601	0.7474111	1.0000000	1.0000000	1.0843973	1.7041245	0.3670325
L	0.5340023	1.0772027	1.9915044	0.4771316	0.3755436	0.8038059	0.7337994	1.7279737	1.0000000	1.0000000	0.9448707	0.6850516	3.0318343
M	0.6035567	1.1851737	1.6213237	0.4685283	0.4950738	0.8817746	0.5898306	1.1867924	1.0000000	1.0000000	0.9783503	0.8842527	1.3105804
N	0.9994548	0.5435514	0.3835254	0.8791586	0.6960014	0.8950344	1.0812226	0.8582709	1.0000000	1.0000000	0.9974619	1.4129174	0.3055574
P	0.2989665	0.2550846	0.2284416	1.1152519	1.4440464	0.2921254	0.2938570	0.4119443	1.0000000	1.0000000	0.4341384	0.3022470	0.3900566
Q	1.1887190	4.1499925	0.8738644	0.9220974	1.1850048	0.7978415	0.9847195	0.9748700	1.0000000	1.0000000	1.9197354	1.8230642	0.3413509
R	2.4888122	0.6616218	0.4042988	0.6012929	0.6107153	1.0544046	0.9392790	0.5002120	1.0000000	1.0000000	1.4112101	1.6981336	0.3630596
S	1.1221856	0.6108803	0.6043776	1.2942792	1.1443831	1.3852366	1.1065958	0.7643928	1.0000000	1.0000000	1.1217410	1.7205060	0.5447162
T	0.9747844	1.3592369	0.5948940	0.8371360	0.8500664	0.9943515	0.8405134	0.7174091	1.0000000	1.0000000	0.9772477	1.1567970	0.6027585
V	0.5765797	2.2628476	1.7458858	0.3618296	0.6690510	0.7242857	0.6350697	1.4542582	1.0000000	1.0000000	1.1389917	0.5464309	2.5195126
W	0.5173464	0.4457998	0.4979842	0.3586915	0.3735337	0.4296322	0.4359213	0.4446002	1.0000000	1.0000000	0.4403236	0.4620899	0.4693563
Y	1.2889297	0.5343611	0.6226446	0.4239997	0.4090595	0.6932306	0.7113599	0.5197136	1.0000000	1.0000000	0.5406388	0.6241493	0.5487625
