##############
# A0201 PWM for 13-mers
#
# Copyright (2018) David Gfeller
##############
1.00000	391	1
A	1.2736453	0.3086625	1.3553570	0.7723673	0.9038383	0.7523531	0.8609672	1.3687543	0.8661280	1.3294085	0.9300348	1.1970401	2.0367188
C	0.8227320	0.4412076	0.8133838	1.0496182	1.0855870	1.0733932	1.0828810	1.1006891	1.0767924	1.0931528	1.1117743	0.8641714	0.5419890
D	0.2344562	0.1122157	0.7331239	4.5603456	1.7621975	1.8543261	2.0365823	1.0748413	1.5570122	0.9309644	0.8448747	0.5976860	0.3033792
E	0.2548779	0.1541129	0.3030269	2.7827534	1.8771540	1.8014087	1.5295914	1.2327414	1.6081845	1.4546436	0.8360061	1.2610887	0.2565517
F	3.3988579	0.3973713	2.3964579	0.2900292	1.0395957	0.7457010	0.6558303	0.7041525	0.6002492	0.6576982	1.1135647	1.0475673	0.5301710
G	2.1663102	0.1618536	0.4915068	1.4741327	1.1415657	1.7168040	1.3891952	1.4615240	1.6952816	1.2554113	0.7641951	0.7715366	0.3653339
H	0.8665579	0.1236450	0.1936522	0.5516039	0.5268032	0.6679521	0.7291908	0.4545565	0.7418712	0.7251342	0.8972225	0.7488056	0.2063243
I	0.8394252	1.1541203	1.5790715	0.2393717	1.1777565	0.8778809	0.6090762	1.0141771	0.5239757	1.0505172	1.3117128	0.4265331	0.8287629
K	1.2376464	0.1902162	0.2933193	0.5772754	0.5989708	0.9919883	0.7717589	0.5721114	1.2694319	1.1864004	0.4783361	1.0486461	0.3865701
L	0.4317503	6.6092189	2.1910541	0.4361603	1.0758549	0.8877382	1.0301319	0.8483506	0.8756814	0.9752285	1.6358975	1.1059653	3.1737304
M	0.5439743	2.7582115	2.0989752	0.2927800	0.6345023	0.7623833	0.6158761	0.7791982	0.6025960	0.7924395	1.7219800	0.5597229	1.1374330
N	0.5142455	0.1716875	0.5472142	1.0255452	0.6215688	1.0845458	1.2203797	0.9721560	1.0510599	1.1472738	0.6719340	1.0797088	0.2627907
P	0.1803388	0.1868740	0.2004637	1.1775329	1.0624781	0.9631218	0.7268767	1.2014143	0.6300941	0.6601367	0.8525106	0.4644402	0.1407713
Q	0.3052093	0.2938746	1.0202803	0.7203518	0.8994539	0.9615002	0.9086353	1.0741332	1.5792464	1.1893200	0.5858265	1.6221343	0.4155683
R	0.6504107	0.1697012	0.2302800	0.3985617	0.3042680	0.5160088	0.6598339	0.4573261	0.8838436	0.8291808	0.4751851	0.8826515	0.3429510
S	1.5530271	0.1901213	0.6537045	1.0349420	0.8217123	0.9767237	1.1624586	1.1738910	1.1415676	0.7446041	0.8067688	1.7636760	0.5254501
T	1.1620225	0.4365771	0.4857314	0.7701016	1.1813446	0.7708646	0.9518888	1.3353469	0.9165567	1.0180066	1.5300694	1.4609248	1.0032225
V	1.1370088	0.9337387	0.8894685	0.2910852	0.8547356	0.7229971	1.0848210	0.9951362	0.7557553	1.0944709	1.3629837	0.9297501	2.8086254
W	0.2972844	0.2297293	2.7592867	0.1677023	0.4166689	0.2000134	0.6008686	0.8053636	0.1969139	0.1956709	1.4344432	0.2272522	0.2114335
Y	1.9937432	0.2533596	2.3695670	0.3782191	0.8926070	0.6795379	0.4867232	0.4888409	0.5478480	0.3613663	0.4674466	1.1078956	0.3757254
