##############
# A0203 PWM for 13-mers
# Model trained on 12-mer peptides adding one non-specific position after P9.
# Copyright (2016) David Gfeller
##############
1.00000	26	0
A	1.6306678	0.5798395	1.4270866	1.0996971	0.9144262	1.0337244	0.9538304	0.9724236	1.0974791	1.0000000	1.5047825	0.9227981	1.4563873
C	0.9932548	0.8249029	0.9204371	1.0363352	1.1860927	1.0972311	1.1430685	1.1263552	1.1601127	1.0000000	1.2501327	0.9888500	0.9451099
D	0.5873149	0.2695485	0.3904884	2.6040916	0.5371981	1.3154990	1.1889230	0.7037794	0.5591303	1.0000000	0.7006278	0.7287373	0.3794903
E	0.5990661	0.3024869	0.4394136	1.5194942	0.8689000	1.2464438	0.8002408	1.0546356	0.7963565	1.0000000	0.8623350	1.6390478	0.3982429
F	1.0626819	1.0792093	4.2706975	0.3561082	1.0189758	0.9093805	0.5123660	0.4372303	0.9172855	1.0000000	0.4707689	0.7132811	0.7244000
G	1.3496476	0.3151117	0.8680922	2.8850366	1.7849363	1.2344272	1.8448082	1.8790362	1.2081893	1.0000000	1.0801853	1.1893232	0.4944224
H	2.1812264	0.3151860	0.6300235	0.4981498	1.4720639	1.0698025	0.9851638	0.5282967	0.9930133	1.0000000	0.5335297	0.6017181	0.3380311
I	0.6727082	1.6505074	0.8037845	0.3630706	1.6222380	0.7615096	0.8778415	0.8084540	1.0111772	1.0000000	0.7560704	0.7562596	1.7278843
K	1.0821667	0.3947763	0.7646871	0.6800076	0.7535882	0.7575208	0.7033186	1.1136827	1.0518431	1.0000000	0.8108112	0.9343480	0.5030032
L	0.6900433	4.2642066	0.8005286	0.4953978	1.3742153	1.2712588	1.0204973	0.5912991	1.2156680	1.0000000	0.6906039	1.2176224	1.4465828
M	0.7193639	2.6240907	1.2012853	0.4946212	1.0093180	0.8462370	0.8062806	0.7167488	0.8944806	1.0000000	0.7386508	1.2794382	1.1633559
N	1.0597808	0.3060532	0.4753453	0.8541472	0.6123973	1.3452139	0.7149792	1.6130188	0.6330697	1.0000000	1.1373199	0.9971816	0.7214589
P	0.3293727	0.2105180	0.5849163	1.9725944	0.2840227	0.9606350	1.2923109	1.2976260	1.6303978	1.0000000	0.6932887	0.3170388	0.2634353
Q	0.6570260	0.3870920	0.4850817	0.6693205	0.5640415	0.9507791	0.8635038	1.4489685	1.1298735	1.0000000	0.9587522	1.2768462	0.4449376
R	0.9701298	0.4329210	1.0862620	0.5337568	0.5483114	1.1796741	1.1268390	0.7120669	0.6656784	1.0000000	1.2171571	0.6967201	0.7345030
S	1.4925404	0.3829374	0.6318980	0.9448379	0.8451153	1.0414671	1.0537285	0.9108096	1.0562596	1.0000000	2.6434975	0.9604022	0.6139805
T	1.1531894	0.5800107	0.5574232	0.6177430	1.2703541	0.6690734	1.0972239	0.7220353	1.1013027	1.0000000	1.1822516	1.5126569	0.7605380
V	0.6117140	1.3028337	0.6694911	0.4014870	1.2059402	0.6189212	1.0565874	1.5279613	0.8663325	1.0000000	0.9113648	0.9479379	3.0764062
W	2.7172360	0.6134671	3.1475274	0.3944713	0.5549816	0.5104318	0.4619511	0.4370556	0.5058458	1.0000000	0.4622787	0.6559903	2.5436377
Y	1.7749574	0.6707648	3.2800799	0.4030161	0.7096341	0.6367216	0.5419240	0.5042771	0.6522566	1.0000000	0.5275230	1.5285716	0.6560941
