##############
# A0205 PWM for 13-mers
# Model trained on 12-mer peptides adding one non-specific position after P9.
# Copyright (2016) David Gfeller
##############
1.00000	83	0
A	1.1551743	0.7909644	1.7463583	0.7323731	1.5485789	1.1543055	1.9765790	0.7393557	1.0000000	1.0000000	0.8659343	1.5882514	2.4546862
C	0.9031608	0.6924696	0.9953785	1.0247682	1.0962787	1.0987204	1.1748658	1.1979716	1.0000000	1.0000000	1.1055900	0.9138352	0.8504265
D	0.4866891	0.3684419	0.2974342	4.3965058	1.5056464	1.5930773	1.2295715	0.7834228	1.0000000	1.0000000	1.2938075	0.6658564	0.2819117
E	0.5319542	0.5108514	0.3116017	1.9804150	2.0243026	1.2143570	0.9307085	0.6662074	1.0000000	1.0000000	1.2244503	1.2310550	0.3131387
F	1.0439109	0.5181071	1.9809267	0.2845912	0.3096271	0.3874140	0.7311524	1.0168807	1.0000000	1.0000000	0.9263519	0.6013665	0.7943534
G	1.4595709	0.3645899	0.4010591	1.4777526	1.2577838	1.1311706	1.7243194	0.7479774	1.0000000	1.0000000	0.8137614	1.2376528	0.4513124
H	1.3216950	0.3500857	0.5392798	0.4702622	1.0850711	0.8947954	0.6061571	0.3460334	1.0000000	1.0000000	2.1565475	2.0094989	0.2680341
I	0.7542998	1.3440361	3.1147074	0.3730981	0.4114133	0.7144755	0.9040817	1.9754290	1.0000000	1.0000000	0.8823385	0.3888440	1.4647251
K	1.4730627	0.5334783	0.6402722	0.8872377	1.0925550	1.5099115	0.7054391	0.6225268	1.0000000	1.0000000	0.6524187	1.4329075	0.3767878
L	0.7067749	1.3248601	1.0549179	0.2965477	0.4041813	0.5267975	0.9845866	1.4984250	1.0000000	1.0000000	0.7566651	0.5754107	2.6680675
M	0.6087216	1.3330729	1.0828679	0.4034390	0.4685230	0.5305008	0.8451969	1.6923103	1.0000000	1.0000000	0.8316254	0.5547559	1.0684190
N	1.1446252	0.4297275	0.3277061	1.5008019	0.7874748	1.7347574	0.9580946	0.9907850	1.0000000	1.0000000	1.6691374	0.7567680	0.3093738
P	0.2578758	0.2247341	0.7052126	0.6398850	1.6271380	0.7600237	0.5053352	0.3433046	1.0000000	1.0000000	0.4856624	0.3938520	0.2271281
Q	1.3330072	3.0021803	0.3389095	1.0141914	1.1536184	0.9872961	0.8708855	0.8032065	1.0000000	1.0000000	0.9271192	1.9160645	0.3446065
R	1.8020105	0.5079014	0.3623386	0.5360659	0.6949124	0.8525031	0.5870871	0.4266125	1.0000000	1.0000000	0.8542545	1.6056402	0.3551159
S	1.4512562	0.6832278	0.4878558	1.2452533	1.4991923	1.5510848	1.0771788	0.9187711	1.0000000	1.0000000	0.8531637	1.1531860	0.6211079
T	1.2589940	1.1971706	0.6328470	1.1317432	0.9721347	0.9912658	1.1464171	1.1579522	1.0000000	1.0000000	1.3160227	0.9395544	0.5730047
V	0.6946295	3.3642130	1.6711361	0.4033366	0.4662313	0.7224972	0.8401179	1.8148250	1.0000000	1.0000000	1.2549708	0.5523070	2.2150567
W	0.4845097	0.4064325	0.5457879	0.3242157	0.3468822	0.3926242	0.4156997	0.4463293	1.0000000	1.0000000	0.4678244	0.4950804	0.4316073
Y	1.1606496	0.4936802	1.4714330	0.3448061	0.4167365	0.8254405	0.6627092	0.7248558	1.0000000	1.0000000	1.1787261	1.5397423	0.5084135
