##############
# A0217 PWM for 13-mers
# Model trained on 12-mer peptides adding one non-specific position after P9.
# Copyright (2016) David Gfeller
##############
1.00000	149	0
A	0.8757555	0.5366050	1.5077623	1.3834002	1.3953645	1.4016515	0.9981756	1.0000000	1.0000000	1.0000000	1.1498531	1.4778029	0.7884597
C	0.7343040	0.3866760	0.5797812	1.1263244	0.5487900	0.9502956	1.3392024	1.0000000	1.0000000	1.0000000	0.3422836	0.3487996	0.4229153
D	0.3608216	0.2149828	0.4346313	0.4814710	0.6520051	0.9508560	0.4607075	1.0000000	1.0000000	1.0000000	0.4218840	0.3479798	0.1952658
E	0.3727097	0.2547634	0.6511355	0.6732342	0.8269737	0.3928035	0.4228402	1.0000000	1.0000000	1.0000000	0.2794976	0.7779655	0.2139389
F	2.1187105	0.6658783	1.7064304	1.0771544	1.0503665	1.3159372	1.2940378	1.0000000	1.0000000	1.0000000	2.0334397	1.5621512	0.6945897
G	0.6734074	0.2159936	0.4205855	1.7580864	1.1665569	0.9141136	0.9506282	1.0000000	1.0000000	1.0000000	0.7465609	1.3873156	0.2760958
H	0.4914010	0.2575193	0.2975024	0.5988174	0.3065693	0.3197815	0.8818738	1.0000000	1.0000000	1.0000000	0.6187812	0.3368062	0.2006363
I	1.4338885	1.6747537	1.3651161	1.2820505	1.3380745	1.2158726	1.4525720	1.0000000	1.0000000	1.0000000	1.6318675	0.9281469	2.5928128
K	1.2758552	0.3058918	0.3288506	0.6029099	0.6989837	0.5353074	0.4663477	1.0000000	1.0000000	1.0000000	0.3780271	0.7047714	0.2583863
L	1.5844276	4.2987051	2.5678201	1.6589591	1.2158281	1.4822021	1.9141018	1.0000000	1.0000000	1.0000000	1.6489269	0.9548063	2.6769578
M	2.0652822	5.3842506	4.4592106	2.5896763	2.5670525	1.5924092	2.3679241	1.0000000	1.0000000	1.0000000	1.6297742	1.0839753	1.8852995
N	0.3456372	0.2490921	0.3872686	0.7127821	0.5427226	0.6450125	0.6192746	1.0000000	1.0000000	1.0000000	0.4055297	0.3895403	0.2159558
P	0.2107805	0.1794232	0.2066968	0.3935945	0.9420070	0.8548053	0.8421637	1.0000000	1.0000000	1.0000000	0.7340276	1.4929184	0.1786566
Q	0.3629367	0.8595284	0.3403001	0.3580767	0.4762198	0.4336021	0.4292632	1.0000000	1.0000000	1.0000000	0.3961450	0.7494620	0.2543433
R	0.5922798	0.2988412	0.2980138	0.4673972	0.7048862	0.3149642	0.3832324	1.0000000	1.0000000	1.0000000	0.3612754	0.4938022	0.2431956
S	0.7792390	0.5138288	0.6651347	0.5949568	0.6592431	0.9431193	0.9046650	1.0000000	1.0000000	1.0000000	0.7100560	1.1746722	0.2912182
T	1.6149095	0.8354727	1.1343974	1.2556395	1.3514889	1.7820320	1.6329925	1.0000000	1.0000000	1.0000000	1.3870593	1.5784199	0.6036735
V	1.2920680	1.0549540	1.0547131	0.7685067	1.4811587	1.3205740	1.2573695	1.0000000	1.0000000	1.0000000	0.9718035	1.1827966	4.3743611
W	1.5737617	0.3271246	0.3611246	2.6275429	1.0724498	0.3418265	0.3064097	1.0000000	1.0000000	1.0000000	6.5856842	0.7248307	0.2925264
Y	2.0482326	0.4318675	0.9113534	0.4584333	0.5625251	1.3898524	0.4609727	1.0000000	1.0000000	1.0000000	1.7126543	1.2752868	0.4212491
