##############
# A0220 PWM for 13-mers
# Model trained on 12-mer peptides adding one non-specific position after P9.
# Copyright (2021) David Gfeller
##############
1.00000	152
A	0.6046039	0.4086319	0.8929847	0.6838090	0.8023659	1.3016287	1.5470338	0.7106295	1.0000000	1.0000000	0.8580907	1.2692521	1.2226296
C	0.6994901	0.5060894	0.7727276	0.8819969	0.8986866	0.9493120	0.9544889	0.9768500	1.0000000	1.0000000	0.9774991	0.7428933	0.6151452
D	0.3824488	0.2108220	1.3280666	2.9908971	1.6588278	1.6459515	0.9863619	0.8663939	1.0000000	1.0000000	0.4167346	0.5141239	0.1960172
E	0.5451218	0.3045510	0.3104965	2.2199386	2.1401217	1.1462943	1.4213448	0.6437413	1.0000000	1.0000000	0.9546786	1.0866970	0.2198306
F	0.2546162	0.6165841	2.3005045	0.2491679	0.5593101	0.3950937	0.3188732	0.4776528	1.0000000	1.0000000	0.7742693	0.9535206	0.5814063
G	0.4431567	0.2005279	0.4438789	1.1131319	1.8025802	1.5606128	1.3240239	0.5935934	1.0000000	1.0000000	0.4046478	0.7525424	0.2318232
H	0.5896366	0.2405524	0.3379952	1.4790888	1.6099380	0.3547573	1.2965799	0.7726599	1.0000000	1.0000000	2.0008202	1.1933320	0.2149166
I	0.4893115	1.8284320	1.7512865	0.2775918	0.3590557	0.8278534	0.6327901	2.1829859	1.0000000	1.0000000	1.6318016	0.4133067	2.0946818
K	5.1869549	0.2875483	0.3043101	1.0921114	1.3314772	0.9266991	1.4314859	0.9655521	1.0000000	1.0000000	0.5806779	1.6015436	0.2611674
L	0.4665548	3.7087490	2.5886142	0.2406178	0.3507419	0.6562280	0.7734195	2.0630872	1.0000000	1.0000000	1.7249109	0.6683633	2.8762659
M	0.4141693	3.0649057	2.4291725	0.3204480	0.4878182	0.4207860	0.5875798	0.9666240	1.0000000	1.0000000	1.2093917	0.4621443	1.3080859
N	0.5082694	0.2455227	0.4918757	1.2888821	1.0690422	0.8374027	0.8528357	1.0710287	1.0000000	1.0000000	0.6421130	0.9480063	0.2210073
P	0.2606183	0.1791454	0.2699890	2.0023108	1.3004540	1.8208141	0.5243583	0.6471055	1.0000000	1.0000000	0.6537418	0.2628619	0.1866633
Q	0.8662945	0.8249696	0.9177390	1.3323211	0.7125700	0.7924161	1.5611834	0.8144036	1.0000000	1.0000000	1.3705075	2.1246097	0.2556648
R	4.6010001	0.2781245	0.2817022	0.5061765	1.0041876	0.8698899	0.6721335	0.6394924	1.0000000	1.0000000	0.6410954	1.0707785	0.2445225
S	0.6033535	0.2976815	0.3731143	1.0633545	1.1156131	1.3205950	1.4057141	0.7914266	1.0000000	1.0000000	0.6179716	1.5882770	0.3119947
T	0.5563900	1.1092905	0.3872052	0.7750194	0.9720505	0.9376635	1.2144821	0.7131926	1.0000000	1.0000000	1.4384298	1.8497238	0.5290528
V	0.4435898	2.6911343	0.9027113	0.4505486	0.4293965	0.8525997	0.5896164	1.4748572	1.0000000	1.0000000	1.5265196	0.6860944	4.1860523
W	0.2525467	0.3021093	2.2505265	0.2249870	0.2466805	0.2327305	0.2594187	0.2778315	1.0000000	1.0000000	0.3104898	0.3119597	0.2880317
Y	0.3423359	0.4156275	1.7503424	0.4554157	0.3635444	0.3158619	0.4896452	0.6409860	1.0000000	1.0000000	0.9756590	1.0898559	0.5364893
