##############
# A0302 PWM for 13-mers
# Model trained on 12-mer peptides adding one non-specific position after P9.
# Copyright (2021) David Gfeller
##############
1.00000	47
A	2.2478219	0.8269609	1.2137823	1.2772241	1.7658454	1.2024099	1.3672815	1.5400913	2.8220201	1.0000000	1.1806080	1.6208749	0.6070866
C	0.8472912	0.7686442	0.7751657	0.9205209	0.9841000	0.9202351	0.9185921	0.9219496	1.0386454	1.0000000	1.0014593	1.0328005	0.3151071
D	0.5247856	0.3807005	0.5639162	1.9864050	0.9836467	1.5520793	1.1606922	1.3554294	0.5087478	1.0000000	0.4251597	0.9232352	0.6151170
E	0.5631965	0.3985572	0.9683768	0.9725691	1.0620856	1.1650531	0.8481133	0.7678771	0.5598762	1.0000000	0.5475521	0.6849467	0.9067719
F	0.4349702	0.6656726	1.2961968	0.3781482	0.4727118	0.4885337	0.4108141	0.6763526	0.9740002	1.0000000	0.6339973	0.5125381	0.4003994
G	1.9669524	0.5380655	0.9726785	1.2621491	1.2343983	1.3444724	2.3884260	1.7429642	1.1598050	1.0000000	1.0850919	0.8855548	0.4814177
H	0.8574479	0.3473405	0.9947815	0.5615604	0.8518916	0.5222387	0.5040413	0.5448264	0.4939939	1.0000000	0.3973384	0.5484778	0.6659167
I	0.8350041	1.7544593	1.0896392	0.4814535	0.8668496	1.1681503	0.7710703	0.9460694	1.0457368	1.0000000	2.1862087	0.8094313	0.3897214
K	0.9192511	0.4592996	0.8412124	0.9560947	0.5891267	0.8825670	0.7350367	0.8951383	0.9837853	1.0000000	0.6294664	0.9264784	6.4743036
L	0.5155061	1.3909721	1.0614696	0.3985506	0.7342541	1.0044812	0.6259254	0.6767034	0.8567222	1.0000000	1.3219196	1.3605643	0.3827666
M	0.8704535	1.7974115	2.1250498	0.5214933	0.9169644	0.7194450	0.5727100	0.6214056	0.7116842	1.0000000	1.7133094	1.0624513	0.5395237
N	0.6761050	0.4861439	1.1920418	1.4511765	1.2576625	1.1054980	1.1111527	1.5078406	0.9804791	1.0000000	0.6868984	1.0483158	0.7633383
P	0.3892400	0.3126570	0.3216925	0.6251141	0.8356497	0.3545376	1.2868068	0.5892400	0.3865790	1.0000000	0.5437188	0.8229995	0.4214495
Q	0.9570120	0.6262433	3.1482006	1.0283736	0.5943572	1.3397122	1.1080703	1.3100943	1.1056541	1.0000000	0.6575800	2.2054263	1.0914638
R	1.0400835	0.4141420	0.6511062	0.9132348	0.4827231	0.5584107	0.5095472	0.7195401	0.5524108	1.0000000	0.6011933	0.6163613	1.6812791
S	1.6434360	0.7495918	0.6322418	1.8564500	1.3086349	1.2159058	1.3594378	1.4362894	1.2397275	1.0000000	0.7182332	1.4241212	0.6624661
T	1.3145227	2.5548930	0.6107719	1.8890566	1.7054051	1.2440357	1.2441647	0.7142605	1.0115166	1.0000000	1.4994458	0.8595825	0.6037039
V	0.9099257	3.2018246	0.8551187	0.6495342	1.2505418	0.9547691	0.7118617	0.8627950	0.9192703	1.0000000	1.9357327	0.7111824	0.4110209
W	0.3635831	0.3888957	0.4688483	0.3330547	0.3523179	0.3564165	0.3363335	0.3573728	0.3922017	1.0000000	0.3811445	0.3661833	0.4044897
Y	0.4870064	0.5463246	0.9821826	0.4380329	0.4901809	0.4697702	0.4290637	0.4927107	0.5701585	1.0000000	0.5177211	0.5027055	1.1033873
