##############
# A0301 PWM for 13-mers
#
# Copyright (2018) David Gfeller
##############
1.00000	416	1
A	1.5397827	1.0989213	0.7615451	0.9105770	1.3732623	1.2476493	1.1933322	1.4495272	1.3484408	1.4840935	1.0959674	1.2223687	0.4334416
C	0.6995136	0.4835005	1.0025807	0.8952357	0.9165019	0.9106958	0.9205131	0.9237625	0.9128564	0.9234647	0.9357107	0.9970737	0.1996598
D	0.2508271	0.2025195	0.4928910	2.2096359	0.8144646	1.4124633	1.2544559	0.8467983	0.8315990	0.4708644	0.4552920	0.3978796	0.3197278
E	0.3208610	0.2971038	0.2828533	1.3104781	0.9630891	1.4478510	1.0573395	0.8685230	1.4709580	0.7675280	0.6893259	0.8409197	0.4069401
F	0.2077183	0.3500149	1.5079815	0.3890142	0.4883963	0.3528691	0.5505110	0.5771880	0.5725461	1.0444913	0.6350624	0.9078776	0.3380914
G	1.1525990	0.4419195	0.5569210	2.0066021	1.4376838	1.8509523	1.2764813	2.1952013	1.4693750	1.3314009	0.8985122	1.0652104	0.2524457
H	0.7783197	0.2090026	0.6665253	0.5213308	0.7606189	0.6441932	1.0830581	0.4416317	0.5820883	0.8880717	0.5518584	0.6343019	0.6885787
I	0.4842286	1.4192685	1.3326882	0.4101678	0.4197427	0.4603553	0.8621699	0.6095160	0.5207036	0.8658002	1.1679792	0.6486116	0.1968932
K	3.0968731	0.3416936	1.0379933	1.1469308	1.3505524	1.1523570	1.2562334	1.0433966	1.6128964	1.0326227	0.9256691	1.5303423	10.5788730
L	0.3176104	2.3013796	1.4725142	0.4812038	0.7344922	0.6004782	0.6485705	0.6402412	0.6608856	0.8754210	1.9174120	1.4464023	0.2011635
M	0.7143966	1.2805743	1.2596584	0.3841900	0.4152215	1.0134147	0.6621568	0.4290114	0.3439585	1.2058269	1.5823091	0.7062240	0.2332964
N	0.4061051	0.2433707	0.5488814	1.2357359	0.8188599	0.8846736	1.1683802	1.1541458	0.7874349	0.9634798	1.1541404	0.7920610	0.3470284
P	0.1553712	0.1063938	0.3872409	1.3109391	1.8268139	0.7339394	0.5056452	0.6001776	0.7023034	1.1439077	0.5259802	0.7883470	0.1385883
Q	0.7600569	1.1348715	0.7959383	1.1037657	0.9162266	1.4202532	1.0082010	1.2592924	1.2513508	0.9865371	0.6632093	1.7520652	0.5927676
R	4.6308494	0.7488371	2.1427663	0.7236547	0.7983994	0.7314031	0.6535465	0.8220176	1.1097235	0.7447165	0.7685159	1.0267279	1.5594607
S	1.2802384	1.1638001	0.6569496	1.3688138	1.7129164	1.6343063	1.6239152	1.3081545	1.7732410	1.3212592	1.0134615	0.9684137	0.3416468
T	0.7241129	2.1384111	0.5891614	1.1769538	1.1563569	1.2861052	1.1933242	1.1860916	1.0598325	1.0158657	1.3745297	1.2039220	0.2378392
V	0.8585568	2.4743302	0.6797521	0.4681022	0.7245049	0.6057916	1.1020616	1.3225568	0.7506344	0.8327127	1.0915604	0.8076562	0.2242120
W	0.1841965	0.1943629	1.8585462	0.3758850	0.3797649	0.1861965	0.3926194	0.3832675	0.1928090	0.6049771	1.3636932	0.5948802	0.2042005
Y	0.3922298	0.2242725	4.1290568	0.8131707	0.7687641	0.6349864	0.9081384	0.5825490	0.7095772	1.2397545	0.5477349	0.7983917	1.3481540
