##############
# A1101 PWM for 13-mers
#
# Copyright (2018) David Gfeller
##############
1.00000	97	2
A	2.8880389	1.3777988	1.3275551	1.0061074	1.4207687	1.5792673	1.2127436	1.3592571	1.1737940	1.4283996	0.7352438	1.2844235	0.6151949
C	0.9423911	0.7733723	1.1624552	0.9687801	0.9934402	0.9850958	1.0076845	1.0253933	0.9943222	1.0260378	1.0476112	1.0129322	0.3169912
D	0.4619029	0.3811292	0.4397263	1.5418771	1.0289330	2.1398901	1.5171026	0.8038000	1.0915453	0.6700751	0.6056309	0.7860671	0.5205554
E	0.5213398	0.3755328	0.3844939	1.3034921	1.1171143	1.5684396	1.3342011	0.9587211	1.3972854	0.7815670	0.7841081	0.9902229	0.7436750
F	0.3343233	0.4499821	2.1722577	0.6436456	0.5255738	0.3268277	0.4203271	1.0723261	0.7643112	0.7123885	0.9455297	1.3151562	0.2733325
G	1.2535864	0.8694325	0.4976244	1.9504761	2.0470337	1.5939566	1.1035695	1.5226727	1.6440502	1.7337361	0.5703200	0.6450142	0.4662793
H	0.5842369	0.2903225	0.3650943	0.4169876	1.1503059	0.6312058	0.7894323	0.7677253	0.4067225	0.5826267	0.7076008	0.6227346	0.4784212
I	0.5366985	1.4338840	1.6943819	0.6796950	0.5431358	0.4999405	0.8007766	0.9477162	0.7112410	0.7474829	1.3935954	0.7217348	0.2969809
K	1.5290936	0.4443952	0.8310422	0.6932467	0.7691718	0.8491715	0.9684385	0.8547641	1.3054341	0.8395627	0.6925462	1.5232226	7.7412351
L	0.4053450	0.7196597	1.7430060	0.6064641	0.6788882	0.4125680	0.9633107	0.9299872	0.7452631	1.0419749	2.1951481	1.5082657	0.3811572
M	0.7091358	0.9227753	1.9681974	0.5004601	0.5297917	0.6585046	0.9874506	0.6360353	0.5551760	1.3793151	1.6403542	0.9140327	0.4818541
N	0.5755060	0.5967593	0.5015496	1.4267954	0.6534187	1.2646556	0.9336098	0.8929681	0.9453790	0.8665788	0.7822962	0.9684062	0.6413856
P	0.3964747	0.2453447	0.5273909	1.6365968	1.7436621	0.5867589	0.7872087	0.5626952	0.7903364	1.0966885	0.5304984	0.5570949	0.2951969
Q	1.0131145	0.6303868	1.1898885	0.8478140	0.9502881	1.3832523	1.0024774	1.2926629	0.9009792	1.2761156	0.7719138	1.5640178	0.8879856
R	1.4414201	0.5048629	0.4403990	0.5655111	0.6752499	0.7386911	0.8302050	0.7030012	0.8643616	0.5879518	0.6460688	0.6869353	2.0767802
S	2.1602579	1.4038346	0.7765710	1.2676839	0.9644374	1.6979806	1.3341206	1.3379207	1.6504692	1.2511407	0.7140440	0.7032475	0.7484746
T	1.3506409	2.8578251	0.7637707	0.9748152	0.8659412	0.8447598	0.9101895	1.1700588	1.0960846	0.8979765	1.3881536	0.8580022	0.5103035
V	0.6688397	2.7937709	0.9123746	0.7289172	1.0360160	0.6436493	1.0479127	1.0788862	0.7624445	0.9955542	1.3652089	0.8961851	0.3720343
W	1.0170596	0.3729092	1.1912982	0.3868798	0.3923861	0.3547150	0.3864295	0.4178359	0.3878870	0.4222006	1.0726813	0.4965251	0.3647546
Y	0.4184847	0.4305444	1.3775560	0.9393726	0.9690935	0.5592279	0.7807606	0.6825036	0.6134413	0.9872421	0.5222103	1.4505870	0.5847616
