##############
# A1102 PWM for 13-mers
#
# Copyright (2021) David Gfeller
##############
1.00000	57
A	2.4873085	1.0242691	0.7665415	1.0813331	1.2174638	1.1173209	1.1324408	1.4273254	0.8759885	1.2548362	0.6190916	1.4168772	0.6859113
C	0.8441222	0.7287527	0.9097290	0.8172424	0.8595160	0.8528213	0.8839729	0.8959909	0.8422551	0.8765128	0.9252516	0.8603643	0.3164829
D	0.5168257	0.4427697	0.3291815	2.0851590	1.0509449	1.7663250	1.6271355	1.3673888	1.0830536	0.6749703	0.4638376	0.6054244	0.5963538
E	0.5873785	0.4456725	0.4008580	1.7537077	1.1514576	1.1385046	1.3072476	0.7915616	1.2884533	0.9076611	0.3335709	0.6184691	0.8715596
F	0.3811610	0.5590392	4.2268041	1.0414481	0.6634016	0.6485652	0.7280886	0.4568811	0.4986218	0.9913415	1.4298404	1.0630651	0.3353633
G	1.3343729	0.4274517	0.6155440	1.1817017	1.6325625	0.6550122	0.7947071	1.5317008	1.4647302	0.5958013	0.5895868	0.7351008	0.4750713
H	0.5089326	0.3746535	0.4598763	1.1248996	1.1324052	0.8681049	0.5377856	1.4266205	1.1627345	1.4711219	0.6709847	1.4413870	0.6141588
I	0.5101170	1.8733206	1.9095187	0.6366297	0.7554797	0.9929565	0.6769691	0.7421569	0.7801715	1.2958444	2.0832545	1.1179209	0.3795368
K	1.3288445	0.4971800	0.5410886	0.7004341	0.7313692	1.1607546	0.7391247	0.6847357	1.3154927	0.7429805	0.3832879	1.1227404	6.7841190
L	0.4347988	0.8674503	1.6218038	0.8279554	0.6574561	0.6468374	0.9929468	0.7916303	0.7754200	1.0140666	2.6222403	1.6657314	0.3679593
M	0.5512096	0.8433829	2.1477787	0.5711350	0.8414877	0.6090411	0.9046901	0.6111950	0.6125547	0.9854472	2.5859138	1.0855592	0.5197050
N	0.6688766	0.7324479	0.3883371	0.6929674	0.8114730	1.2707920	1.4085201	1.0382913	0.7079735	0.9244225	0.3628838	0.7055376	0.7388589
P	0.3897040	0.3334467	0.4348729	1.9067258	1.1247455	0.3481516	0.5424708	0.9425841	0.7416300	0.9081760	0.8394833	0.9145890	0.4101534
Q	0.8196623	0.7876910	1.3412670	0.6300876	1.2394881	1.1595203	0.7908821	0.7178946	0.9865859	1.5351785	0.5375252	0.8698345	1.0451789
R	2.0297116	0.4319445	0.4157906	0.4780210	0.7953042	1.3198278	0.8066160	0.6251251	0.8882672	0.9542731	0.3607317	0.8301861	1.5943348
S	1.8212702	1.3540896	0.4328240	1.1748828	1.1031611	1.6085357	1.5273138	1.3572229	1.4925229	1.0669015	0.4066116	0.7829697	0.6580113
T	1.2433490	2.8892208	0.6373921	0.7316817	0.8780681	1.0752517	1.2035153	1.4200690	1.4027964	0.8887195	0.7941486	0.9677125	0.7153372
V	0.7860283	2.9035329	1.0493275	0.6287772	1.1590033	0.8187415	1.0003901	0.9979010	0.7768908	1.2283178	1.5531459	0.8713946	0.4065677
W	0.3423768	0.3544182	1.4461848	0.3495310	2.0521231	1.1983201	1.2420783	1.1881663	0.3917236	0.4264321	2.1348987	0.4401414	0.3537996
Y	0.4500762	0.5064021	1.3522581	0.5467509	0.5564842	0.5255856	0.7875228	0.5129009	1.0126032	1.1367148	0.6960624	1.1515544	0.7301192
