##############
# A2406 PWM for 13-mers
#
# Copyright (2018) David Gfeller
##############
1.00000	15	2
A	0.9992729	0.5869592	1.5884283	0.8335618	1.2895252	1.0718551	1.0499321	1.3091086	1.3044294	0.8766279	1.3926412	1.0708412	0.4953278
C	0.9965823	0.5836104	0.9825144	0.8852771	0.9281223	0.9521278	1.0235364	1.0697242	0.9971000	0.9952768	1.0071276	0.8452799	0.5715567
D	1.1213456	0.3726870	0.5073380	1.7965822	1.2188578	1.6781381	1.1097242	1.5948147	0.6585759	1.3803189	0.5836202	0.8218452	0.3267002
E	0.9298060	0.4648700	0.5416667	1.1180705	1.1954913	0.6983840	0.6772602	0.5808080	1.2057543	1.7077440	0.6190701	1.4033889	0.3443169
F	0.5414083	2.6248449	1.1454667	1.1488484	0.4200047	1.0674575	0.7369485	0.5545256	0.4898086	0.5289497	0.4595696	1.0585655	7.5389879
G	0.5483747	0.9429898	1.1712675	1.2245077	0.6712790	1.7541822	1.1456306	1.7091519	1.1374163	0.6357497	3.3445910	1.7472295	0.3885998
H	0.4909906	1.0747433	0.4298277	0.6634584	2.3146755	0.5252334	0.5742877	0.4379334	1.3340056	0.5950734	0.5146327	0.6225591	0.4997330
I	1.4406833	0.7758013	1.3150386	0.4052474	0.5066431	0.9745611	1.1111386	1.5349440	0.7281983	1.0001806	0.5986571	0.5019794	0.9808450
K	1.0955356	0.5291020	0.6227629	1.6796485	0.9415491	1.2748036	1.2881421	0.5832848	0.7633548	1.1286009	1.1462119	2.0569268	0.6746908
L	0.8056517	1.4251079	0.7944082	0.4418560	0.4845975	0.5937317	1.1733485	0.7875672	0.8089379	0.8764383	0.5968592	0.7351243	1.7525075
M	0.8754937	1.0279826	0.8682116	0.5827275	0.6722303	0.6852885	0.9687594	0.8452510	0.7576525	0.8583091	1.2500540	0.7349774	1.2250712
N	1.1345406	0.4925633	0.5737448	1.4115421	0.8349801	1.3201516	1.2203097	1.2180178	0.6461829	1.3456493	0.7693738	1.3195779	0.3927256
P	1.4058133	0.2405277	1.9841431	1.4536146	1.9980920	1.4328430	0.3238191	0.8698017	2.5297251	0.3547257	0.3365630	0.3606764	0.1904433
Q	0.6902597	0.8947427	0.9043057	0.8041407	1.9634335	0.6446108	1.0472713	0.5231238	0.7015969	1.2412434	1.0776430	1.2870996	0.3476327
R	1.5528628	0.5411629	0.5341607	0.8742196	1.2324871	0.7098722	0.7682907	0.4969236	1.0431725	0.7876827	1.6069955	1.0271504	0.4785536
S	0.7035108	0.5085867	0.8550751	1.5225493	1.0728930	1.2668523	1.0174320	0.8502257	0.8089644	1.5423054	0.9147416	1.1172249	0.4243442
T	0.7344633	0.5237723	1.3646429	0.7884502	0.7267428	0.7570794	1.0691784	1.3620872	1.0017254	1.1768502	1.3101473	1.0389912	0.4895269
V	1.6749058	0.6831185	1.3182530	0.4347245	0.7089009	0.6746799	1.2047380	1.3606519	1.0377983	1.1303339	0.8010281	0.5310632	0.7683024
W	0.4558272	1.8350944	0.5280471	0.6312666	0.4696291	0.5032785	0.6396790	0.4660238	0.4564097	0.4942653	0.5213050	0.5681461	1.2948443
Y	0.5534716	7.8600792	0.6944401	1.4185841	0.7013102	0.6370704	1.3510073	0.5194367	0.6036992	0.5669908	0.5106767	0.6829994	2.2447630
