##############
# A2402 PWM for 13-mers
#
# Copyright (2018) David Gfeller
##############
1.00000	200	2
A	0.8659269	0.3817190	0.7670690	0.9449781	1.0529149	1.0162496	0.7845475	0.9486300	1.2310203	0.7998663	0.6981596	0.7992455	0.3491670
C	0.9045620	0.3837985	0.7124617	0.8603360	0.8730545	0.8669340	0.8514979	0.8775211	0.8718916	0.8783672	0.8859322	0.7982394	0.3382736
D	0.4426675	0.1828209	0.6717584	1.6215865	0.9378646	1.3369584	2.3634829	1.2880139	1.2079205	0.6465686	0.7656571	0.4642963	0.2324647
E	0.4869742	0.2133924	0.5522131	1.3764357	1.2060931	1.0297112	1.0076589	0.9914427	1.0146959	0.6851478	0.8064656	0.8974450	0.1708849
F	0.9125324	3.7356451	2.1540567	0.7858480	1.2713675	1.1914526	0.6838994	0.7803480	0.9991906	1.2701705	1.9344277	1.2201896	11.0507545
G	0.4905877	0.3954357	0.6961119	1.6358262	1.0298991	1.2814929	1.6766417	1.4124930	1.4064791	1.4254233	1.2336252	0.5417823	0.2704129
H	0.5209921	0.5350331	0.6462239	0.2964662	0.6549092	0.6678875	0.8662487	0.6574094	1.6530996	1.1906543	0.9705870	1.3044642	0.3861339
I	1.2628790	0.6618412	1.3974362	0.5119249	0.8326656	0.7919769	0.8357326	0.5533186	0.6222736	0.7455889	0.8234792	0.8615544	0.8950496
K	1.5208688	0.2968394	0.6961920	0.6035660	0.7576539	0.9157404	0.9086788	0.9778129	1.0602345	1.1940054	0.4100702	0.9527187	0.2383229
L	0.7328550	0.8778959	1.3523406	0.4459571	0.7878255	0.6582893	0.8568575	0.8539632	0.6850965	1.1606837	1.5266888	1.7393087	1.3990594
M	1.1244911	0.9978638	1.2924375	0.3557855	0.9374417	0.5411239	1.1614279	0.8001753	0.9019279	0.7278320	0.7772074	0.6966743	1.3717815
N	0.9515368	0.2393554	0.6910309	1.2288646	0.9682858	1.2261362	1.0299537	1.3135554	1.2273937	0.8874386	0.9463839	0.9636716	0.2024453
P	0.8311517	0.2390588	1.4161212	2.6209671	1.4214820	0.8298353	1.1845711	1.0797352	1.1900329	1.2985188	0.7535669	0.2301424	0.0959625
Q	1.0311094	0.3185185	1.0542392	1.0380608	1.3342664	1.4140791	1.4854720	1.5043207	0.7521219	1.0927536	0.9183956	1.6298392	0.1683168
R	0.9749747	0.2595193	0.5151069	0.4699746	0.7428959	0.6960061	0.5614103	0.6442214	0.6962518	0.6946645	0.8268180	0.6424878	0.2111892
S	1.3296138	0.3114782	0.7942087	1.1223227	1.1357419	1.3480561	0.8057210	1.4115399	1.1653306	0.9792732	0.9662196	1.0976173	0.2244228
T	1.3704981	0.4458584	0.8666076	1.1676396	0.8863779	1.1153655	0.9226922	1.1305492	1.1094877	1.0989234	1.3693845	1.9560726	0.2618839
V	1.7649547	0.5253299	0.8042701	0.7263428	0.7904076	0.5777536	0.4968666	0.6836940	0.6041103	0.9513616	0.8671259	1.0533211	0.4674891
W	0.7047040	8.2494810	1.1523462	0.9834329	1.7883534	2.5122147	1.0126094	1.7654381	1.3951017	1.0596212	1.1079659	0.7042360	6.1633659
Y	1.4597152	12.1935772	2.3292525	0.5325291	1.4804023	1.5864092	0.7678559	1.0105928	0.9339901	1.1640756	1.5394227	0.8571839	1.5371096
