##############
# A2413 PWM for 13-mers
# Model trained on 12-mer peptides adding one non-specific position after P9.
# Copyright (2016) David Gfeller
##############
1.00000	41	0
A	0.8174819	0.6003727	0.7371064	0.8867876	1.3304287	1.0878297	1.2765147	1.3550300	1.0000000	1.0000000	1.0219254	1.0521521	0.4541234
C	0.9665785	0.5365276	0.8758149	0.8515756	0.9557291	0.9164614	0.9197254	1.0188344	1.0000000	1.0000000	1.0296157	0.8949782	0.5430036
D	0.4786005	0.2908055	0.4240283	1.8755970	0.8096498	2.0060906	1.1405565	0.7912276	1.0000000	1.0000000	0.4195537	0.8320378	0.5074079
E	0.5657370	0.3438276	0.8476572	1.4439625	0.8759430	1.6763728	1.2954872	0.7594758	1.0000000	1.0000000	0.4947954	0.6096615	0.3096320
F	0.7695606	4.3999803	1.7582047	0.3466874	0.4082529	0.3977854	0.7189723	0.7650661	1.0000000	1.0000000	1.4421022	0.4976901	7.2316116
G	0.9142496	0.3492390	0.3898341	1.2647221	1.6736211	2.5286298	1.2639798	1.2482629	1.0000000	1.0000000	0.4628993	1.0173320	0.3398471
H	0.8101694	0.9661045	0.3963710	1.3110194	0.8261139	0.8567015	1.3146981	0.8417143	1.0000000	1.0000000	1.5241108	1.2446168	0.4172603
I	1.4529409	0.7121826	1.5772331	0.3468000	0.8848415	0.7065891	0.6829550	1.0259422	1.0000000	1.0000000	1.1896213	0.8238557	1.1552199
K	2.0518023	0.3949497	0.6342219	0.9136012	1.3767861	0.9565209	1.3143327	1.0796891	1.0000000	1.0000000	0.9885658	1.2850113	0.4739381
L	0.9159257	1.1538411	2.0727322	0.4535495	0.6162732	0.5553234	0.6028489	1.1154295	1.0000000	1.0000000	1.6674769	1.0785011	2.0834889
M	0.8441680	0.8687564	1.4207840	0.5022939	0.6359105	0.5858043	0.9411432	0.8319169	1.0000000	1.0000000	1.0279233	0.7975097	1.1563092
N	0.6190905	0.3848806	0.4076279	2.3488842	1.0809805	1.0106814	1.6186500	1.1050045	1.0000000	1.0000000	0.5217128	2.0186329	0.3514185
P	0.2880813	0.1998430	1.5794580	2.0845208	2.0855060	0.5312761	0.7572450	0.5271054	1.0000000	1.0000000	0.7103829	0.5168463	0.3996570
Q	0.6825275	0.3950073	0.6663435	1.1096830	0.8197621	0.8858844	1.6927102	1.3780769	1.0000000	1.0000000	0.9114188	1.0317737	0.2993853
R	2.1760787	0.4193087	0.4745970	1.0495677	0.8620210	0.6067126	0.7538408	0.6584181	1.0000000	1.0000000	0.7889735	1.2995504	0.3794424
S	0.9062115	0.4275730	0.6144295	0.9087610	0.9801743	0.9079193	0.9239460	1.3618869	1.0000000	1.0000000	0.7453623	1.0022986	0.3770453
T	1.2615929	0.4531362	0.5936977	0.9286423	0.8025114	1.2181272	1.0934988	1.1659921	1.0000000	1.0000000	1.2320625	1.2880518	0.4553529
V	1.3848600	0.7139661	1.4027286	0.3863722	0.8898772	0.7262700	0.5448476	1.0015279	1.0000000	1.0000000	1.5016561	1.1300068	0.7760624
W	0.4842561	1.8012695	0.5929534	0.3833889	0.3994438	0.4264631	0.5063463	0.4771733	1.0000000	1.0000000	0.5907326	0.4526595	1.0407234
Y	0.5888675	9.6677723	1.0771524	0.4817586	0.4805382	0.4578937	0.9233948	0.5804725	1.0000000	1.0000000	1.1067884	0.5556760	1.7523301
