##############
# A2602 PWM for 13-mers
# Model trained on 12-mer peptides adding one non-specific position after P9.
# Copyright (2016) David Gfeller
##############
1.00000	156	0
A	0.9460832	0.5388806	1.2725657	1.0896565	0.8019248	0.6085736	1.0000000	1.0000000	1.0000000	1.0000000	1.2171711	1.5383247	0.3077283
C	0.2755892	0.5375192	0.7002130	1.0144658	0.4739564	1.0635580	1.0000000	1.0000000	1.0000000	1.0000000	0.5010795	0.3305868	0.4492826
D	1.2298563	0.2987146	0.4595248	1.5258981	1.1453400	0.8538549	1.0000000	1.0000000	1.0000000	1.0000000	0.4472421	0.8144090	0.2029357
E	2.2216724	0.5213567	0.5202164	1.7025904	0.7398367	0.5051804	1.0000000	1.0000000	1.0000000	1.0000000	0.7247298	0.4465961	0.2440087
F	1.7917943	0.9714644	1.8460299	1.4296880	1.3548188	1.6182351	1.0000000	1.0000000	1.0000000	1.0000000	0.9329542	1.2001811	5.7196038
G	0.5073418	0.2580146	0.2969256	1.2178705	0.9455490	1.1656702	1.0000000	1.0000000	1.0000000	1.0000000	1.1547299	1.1797695	0.2050347
H	0.7370459	0.5063701	1.6755648	0.6821070	1.8363431	1.0672246	1.0000000	1.0000000	1.0000000	1.0000000	1.6659819	0.7876868	0.8680890
I	0.9501501	1.6016415	2.0785347	0.4703367	1.0749389	1.2050187	1.0000000	1.0000000	1.0000000	1.0000000	1.1159323	0.6971459	0.6607520
K	0.8307624	0.4104193	0.9800216	1.0796735	0.5582942	0.7126471	1.0000000	1.0000000	1.0000000	1.0000000	0.9656092	0.9645905	0.5254724
L	0.6070591	1.1052857	0.8235895	0.5705770	0.6925196	1.5830273	1.0000000	1.0000000	1.0000000	1.0000000	0.9840076	0.8665762	1.1761479
M	1.1414559	1.7278187	1.2523681	0.6697789	0.7391351	2.6663644	1.0000000	1.0000000	1.0000000	1.0000000	1.1828901	0.6042116	3.0820908
N	0.9595702	0.4443523	0.6146010	1.1436907	1.3766922	0.8899590	1.0000000	1.0000000	1.0000000	1.0000000	1.0188775	0.6074900	0.2627406
P	0.2289191	0.2988110	0.4715955	1.4436069	0.9046416	0.3722751	1.0000000	1.0000000	1.0000000	1.0000000	1.0949769	1.3668744	0.1560837
Q	0.7675156	1.5330586	0.7350254	1.0161090	0.5873872	0.5372571	1.0000000	1.0000000	1.0000000	1.0000000	0.5965078	0.7567607	0.2960653
R	0.9646502	0.9819667	0.7886777	1.1184854	1.3452882	0.5468364	1.0000000	1.0000000	1.0000000	1.0000000	0.9505653	0.8739821	0.5747150
S	1.2251399	0.6888991	0.7698231	0.7177267	1.0446768	0.9032875	1.0000000	1.0000000	1.0000000	1.0000000	1.1906862	1.5871844	0.2672885
T	0.9102483	2.6120250	1.0380026	0.7498480	0.8366931	0.9579470	1.0000000	1.0000000	1.0000000	1.0000000	1.3243738	1.4880243	0.3205115
V	0.5575946	2.3432446	1.2706592	0.4226073	1.0947836	0.9303508	1.0000000	1.0000000	1.0000000	1.0000000	0.6080066	0.7810944	0.5590683
W	2.2705848	0.7641711	1.5264559	1.4189939	2.5866340	2.2281718	1.0000000	1.0000000	1.0000000	1.0000000	1.4415120	1.0660139	0.8560414
Y	2.6171938	2.5468212	2.5268115	0.9647380	1.8225196	1.5651889	1.0000000	1.0000000	1.0000000	1.0000000	1.3722585	1.3549578	9.2950374
