##############
# A2601 PWM for 13-mers
#
# Copyright (2021) David Gfeller
##############
1.00000	43
A	0.5801871	1.0750258	0.6986355	0.9493435	0.9689651	0.7813350	1.0747248	0.9228783	1.1229722	0.9199237	1.3748319	0.8592283	0.4646499
C	0.5217448	0.8546078	0.6822535	0.7542506	0.7586370	0.8053726	0.7881459	0.7560849	0.7567672	0.7756245	0.7621462	0.5158676	0.3721201
D	3.4114201	0.5931650	0.3643233	2.1154082	1.2374439	1.6028203	2.0495457	1.6518433	1.7020822	0.6379888	0.7334360	0.5594258	0.5256697
E	3.5104165	0.4040075	0.3599528	0.9554977	1.5818907	1.1567063	0.9483810	1.3616734	1.2789470	0.5847515	0.6943364	1.0939627	0.4193669
F	0.4541168	0.6465296	1.6429945	0.4175352	1.1510531	0.8101390	0.4575353	0.7399561	0.7181100	4.3496002	0.4900468	1.8015373	3.6210848
G	0.8321204	0.3998704	0.7052042	1.4791331	0.8205362	0.8208554	1.8158261	1.4051340	1.0914435	1.1499942	2.8871632	1.1929238	0.3113506
H	1.8892759	0.3356497	0.8505417	0.5945802	0.9996622	0.8889980	0.5494764	0.9543453	1.0237740	0.5676600	1.7223887	1.9138205	1.0370411
I	0.3521847	2.3996934	3.3209647	0.5693188	0.8303242	1.2008583	0.7093492	0.5537132	0.4927218	1.0615695	0.4554372	0.6356105	0.7988075
K	0.9212321	0.4497935	0.6901111	0.8105532	0.7840401	1.0099943	0.7570279	0.9408419	1.2422848	0.7544389	0.8731554	0.8587447	0.7151586
L	0.3265506	1.0520626	1.1877074	0.3798584	0.7556918	1.0177721	0.5430003	0.7504856	0.5269605	0.9173261	0.6156262	0.8395930	1.0929380
M	0.4423487	0.9735313	2.1164936	0.4789172	0.9382568	1.0337447	0.5616144	0.8778428	0.5619491	0.7738277	0.8299781	0.7116583	2.2147795
N	1.1461826	0.4959791	0.6366428	1.8961754	0.8562357	0.9250650	1.2270098	0.7516539	1.2410758	0.7373090	0.7124358	0.6554184	0.4363761
P	0.3754343	0.3239568	0.5223916	1.8716127	1.3381464	0.3454957	1.1177073	1.6128839	0.3696887	0.2800750	0.5912425	0.5836081	0.2488590
Q	0.9625031	0.4304265	0.4240899	0.6412091	1.0494296	0.6398901	0.9835750	1.0560737	0.9613051	0.6535691	0.8250451	2.2245278	0.6705036
R	0.6272526	0.3908332	0.4136625	0.8839120	0.7169234	0.7330469	0.5223732	0.7462420	1.9046381	0.6356512	1.7670190	0.9872257	0.4738583
S	0.8066840	0.8713926	0.5689369	1.7014972	0.9507944	1.1154413	1.4880246	1.3271765	1.2891189	0.8647457	1.1128793	0.9442225	0.4167201
T	0.8779819	2.2521330	0.7732152	0.8932845	0.7853766	1.7211778	1.1654109	0.9694928	1.1402077	0.7313327	0.6143576	0.7585536	0.4770096
V	0.3935383	3.3394699	1.9053582	0.6024469	1.0809791	1.2264770	0.9109013	0.6539039	0.6353042	1.0589261	0.4977815	0.8082961	0.6936646
W	0.4089636	0.3737191	0.5456833	0.3419781	1.5575298	1.4568693	0.3642455	0.3929184	0.4069774	1.7815757	1.4791366	0.6313055	1.3483643
Y	1.1612200	0.5416474	1.7041478	0.7482919	1.6168382	0.5909814	0.7635735	0.8503189	0.8679064	2.1490612	0.8763875	2.4748813	8.8981505
