##############
# A2902 PWM for 13-mers
#
# Copyright (2021) David Gfeller
##############
1.00000	63
A	1.1671799	1.0711195	0.7725152	0.7960963	1.0537270	0.9418192	0.6741393	1.6555108	1.0652527	1.0578864	0.7736798	0.9998347	0.4092654
C	1.2727937	1.1229660	0.7981646	0.7931206	0.8183402	0.8015438	0.8817651	0.9353629	0.8184404	0.8871800	0.9118982	1.2454921	0.3007375
D	0.6435705	0.5410909	0.5012655	2.2843172	1.5128342	1.4943025	1.5002560	0.8049141	1.1537041	0.6016472	0.4142935	0.7534316	0.2817243
E	0.5791621	0.3944372	0.3734133	1.2680392	1.6902044	1.4589887	0.7028605	0.8398119	0.8374683	0.6193455	0.4328119	0.8356707	0.3465275
F	1.6912131	2.8044225	1.6726574	0.4174115	0.8019600	1.0575601	0.7965058	0.6556157	0.4206266	0.6984741	1.8968437	0.8832192	2.8743865
G	0.9917742	0.5292487	0.3318859	1.9203084	1.3709576	1.4936635	1.1648925	1.1587053	1.7883217	1.3358414	0.6522632	1.0466876	0.2740205
H	1.6497435	0.4811894	0.4891780	0.5406818	1.1050166	0.8539282	0.7161266	0.4530264	1.6890437	0.4448994	1.0799658	0.8203451	1.2892251
I	0.9194995	1.1662412	2.5405832	0.4186305	0.8064950	0.5904990	1.6174328	1.1387794	0.6717813	1.2372709	1.0961924	0.8716770	0.5744163
K	0.5710825	0.5410092	0.4143838	1.0031664	0.8430961	0.7463636	0.6853396	0.7869352	1.5984837	1.3183851	0.5998433	0.8002778	0.3894113
L	0.8732225	1.2260615	2.1155591	0.6373147	0.4396601	0.5696943	1.6236162	0.5537465	0.6290248	1.0666172	1.4561007	1.7355074	0.5677622
M	1.1196201	1.0307850	1.4788825	0.4785047	0.5285717	0.5336796	1.0678796	0.6266829	0.5496605	1.1905691	1.0473471	1.0471642	0.6127078
N	1.2472202	1.0968073	0.8773288	1.5478286	0.6718289	0.9819478	0.8930903	0.6087847	1.0235636	0.7153752	0.5614326	0.7075528	0.5524650
P	0.3096069	0.2683472	0.6117609	1.7740295	1.4143346	1.3999147	0.4675966	0.8893039	0.8766722	0.4901549	0.3083130	0.2978008	0.2268249
Q	0.5283322	0.5641724	0.8399710	0.7544989	1.3902478	1.3655243	0.7765198	0.8461451	1.2440870	1.1534237	0.7724658	1.4343497	0.4224059
R	1.1047800	0.5339039	0.3793230	0.5180919	0.6601081	0.9070392	0.4381929	0.7452486	1.1640632	1.0873047	0.5853856	1.0317356	0.3865201
S	1.7211054	0.8010680	0.6858905	1.1665713	1.0730978	0.9647767	0.8020636	1.5716601	1.1661825	0.8607877	0.9379139	0.8266703	0.3742396
T	1.0234832	1.2802777	0.5671577	0.9454662	1.0618243	0.9225068	1.2849495	1.6350643	0.9526821	1.3087007	3.2613403	1.1427358	0.4091325
V	1.1815628	1.7426695	1.3453985	0.4359249	0.8128502	0.6763411	1.4576487	1.5209389	0.6039347	1.5427457	0.8084996	0.8752753	0.5413567
W	0.4542264	2.8359219	0.5590183	0.3372340	1.1275838	1.1807979	0.3802848	0.3582320	0.3524792	1.1273920	0.5643769	0.4797177	1.6655315
Y	1.1773539	1.8344323	2.3686793	0.8778491	0.7740693	1.2800913	0.7540480	0.7218364	0.7321699	0.5135100	2.1729763	1.7397740	15.4501409
