##############
# A3002 PWM for 13-mers
# Model trained on 12-mer peptides adding one non-specific position after P9.
# Copyright (2016) David Gfeller
##############
1.00000	325	0
A	1.0715325	0.8449431	1.2855495	0.8022225	0.9101180	0.9093075	0.7247079	1.0000000	1.0000000	1.0000000	1.1765141	0.7931636	0.2095008
C	1.5413795	2.2806768	0.5170312	0.3107744	1.1381153	1.4369549	1.1267968	1.0000000	1.0000000	1.0000000	1.5422355	1.1307441	0.1594176
D	0.7254447	0.4105659	1.3112026	1.2313145	0.7739427	1.3184365	1.0747412	1.0000000	1.0000000	1.0000000	0.8122920	1.0087407	0.1326322
E	1.0053631	0.5899300	0.8495070	0.7849298	0.7840459	1.1234628	0.5747691	1.0000000	1.0000000	1.0000000	0.6672393	0.9026568	0.1678177
F	1.4178454	1.1516248	1.1395259	0.7672551	0.9750432	1.6277667	0.9864129	1.0000000	1.0000000	1.0000000	1.0299728	1.2545780	2.2253691
G	0.7949277	0.4951053	1.0592365	1.1552452	0.9379015	0.9790460	1.1743356	1.0000000	1.0000000	1.0000000	1.8457391	0.8060644	0.1326679
H	0.9054958	0.3331845	0.6681985	0.9021071	0.6532793	0.4091541	0.5763337	1.0000000	1.0000000	1.0000000	0.9000663	0.9114111	0.5734056
I	1.0204557	1.0330854	0.8368151	0.9574621	1.1384106	0.9624440	1.0129608	1.0000000	1.0000000	1.0000000	0.6131688	0.6823152	0.5203928
K	0.7449569	0.7575931	0.8650689	0.8675294	0.8891647	0.7144884	0.7783796	1.0000000	1.0000000	1.0000000	0.5484698	0.8901130	0.1899407
L	1.1884074	1.1255030	0.9990013	1.2095657	0.9576079	0.8132697	1.0791985	1.0000000	1.0000000	1.0000000	1.0504977	1.0539017	0.5520358
M	1.1417816	1.2347056	1.5488492	1.2125495	1.8253725	1.0228577	1.0378959	1.0000000	1.0000000	1.0000000	0.8408930	1.5549071	0.3343184
N	0.7251472	0.7777770	1.0014693	1.1104585	1.0805996	1.1481270	1.2337458	1.0000000	1.0000000	1.0000000	0.9329180	1.3969007	0.1806654
P	0.5728613	0.1544254	0.6731525	1.2394764	1.0467929	0.6698411	1.0406756	1.0000000	1.0000000	1.0000000	1.1859959	0.9053208	0.1112789
Q	0.8928194	0.5861559	1.1072716	1.4913194	0.6574567	0.8278433	0.9752397	1.0000000	1.0000000	1.0000000	0.6370776	0.6100470	0.2045421
R	1.7003262	0.2813177	0.6716477	0.5118856	0.7450483	0.6994946	0.7809727	1.0000000	1.0000000	1.0000000	0.4745021	0.6261199	0.1887728
S	1.0313093	2.0636963	1.5335456	1.5978300	1.1413288	1.3683674	0.9027733	1.0000000	1.0000000	1.0000000	1.2386295	1.4327341	0.1814607
T	0.8294284	2.2135026	0.5988132	0.9301255	1.3712456	1.0046298	1.1929804	1.0000000	1.0000000	1.0000000	0.9103604	1.1294289	0.2104735
V	1.0268966	0.9227369	0.7423500	0.8445437	1.1657714	1.0718393	1.0793775	1.0000000	1.0000000	1.0000000	0.7909866	1.0324598	0.6587655
W	0.2207515	2.4823130	1.8387294	0.7962042	0.8226372	1.4284950	2.4474656	1.0000000	1.0000000	1.0000000	2.4454411	1.6355071	0.9978722
Y	1.1497580	2.5372786	1.3739464	0.5795909	1.3579782	1.0009274	1.5994861	1.0000000	1.0000000	1.0000000	1.5233344	1.3059311	21.7545663
