##############
# A3001 PWM for 13-mers
#
# Copyright (2021) David Gfeller
##############
1.00000	47
A	1.1855744	0.8480758	0.5779443	0.9643498	1.0826685	0.7701525	1.1184083	1.5369364	0.8717178	1.0255578	1.1509327	0.7939356	0.5840107
C	1.0891276	0.8863170	0.5040457	0.7131737	0.7304986	0.7511287	0.8085151	0.7826171	0.7477885	0.6920388	0.7370404	0.9014314	0.3317332
D	0.5504078	0.5309430	0.4384526	2.0034914	1.0502907	0.9718085	0.9104093	0.7638877	1.0008453	0.8358013	0.7188013	0.5540832	0.7522452
E	0.7144745	0.9068928	0.5685462	1.4979644	1.6280096	1.1593698	0.5337690	0.9055551	1.2625065	1.2881650	1.0733392	0.8814946	0.7876370
F	0.4241552	0.6839334	1.5473338	0.4773466	0.6060906	0.5361316	0.7949980	0.9418210	0.7389564	0.7346699	0.7178361	0.5369827	0.5302723
G	0.8493782	0.7865691	0.3839276	1.3399452	1.4978496	1.3141168	1.0130988	1.8828522	0.9790819	1.6597338	1.2942714	0.9579708	0.4455908
H	0.6048831	0.5053590	1.0045713	0.5915803	0.9700901	0.9219429	0.8463110	0.5041875	0.9068693	1.3466152	0.8754627	1.2681829	0.6490603
I	0.4676190	1.1205344	1.1444193	0.7332600	0.7523542	1.0187939	1.1786730	0.7718262	1.2921340	0.9854951	0.6651661	0.7641622	0.5669781
K	3.0306363	0.5689823	1.8585487	1.0695897	0.9012343	1.0852406	0.9389808	0.7528127	1.2170932	1.0145115	0.9855807	1.5608494	4.7798090
L	0.5378590	1.2898206	1.1907872	0.8285679	1.0307181	1.0349921	1.3424205	0.7956644	0.8716833	0.5982070	0.9384940	1.0936286	0.7552309
M	0.8454460	0.8500433	0.8124897	0.6318246	0.6720680	0.7353753	0.8001064	0.8954004	0.9729773	0.8728496	1.7237604	1.0048350	0.9084944
N	0.7244847	0.8080738	0.5734477	1.3560581	1.2650336	0.8656961	1.2405592	1.2255317	1.0803323	1.4777273	0.5961102	0.8470754	0.8999280
P	0.3855776	0.3334245	0.5430982	0.5828966	0.8073637	0.8178952	1.2888279	1.2750337	0.8175023	0.5619915	1.9594463	1.2684240	0.6135153
Q	1.0353164	1.0937030	1.0216615	1.4154119	0.8629468	1.4053639	0.7211993	0.5828832	0.8714776	1.5983780	0.8391238	1.3866346	0.9417644
R	2.7164881	0.4952760	1.8634855	0.7717395	0.7205315	1.1127568	0.5266381	0.9836207	1.2755543	1.4358597	1.7022717	1.0133324	1.8788736
S	1.2234958	1.5787275	0.8447365	1.0826817	1.1598453	0.9472614	1.3887351	1.2092173	1.1724498	0.7579417	0.7370250	1.2383120	0.6105978
T	1.0900594	1.7300443	0.8825950	0.7949943	0.6489510	1.0791995	1.1397252	0.8149727	1.1003356	0.7357402	0.8793511	0.9591914	0.5960579
V	0.5253305	1.7553927	1.0468948	0.8958781	0.8187995	1.2380360	1.1012512	0.9545800	0.9594905	0.6167076	0.8303949	1.1610740	0.7214547
W	0.3900805	2.4162643	1.6091935	0.3727988	0.4478593	0.3935966	0.3688621	0.3752734	0.3741981	1.4020614	0.3714241	0.3921994	0.4448779
Y	0.7814705	1.1901695	2.5616729	0.7615123	1.4131325	0.8260820	0.5482405	0.5320360	0.5432746	0.8889542	0.5323254	0.8445464	1.4281607
