##############
# A3101 PWM for 13-mers
#
# Copyright (2018) David Gfeller
##############
1.00000	52	2
A	1.2082668	0.8525857	0.7686606	0.8613481	1.1843232	1.0165268	1.0415494	1.2305810	1.4617000	1.4009308	1.0150373	1.1696570	0.5146460
C	0.7964105	0.8504603	1.1902639	0.9368667	1.0176754	1.0142431	1.0542371	1.0672948	1.0375978	1.0658025	1.0618478	1.0865292	0.3231549
D	0.5132186	0.6969173	0.3893154	3.3775608	1.6946009	1.5539829	1.1932204	1.0711238	1.1835256	0.6694985	0.5713929	0.9419174	0.4793395
E	0.6523087	0.6571217	0.4337439	1.7027975	1.4452807	1.3225779	0.8678560	1.1063617	1.4288388	0.6998400	0.4895938	0.9397682	0.6816905
F	0.6487753	0.9643644	2.0671637	0.7869550	1.1462837	0.8594384	1.0530512	0.7809870	0.6344242	1.2018346	0.9368835	1.1392686	0.3409130
G	1.0754818	0.5149442	0.4077986	1.4539218	1.0758819	1.4546022	0.9975813	1.5749208	2.0095111	2.1217857	0.4414330	1.0712567	0.4293097
H	0.8304968	0.8346481	0.4490520	0.7980716	0.4938724	0.4779990	1.0341321	0.7397837	0.4708023	0.4177206	1.6554435	0.8004318	0.6134363
I	0.6364277	0.9980015	1.6583121	0.4774896	0.9560917	0.9054315	1.1907852	1.1700959	0.9958755	1.0683990	1.0700604	0.7655056	0.3152019
K	1.6763299	0.5794919	1.0910895	0.6454786	0.8709898	0.8804576	0.6483189	0.8052019	1.0329137	0.8869571	0.7482675	0.9091340	2.0166711
L	0.5946804	1.0020859	2.2220133	0.5497921	0.7182616	0.5098906	1.5095404	0.9721498	0.6154680	1.4557037	2.0776490	0.9214285	0.5120009
M	0.6691622	1.0860725	2.1581808	0.5170619	0.6701046	0.6119204	0.8912183	0.7731129	0.8975645	0.8385118	1.5612394	1.0010977	0.8466582
N	0.6766416	1.0048221	0.8078873	1.2192244	1.0512314	1.4678723	0.7458823	0.7800366	1.0625575	0.9217895	0.5161582	1.5611804	0.7107072
P	0.2919183	0.2782367	0.2290840	1.1969109	0.6498460	0.4716224	0.7991911	0.4531668	0.3001256	0.6274233	0.2426150	0.4565940	0.2591019
Q	1.5655081	1.2049071	0.9663614	0.8153793	0.7869701	0.7886231	0.8385219	0.5550064	0.8166479	0.6612622	1.0323888	1.2631835	0.9722327
R	3.2579516	0.5416432	0.5626667	0.5318691	0.7250487	0.7373103	0.4957688	0.6783832	0.9246568	0.5171373	1.5360402	1.0960261	8.5771842
S	1.2369688	1.7512490	0.7102397	1.2501046	1.1420396	1.3883632	0.7228928	1.1664471	1.4787164	0.9707324	0.8603681	0.9270232	0.5981872
T	1.0390826	1.7690047	0.6977058	0.9995165	1.2799643	1.5689618	1.1040037	0.7796786	0.9304133	0.8595607	0.7185326	1.2749337	0.5278239
V	0.9596623	1.4791897	0.8934230	0.4202751	0.8722777	0.8369806	1.2499760	1.5560775	0.7802848	0.8615081	1.1764138	1.1178343	0.3563703
W	0.4901944	1.7723242	0.6797037	0.4045864	0.5242488	2.6446779	0.5364953	0.5083135	0.4385227	0.5198223	1.6715911	0.5144347	0.4546013
Y	0.8279619	2.3261779	1.6139360	0.4909603	1.1340195	0.5682442	1.1711505	1.0987833	0.4846096	0.8624760	1.2482808	0.8936667	0.4775035
