##############
# A3215 PWM for 13-mers
# Model trained on 12-mer peptides adding one non-specific position after P9.
# Copyright (2016) David Gfeller
##############
1.00000	73	0
A	0.6023139	1.1949238	0.7718391	1.3850466	0.8016728	0.8427342	1.0000000	1.0000000	1.0000000	1.0000000	0.9389050	1.5653050	0.4024871
C	0.3904818	0.5123791	0.4025836	0.3840750	0.4076505	0.7455795	1.0000000	1.0000000	1.0000000	1.0000000	0.3965118	0.7764830	0.3824419
D	0.3870641	0.4110389	0.3039580	1.1242163	0.3857375	0.9701904	1.0000000	1.0000000	1.0000000	1.0000000	0.5398012	0.4637643	0.2508535
E	0.7964598	0.5112220	0.3431909	1.2633444	0.4812082	0.4810765	1.0000000	1.0000000	1.0000000	1.0000000	0.4643656	0.6766352	0.2773352
F	2.3104019	0.5975296	3.4460286	0.9871313	1.6011032	1.2749467	1.0000000	1.0000000	1.0000000	1.0000000	1.7644751	0.9818951	6.2889246
G	0.5742184	0.4133746	0.3195150	0.9535648	1.3129063	0.5117347	1.0000000	1.0000000	1.0000000	1.0000000	0.4033016	0.8208521	0.2571300
H	1.1609525	0.3864535	0.8137234	1.2814478	0.7078105	1.2010091	1.0000000	1.0000000	1.0000000	1.0000000	2.0073869	0.6941327	0.4447833
I	0.9499981	1.2122071	1.3310709	0.5595146	1.3827351	1.1454377	1.0000000	1.0000000	1.0000000	1.0000000	0.9402089	0.5949036	1.9031274
K	0.6656167	0.4830723	0.5241201	1.1267957	0.4652370	0.6822997	1.0000000	1.0000000	1.0000000	1.0000000	0.5029115	0.6531253	0.5338060
L	0.9744700	1.0458051	1.1929908	0.5590412	0.9541674	1.3122400	1.0000000	1.0000000	1.0000000	1.0000000	1.1292569	0.5924132	1.7714250
M	5.1193560	3.4680849	4.7782635	0.7227226	0.8858483	0.7102561	1.0000000	1.0000000	1.0000000	1.0000000	1.3169631	0.9399126	1.1395899
N	0.4511417	0.4932709	0.5116571	1.1987998	0.6077418	0.9664306	1.0000000	1.0000000	1.0000000	1.0000000	0.6463073	0.5138589	0.2990360
P	0.2543044	1.4423933	0.3878012	1.4544086	0.9028606	0.9189965	1.0000000	1.0000000	1.0000000	1.0000000	1.2343979	3.8723704	0.1871805
Q	0.5218031	0.4788758	0.4295878	0.7735565	0.5682903	0.7865132	1.0000000	1.0000000	1.0000000	1.0000000	1.0355967	0.7821943	0.3127678
R	0.5700077	0.4159586	0.7573838	1.1541508	0.7502977	1.5507887	1.0000000	1.0000000	1.0000000	1.0000000	0.6835332	0.6856553	0.6978900
S	1.0296129	1.1611631	0.5048842	1.3725927	0.9995407	0.9536492	1.0000000	1.0000000	1.0000000	1.0000000	1.3212507	1.2266172	0.3159305
T	0.7568683	2.9261558	0.7089920	0.9385681	1.3091060	1.4251798	1.0000000	1.0000000	1.0000000	1.0000000	0.8981947	1.5807443	0.4370467
V	0.7062597	1.5916012	0.8874560	0.5884246	1.2096101	0.8450569	1.0000000	1.0000000	1.0000000	1.0000000	0.7974938	0.5638309	1.2075109
W	1.4944435	0.3878407	2.8452332	0.3955614	6.0884098	3.8900706	1.0000000	1.0000000	1.0000000	1.0000000	6.0873420	0.3694425	2.8527075
Y	5.0391006	0.9345521	3.8683970	1.2126358	2.0836719	0.8996886	1.0000000	1.0000000	1.0000000	1.0000000	1.9652873	1.1780469	2.6570995
