##############
# A3303 PWM for 13-mers
#
# Copyright (2021) David Gfeller
##############
1.00000	74
A	0.5168345	0.8908548	0.5804530	0.7341937	1.0159421	1.0875204	0.5990770	1.1927208	0.7194600	1.1996581	1.0200748	0.7445851	0.4461408
C	0.6600207	0.7744633	1.0931987	1.0644183	1.1488152	1.0949534	1.1380023	1.1389338	1.0752311	1.1611669	1.1789929	1.1222617	0.2517160
D	2.1679515	0.3465959	0.3820529	2.7763224	0.6345429	1.7987861	1.7361829	1.1474990	1.2985205	0.8875048	0.3787799	0.4704457	0.4306971
E	4.9571481	0.3711963	0.4759631	2.0838573	1.4313504	1.7752189	1.2904614	0.8220049	1.4522506	0.8865203	0.4485918	0.8334919	0.6257697
F	0.3659089	1.4393218	1.4638916	0.3751071	1.3496358	1.0661576	0.8177375	0.8167636	0.6025899	0.5533418	1.2238467	0.7212400	0.5239843
G	0.3972894	0.5807183	0.4422392	1.0200396	0.7234068	0.9017620	1.1979220	1.1231087	1.2406705	0.8900652	0.6090864	0.8544595	0.3440935
H	2.2007972	0.6440455	0.4738485	0.8036699	0.4541383	0.7880165	0.4696835	0.4936324	1.0834105	1.4992704	0.9433361	1.0352411	0.6321491
I	0.4351897	1.2728952	2.2575831	0.3658217	1.6190428	0.6650918	1.0725176	1.0242028	0.5999135	1.1876316	1.4202459	0.9760290	0.3343642
K	0.7737327	0.4223737	1.6090936	0.7348351	1.1979912	1.3044275	0.7196299	1.3538285	1.7701020	1.2057839	0.8920077	1.3226221	1.9925658
L	0.3991979	0.7980507	1.3698320	0.3808131	1.0599516	0.7483293	1.1012596	0.7020300	0.5739515	1.2355134	1.2416674	1.1084140	0.4577922
M	0.6537936	0.9243059	1.0349860	0.4166449	0.7109174	0.5579399	0.6585497	0.9987767	0.5008745	0.6917187	1.3800361	1.5440042	0.7187592
N	1.3271099	0.4609400	0.7403958	1.3126696	0.6438913	1.2308516	1.3393557	1.0237114	1.9617118	1.0091209	0.4914288	0.7149791	0.6438710
P	0.3368411	0.2792706	0.4168722	1.8833596	0.9183833	0.4726421	0.6080939	0.6200744	0.7868755	0.6217594	0.5929350	0.4598026	0.2805679
Q	1.3666521	0.5534153	1.3354985	0.8005356	0.9699924	1.3427178	0.8146260	0.8483139	0.8200587	0.6981571	0.9232703	1.5726744	0.8938844
R	0.6026362	0.3824743	1.6130935	0.8400110	0.7462076	1.0473688	0.5736806	1.3581344	1.2159597	0.8748593	1.8897111	1.5403075	8.2656295
S	0.7015906	0.8098633	0.5983693	1.3186105	0.7823786	0.9991443	1.1959919	1.0739865	1.0159819	1.2171661	0.9259905	1.0505628	0.5081787
T	0.8397628	2.3669923	0.5386563	0.7949135	1.0820008	0.7774650	1.2251334	1.1079087	1.0918487	1.1199490	1.2035140	1.3343059	0.4896866
V	0.3960225	1.9141939	1.2780886	0.4696711	1.1610677	0.5925734	1.2727573	0.8562542	0.4668861	0.8440208	1.2453778	1.0620745	0.3711759
W	0.3400918	0.7768900	1.0997105	0.9743537	1.0478490	1.0110626	0.3485207	1.6966831	0.3685015	0.3835258	2.3964931	0.4071654	0.3681598
Y	0.7070566	5.8357258	1.2599346	0.8355577	0.7931726	0.5342976	0.6825149	0.9373471	1.1049964	1.1438277	0.6313332	1.1811810	0.6847828
