##############
# A3401 PWM for 13-mers
# Model trained on 12-mer peptides adding one non-specific position after P9.
# Copyright (2021) David Gfeller
##############
1.00000	67
A	0.6430574	2.1561138	1.8089263	0.8404508	0.9264507	0.7861161	1.0088911	1.7418494	1.1500099	1.0000000	1.6919003	0.8143346	0.4602042
C	0.6462509	0.6993631	0.7178548	0.6802668	0.7371903	0.7043448	0.7135374	0.7689221	0.7513986	1.0000000	0.8028035	0.4156938	0.2757702
D	1.9011163	0.5557192	0.3649807	2.0610252	0.8361822	1.8782275	1.3748101	0.9175469	0.4940909	1.0000000	0.4871821	0.5260130	0.4258988
E	5.6506085	0.8469491	0.4182199	1.4024377	1.0987422	1.1461953	0.8616098	0.7232859	0.8789691	1.0000000	0.6985333	0.7318122	0.6094278
F	0.7326170	0.5404671	2.5427154	0.7913736	0.6737620	0.9567053	0.4940651	0.6361677	1.2330138	1.0000000	0.4832762	1.3060896	0.5565590
G	0.5192243	0.4551411	0.4321292	1.7054905	2.0910729	1.2070257	1.1877319	2.0159962	1.7122309	1.0000000	1.4987045	1.2309374	0.4701690
H	0.6647673	0.3621202	1.6026189	0.5252832	0.7542248	0.7968038	1.0609265	1.0191356	0.7424135	1.0000000	1.0117594	1.4032193	0.6172725
I	0.3634824	1.6877200	1.6762832	0.5780255	1.4633259	0.7285350	1.2299067	0.7814940	1.0142605	1.0000000	1.0236934	0.6284048	0.5007026
K	0.8116757	0.4768114	0.7524241	0.6635785	0.5359709	0.9584822	0.9116764	0.9682298	0.7707787	1.0000000	0.9876605	0.8287976	1.5139077
L	0.4245671	1.0337269	0.8975343	0.5439450	0.6557041	0.6690993	0.5714538	0.7628714	0.8753768	1.0000000	0.7577910	1.1129483	0.6626717
M	0.6778779	0.8205723	1.4341343	0.7060942	0.5875710	0.7900842	0.7883432	0.8105017	0.6328448	1.0000000	0.8658399	1.3563645	1.0128353
N	0.7195729	0.4360272	0.5884854	1.6155511	0.9204340	1.1925815	0.9416726	0.6033157	0.7293195	1.0000000	0.7509900	1.2727973	0.6331266
P	0.3560262	0.4913518	0.6344675	1.8691356	1.5358162	0.4994048	1.6972865	1.0316123	1.1859781	1.0000000	0.3362922	0.8484727	0.4527082
Q	1.1761748	0.7572283	0.7359791	0.7210563	0.6693351	1.2048035	0.8578838	0.8317090	0.6770326	1.0000000	0.7026256	1.0289137	1.0103989
R	0.6071697	0.3981926	0.4335037	0.4605042	0.5510530	1.1762435	1.1306554	0.7502543	0.9768370	1.0000000	1.0138724	1.1820870	7.7391502
S	0.8137256	0.8783099	0.7137876	0.8969872	1.5290663	1.3346670	0.9627177	1.0986747	1.2998499	1.0000000	1.5971920	1.6540894	0.5078405
T	0.8818031	1.1350822	0.5798501	1.2457711	0.8618474	1.6351139	1.3755239	1.1748616	1.2958271	1.0000000	1.2476030	1.1140806	0.5013971
V	0.4146891	3.0932987	1.6392943	0.6590358	0.9396510	0.7250758	0.8207768	0.8712933	0.9062222	1.0000000	1.4615936	0.7531939	0.4364027
W	0.3668311	0.3355701	1.2763349	0.3534136	0.3644982	0.3541275	0.3716185	0.3581579	1.1340211	1.0000000	0.3598389	0.4296239	0.3644848
Y	0.7083754	0.4848975	1.7984378	0.9151230	0.9363242	0.5154164	1.1618272	0.7165755	0.8121366	1.0000000	0.7143120	1.1067346	0.4792608
