##############
# A3402 PWM for 13-mers
#
# Copyright (2021) David Gfeller
##############
1.00000	58
A	0.8739012	1.3366071	1.2753333	1.1727065	0.6925291	1.1778543	0.9617808	0.7977887	0.7356072	1.0871871	1.3826379	1.0551567	0.5630901
C	0.7131867	0.6699572	0.6953877	0.7327119	0.7211698	0.7422269	0.7215103	0.7081080	0.7442702	0.7108398	0.8147452	0.4269504	0.2861657
D	2.0820508	0.5068259	1.3864196	2.2247891	1.0428366	1.2724331	2.4277629	1.7479382	1.0117238	1.3790984	0.6144303	0.4726443	0.5626845
E	2.8822616	0.8150081	0.6887429	1.2023499	1.3632369	1.5376292	1.5415976	1.6203245	0.7586521	1.2166237	0.5767775	0.8070979	0.8259789
F	0.6612301	0.5942651	1.8824923	0.6500335	0.6320480	0.9163894	0.7021747	1.2658903	0.7601479	0.9947701	1.7014990	1.1052750	0.3574373
G	0.7387716	0.7472149	0.5466847	1.6618650	0.6843325	1.0392835	1.1777544	1.4239326	1.0079170	1.1808778	0.8952532	1.5777941	0.4422212
H	0.9451847	0.4548624	0.5280666	0.5325918	0.8615928	0.8603290	0.5219020	0.8284864	0.8276742	0.9185618	0.4816171	0.8407117	0.6225175
I	0.4982423	1.4810551	1.8520975	0.4646963	1.1645006	1.0218910	0.7812560	0.8501887	1.2618607	0.5450954	1.0819840	1.0457067	0.3960808
K	0.8528377	0.5365390	0.4483655	0.8140213	1.0733020	0.7379099	0.8137611	0.6243387	0.8579798	1.1173876	0.5308066	0.7718524	5.9338358
L	0.6420952	0.9846852	1.5243670	0.5364200	1.1988807	0.8714170	1.0431670	0.7524927	0.8063849	0.5302202	1.4774225	1.4646793	0.4754949
M	0.5574753	0.7810932	0.8634751	0.5019133	0.7332522	0.9170808	0.6467480	0.8557125	0.6718233	0.5665413	1.3174657	1.0108802	0.7813828
N	1.0977582	0.9240975	0.6621856	0.9545431	0.7708381	1.1647959	1.4140830	1.0361419	1.1599881	0.6818940	0.8875204	0.8735145	0.7182316
P	0.3514903	0.3422572	0.6787971	1.1369996	1.3052449	0.5271582	0.3281859	0.5162171	0.9081046	0.7325926	0.5107554	1.2966686	0.3827483
Q	1.6028957	0.8393983	0.6004709	0.6076810	0.9514533	1.5955528	0.6250924	1.1017531	0.7348876	1.4515813	0.8150302	0.8460326	1.0233819
R	0.7396971	0.4570602	0.3855890	0.4985465	0.9791344	0.5359187	0.6426710	0.7749333	1.3640213	1.0154704	0.7335428	0.7650979	2.7461159
S	1.0391098	1.1978872	0.6984538	1.8919507	0.9456140	1.0167437	0.8448923	0.9216212	1.2640001	1.0380993	1.1866653	0.7480685	0.6142797
T	1.1009747	2.6843621	0.5715806	1.1917721	1.1043072	1.0076680	1.3514876	1.4571198	1.4035457	1.3561736	1.2829116	0.8128305	0.5701170
V	0.6847259	1.8335176	1.1998236	0.5873696	1.0832102	1.1479287	0.9926206	0.9821051	1.2772024	0.8195745	1.1745917	0.7977632	0.4110915
W	0.3953029	0.4045368	0.5782893	0.3699724	0.4370557	0.3928799	0.3676986	0.3873632	1.2405778	1.3236109	0.4733681	1.3297921	0.3619857
Y	1.0173383	1.0207912	2.5319365	0.9647781	1.5597590	0.8132436	0.7316328	0.5804713	1.0667125	1.8929196	1.1986532	1.6598385	0.7306817
