##############
# A3601 PWM for 13-mers
#
# Copyright (2021) David Gfeller
##############
1.00000	128
A	0.9011746	1.1905775	1.1424562	0.8631898	0.8702509	0.6768198	0.8779861	1.0426930	1.2429894	1.3988885	0.9154809	0.6385707	0.3328446
C	0.6917949	0.6059584	0.5263081	0.6669819	0.6887519	0.7090141	0.6715673	0.6794229	0.6781971	0.7218515	0.6802846	0.3256107	0.2430700
D	0.3902581	0.4104013	5.0639772	1.1845299	0.9850904	1.0070277	1.4917014	1.5257931	1.3216376	1.1178686	1.4252892	0.3358932	0.3080057
E	0.5072173	0.3913194	3.5739551	1.2749945	1.3473018	1.1275146	1.3066001	1.2406138	1.5155946	0.6830217	1.1200982	0.7391451	0.2846283
F	0.3252581	0.4058158	0.4161890	0.5014823	1.0147593	1.0258883	0.4931281	0.6091608	0.5580092	1.0209014	1.1080800	1.7220353	2.0901302
G	1.2259435	0.4889402	0.3852232	0.8772438	0.8648667	1.0427207	1.1983233	1.1107276	1.2336642	1.2784391	1.4656353	0.3571487	0.2165129
H	1.4699683	0.3365905	0.4815788	0.7746965	0.9558049	0.7739016	0.8002818	0.7662818	0.7676833	1.4568011	0.5919272	0.9524237	1.0380097
I	0.9820847	0.8299275	0.4504698	0.8774938	1.2098477	1.2448697	0.5989916	0.7955875	1.0992307	1.3546081	0.8800802	0.9541350	0.4701383
K	3.2762818	0.4410134	0.5613839	1.0293575	0.7665722	1.0166503	0.9756641	1.1704845	0.6920927	0.6619665	0.7296951	1.0826618	0.3825851
L	0.4710886	0.9788504	0.3468959	0.8849690	0.9552563	0.8864187	0.8232294	0.9859233	0.8169624	0.6406074	0.8800013	2.1992725	0.4974182
M	0.7739519	1.3608787	1.1353134	0.6498512	0.7057621	1.0250691	0.7902744	0.9768045	0.5018066	0.6759279	0.6754617	0.8867470	0.4951456
N	0.5246630	0.5541527	0.6910052	1.5958710	0.8888654	1.3372501	2.0555987	0.9310705	0.6776328	0.9055601	1.5042472	0.6047699	0.3139117
P	0.2653697	0.3021408	0.2826132	1.8732005	1.1822333	0.7834880	0.7705447	1.0790343	1.2628733	0.3579320	0.2413468	0.2183938	0.1845841
Q	0.9186059	0.4244146	0.9405976	1.1835098	1.4909961	0.6753114	1.3047026	1.3971128	0.8754329	0.5331550	1.1496996	1.1787633	0.3449365
R	3.4611567	0.3772774	0.5028571	0.7596604	0.8280142	0.6702867	0.6924090	0.6983130	1.0304260	1.0310136	0.7209678	2.2546601	0.3163347
S	0.7688159	2.7864608	0.9362178	1.1817685	1.0713343	1.4077130	1.2823653	1.2672554	0.9941677	1.3424842	0.9508413	0.6871229	0.2988593
T	0.6829910	4.7403955	0.4655061	0.7224211	1.1007529	1.4591462	1.0394046	1.0262317	0.5497860	1.2788841	1.0076704	0.7462796	0.3292415
V	0.6229626	1.1115753	0.3600692	0.8827354	0.9649332	1.0465720	0.8530619	0.5990645	1.0391142	1.1714263	1.2034834	0.9477629	0.4979699
W	0.2869933	0.2864006	0.2625536	1.1392766	0.3332849	0.3268607	0.7230195	0.7219464	1.1806122	0.7763677	2.4791682	1.2783670	1.3365127
Y	0.5464663	0.3833810	0.6272480	0.8407240	1.2100688	1.0632497	0.8349194	0.6986860	1.4403186	1.2302923	0.9223804	1.4811955	18.9808837
