##############
# A6802 PWM for 13-mers
#
# Copyright (2018) David Gfeller
##############
1.00000	29	2
A	0.6522404	1.3268693	0.7244750	1.0643264	1.2682054	0.7736442	0.7603895	0.9305256	0.7852681	1.2049427	1.2631461	1.1471293	1.5097491
C	1.0356333	0.9462874	1.0921954	1.0715325	1.1699320	1.0790114	1.0552548	1.0768117	1.0829709	1.1709585	1.1653860	1.0026377	0.8019214
D	1.4635149	0.4403946	0.4181068	2.3576364	1.1092576	1.7739277	2.6786335	1.4943515	0.9811778	0.5056646	0.5219025	0.6208407	0.3317129
E	2.8823735	0.4422792	0.4364752	1.0876110	0.5921074	0.8837281	1.1237127	0.6447114	1.3296281	0.6976058	0.5263887	1.0961438	0.3660938
F	2.2141371	0.6874622	5.0963324	0.4032648	1.2083952	0.5419046	0.4561382	0.8248930	0.4722449	0.9875229	1.2083952	1.6698270	0.7783887
G	0.4936163	0.5270936	0.4442614	1.7859571	1.4954797	1.4616577	1.4886866	2.6652347	2.5950073	1.4206119	2.0644747	1.1530284	0.4632212
H	1.5583736	0.3692423	0.5109187	1.4482750	1.4186892	1.9864549	0.5112905	0.5461092	1.4520990	0.9375676	1.4206012	0.6395686	0.3105015
I	0.5732353	1.4806081	1.3741701	0.6416421	1.1047050	0.9207378	0.6461969	0.7038899	0.7698683	1.3480136	0.9249455	0.8844302	2.1860091
K	0.7607473	0.5222765	0.5124178	0.8737206	0.7837228	1.2688933	1.0689094	0.8595874	0.8481800	0.9463548	0.6603606	0.9824075	0.4766064
L	0.8966934	1.0417251	1.0609369	0.4605586	0.9124964	0.5652939	0.9816920	0.5094413	0.7914355	0.9922095	0.7524737	1.0321389	2.0058387
M	1.4778221	1.0185380	0.9743530	0.5747301	0.8118051	0.6880168	0.6975995	0.6227752	0.7099390	0.8748150	0.7617909	0.8736177	1.3155939
N	0.7447896	0.5539200	0.7665645	0.8538364	0.7147344	1.1367394	1.1656931	1.6388334	1.0313591	0.5850303	0.6879920	0.9422404	0.3677663
P	0.3044564	0.3092923	0.5283092	1.5171561	0.9055512	0.3092995	1.2134363	0.8951383	0.9006111	0.8908762	0.5993613	0.2968614	0.2583055
Q	0.8902418	0.4818970	0.8972560	0.6605891	0.7971477	0.7037847	0.6803681	1.0670821	0.9121086	0.7960868	0.7991938	2.3680933	0.4160802
R	0.6545027	0.4842107	0.7344481	0.8518494	0.5738690	1.2236084	0.9002987	0.8639176	0.6159605	0.5933547	1.0684292	1.0040455	0.6877192
S	0.8790671	0.9951994	0.5856538	1.0887420	1.4816311	1.3206232	1.4704327	1.0627617	0.9074775	0.8716924	1.2386013	0.8824557	0.5726235
T	1.1763289	2.5403113	1.1386653	1.0470538	0.9307700	0.9068913	0.7156394	0.8668528	1.2108174	1.2353625	1.4541581	0.8354509	0.7147847
V	0.5549011	2.6322597	0.9647472	0.7630733	0.9742654	1.0949691	0.5218624	0.9033442	0.9521050	1.2019994	0.9290016	0.6694652	2.6004487
W	0.6637745	0.5532592	0.9705597	0.4175179	0.5295756	0.5284144	0.4192598	0.5281241	0.4689019	2.4066874	2.3843339	0.7217840	0.5112652
Y	0.9553905	1.0260160	1.9176715	0.5217992	0.7269424	1.0546492	0.4573026	0.9742797	0.5551525	1.1320049	0.7746618	1.6565579	0.6057124
