##############
# A6801 PWM for 13-mers
#
# Copyright (2018) David Gfeller
##############
1.00000	321	1
A	0.4656003	1.7980396	1.6719683	0.9861264	1.2668699	1.2357432	0.7688581	1.1734137	1.2875396	1.5266449	1.5500441	0.9930598	0.2569947
C	1.0489113	0.5628348	1.0930788	1.0544666	1.0950368	1.0807604	1.0627996	1.0799650	1.0631315	1.0914090	1.1128849	0.9394767	0.1868322
D	2.6549920	0.3043301	0.2282429	2.2637844	0.7010863	1.1958704	1.6402884	1.7083297	0.7931604	0.3954322	0.4110276	0.3524333	0.2432719
E	4.8085859	0.2473700	0.2981364	1.4761159	0.8130957	1.3930628	1.4484534	0.8963367	1.4235408	1.1300856	0.4860315	0.7905200	0.3475365
F	0.5125304	0.4190649	2.7803750	0.3932716	0.3413250	0.2638750	0.4203149	0.4762077	0.6809274	0.8299692	1.1834772	0.8939487	0.2121622
G	0.5730518	0.3783471	0.4998570	2.3262580	1.8756312	1.7821114	1.7225943	2.0543722	1.9308993	1.7559881	0.9237987	1.4767084	0.2571030
H	1.5189161	0.2414041	0.3594111	0.6934327	0.9771096	0.6962219	0.6258601	0.6108204	0.7060161	0.6804896	0.9852100	0.8725699	0.4529205
I	0.4049274	1.3147280	2.5262218	0.2967542	1.3268004	0.5946757	0.6598498	0.6978068	0.6001320	1.0202394	1.4348851	0.5627397	0.1452685
K	0.3722781	0.2464405	0.5130740	0.6054817	0.5352416	0.8000114	0.8405387	0.7105260	1.1072903	0.8033522	0.4554151	1.4520586	2.9680494
L	0.2684449	0.5878565	0.6518582	0.4507363	0.6133218	0.8008527	0.5953221	0.7151275	0.5063311	0.7581520	1.1835207	1.0678461	0.3109936
M	0.6214589	0.4217640	0.9810416	0.3526784	0.6155315	0.6831584	0.9494540	0.7739750	0.2979977	0.9861875	0.6927173	1.0003806	0.2743798
N	1.2711321	0.4195152	0.4627379	0.8786930	0.6077582	1.0615249	1.0705079	1.0150507	1.1007684	0.6453644	0.9394347	0.8202115	0.3501367
P	0.1490561	0.4253932	0.6369983	1.7420993	1.2959007	0.9077441	0.5803660	0.6216999	1.0613054	0.9357909	0.2102255	0.5361517	0.1314519
Q	0.6833491	0.3315967	0.6828797	0.9403481	0.7936483	1.1118146	1.9692815	1.2495244	1.2778632	0.8099944	1.2640219	2.2463694	0.5319713
R	0.4408310	0.2665271	0.2577564	0.4488730	0.4278669	0.7356838	0.5690724	0.6332909	1.1503540	0.6672793	0.5629118	1.5842708	11.7005858
S	1.1701361	1.3359443	0.6225695	1.5116292	1.4923875	1.5569339	1.5012514	1.6495213	1.5708604	1.1093414	1.1998285	0.9232492	0.3331568
T	1.7677902	3.7911354	0.5728653	1.4188734	1.6702996	1.7174781	1.5070497	1.5146981	0.9485379	1.4997419	1.5129706	1.1331984	0.2589312
V	0.3530137	3.3811616	1.9162606	0.4662760	1.2425054	0.6306438	0.8453133	0.8016898	0.6368643	1.1217339	1.5706102	0.7497858	0.1658421
W	0.4631943	0.2141348	1.5337364	0.1971593	0.6969340	0.2089242	0.6953663	0.4526351	0.2235002	0.2420714	0.4985751	0.2612281	0.4632352
Y	0.6353246	0.2553389	1.9885627	0.3717198	0.5504545	0.3826914	0.3941594	0.3157403	0.6298208	0.8738518	0.8403245	1.1966955	0.2363225
