##############
# A6901 PWM for 13-mers
# Model trained on 12-mer peptides adding one non-specific position after P9.
# Copyright (2016) David Gfeller
##############
1.00000	449	0
A	1.0555396	0.6843206	1.5951675	0.8438752	1.0455610	0.8721428	1.0000000	1.0000000	1.0000000	1.0000000	1.3266562	1.5262185	0.7670126
C	0.3167276	0.4368564	0.3286039	0.9192706	0.6322008	0.8769375	1.0000000	1.0000000	1.0000000	1.0000000	0.5561347	0.4023760	0.3648885
D	0.7050670	0.1385618	1.4200133	2.3718467	0.7913924	0.5864867	1.0000000	1.0000000	1.0000000	1.0000000	0.6558493	0.6756494	0.1134099
E	1.3695718	0.2058551	0.4504639	2.2341712	0.5000912	0.3017993	1.0000000	1.0000000	1.0000000	1.0000000	0.5048485	0.9313134	0.1296424
F	2.6174341	0.8163356	1.8162392	0.7063069	1.5587770	1.5015346	1.0000000	1.0000000	1.0000000	1.0000000	2.0735607	1.9338080	1.1796630
G	0.6872313	0.2158533	0.5390799	1.4882463	1.4258317	1.0838650	1.0000000	1.0000000	1.0000000	1.0000000	0.6686764	1.1262282	0.1994983
H	0.8083568	0.4008475	0.9717332	0.6548346	1.2822991	1.0778924	1.0000000	1.0000000	1.0000000	1.0000000	2.8103594	1.1019735	0.1489911
I	0.9377651	1.4367280	1.2784589	0.4767146	1.0843494	1.7092885	1.0000000	1.0000000	1.0000000	1.0000000	1.3712750	0.4032583	2.0277340
K	0.6477532	0.2324031	0.6287247	0.7605284	0.3819562	0.3633583	1.0000000	1.0000000	1.0000000	1.0000000	0.4368717	0.5684288	0.5463646
L	0.8661780	2.8251580	1.1444712	0.5247759	0.7212616	1.0703386	1.0000000	1.0000000	1.0000000	1.0000000	0.8493879	0.6314201	2.7502479
M	1.3818943	4.0592461	2.1567218	0.6910037	0.9539765	1.6781183	1.0000000	1.0000000	1.0000000	1.0000000	1.3150672	1.3522420	2.2336640
N	0.7983777	0.1606504	0.7556187	0.6948411	0.9566001	0.9979309	1.0000000	1.0000000	1.0000000	1.0000000	0.9545619	0.9277630	0.1303028
P	0.1873714	1.6483863	0.6164655	1.7376058	1.2954681	0.6893466	1.0000000	1.0000000	1.0000000	1.0000000	1.2599099	1.3765230	0.0986286
Q	0.6167361	0.5607623	0.5920090	0.9104412	0.9785306	1.0240554	1.0000000	1.0000000	1.0000000	1.0000000	1.0704091	0.8285552	0.2402159
R	0.9009327	0.1925285	0.6332374	0.7223358	0.6930679	1.0493139	1.0000000	1.0000000	1.0000000	1.0000000	0.5402279	0.7727806	0.2487054
S	0.8409855	0.5899053	0.7612819	0.8856469	0.7656051	1.1565952	1.0000000	1.0000000	1.0000000	1.0000000	0.6870251	0.9695645	0.2427379
T	0.9967962	1.9722354	0.4883594	0.5170024	0.8715521	1.4636831	1.0000000	1.0000000	1.0000000	1.0000000	0.7733514	1.2013171	0.5255903
V	0.7557917	1.7649737	0.8606249	0.3775835	1.2339831	0.9776993	1.0000000	1.0000000	1.0000000	1.0000000	0.8972090	0.9041758	3.8118589
W	2.0902654	0.1696571	2.6672894	2.7560977	3.5646806	1.4033123	1.0000000	1.0000000	1.0000000	1.0000000	3.1030345	1.5766487	0.6650852
Y	3.7031120	0.6514259	2.5469803	0.8088167	1.8248017	0.9164795	1.0000000	1.0000000	1.0000000	1.0000000	1.2133413	1.8813635	2.0428636
