##############
# A7401 PWM for 13-mers
#
# Copyright (2021) David Gfeller
##############
1.00000	98
A	0.8635992	0.5981185	0.9922935	1.3102921	1.2171944	0.8684106	0.8332806	1.4246162	1.1233816	1.6009041	0.5929664	1.0814605	0.4075017
C	0.6604076	0.6186523	0.6441474	0.6801808	0.6871846	0.6639147	0.7089967	0.7183733	0.7001346	0.7392020	0.7087354	0.3952686	0.2258785
D	0.4400516	0.2997837	0.4484286	2.6126047	1.1472378	1.5646142	1.4309037	0.8114046	0.9368842	0.7723941	0.3197785	0.5136301	0.4070032
E	0.6190710	0.3215790	0.5708685	1.7699127	1.6118318	1.8420125	1.1583834	1.1677368	1.2432711	1.0383083	0.4473373	0.7144894	0.7347706
F	0.2966790	0.6578794	2.5404945	0.6061197	0.9078188	0.8043118	0.9000607	0.5167540	0.7126874	0.6112985	1.8463698	0.8628382	0.3219861
G	0.6519435	0.2883087	0.5073080	1.1656906	0.9345499	1.4183312	0.5451583	1.1565567	0.9518928	1.0601517	0.6607569	0.3508483	0.3122943
H	1.1574065	0.3031006	0.4271392	0.4506459	1.1068044	1.3480391	0.8563531	0.8784016	1.3131588	0.6469458	1.2561855	0.8856390	0.5960614
I	0.4133993	1.9077266	1.4568525	0.5046773	1.0516694	0.7414156	0.8606515	0.5521197	0.8856267	0.8536293	2.1032164	0.9673189	0.2897047
K	3.5457222	0.3752291	1.1719589	0.5446971	0.9346188	0.7478365	0.8354473	1.0301119	1.2883826	1.0859915	0.8558459	0.7938155	1.5125662
L	0.3994187	2.8127365	1.6721293	0.5164449	0.8406417	0.4318561	1.5540981	0.6377152	0.8980814	1.0355815	1.4015824	1.9638676	0.3396230
M	0.4654364	2.2618018	2.0475979	0.6173657	0.9128084	0.4701346	1.2282913	0.7093780	0.9387886	1.1433908	1.6616157	1.1549944	0.4485192
N	0.6042379	0.3763169	0.5148290	1.1080016	0.7665801	1.4693142	0.8868395	0.6880059	1.1568412	0.6234831	0.4136823	1.0628734	0.5982293
P	0.2961716	0.2427390	0.3661822	1.8082530	1.1612838	0.4142420	0.7729795	0.8031738	0.5389015	1.0524862	0.3543397	0.5161089	0.2551698
Q	1.0234099	0.7136623	1.2565137	0.7831422	0.9006428	1.4067883	1.5569473	1.3891719	1.2695875	0.9866378	0.5724195	1.7971147	0.8342931
R	5.2565035	0.3488033	0.8455703	0.6097653	0.8487819	0.8691579	0.6597174	1.6662176	1.1061123	0.8623509	2.1733541	1.2638162	9.4584956
S	0.6614323	0.8707139	0.6293238	1.0701615	0.8115690	1.2522888	0.9167984	1.4018519	1.1597474	1.1094420	0.6069317	0.6311824	0.4681288
T	0.4897777	2.2518014	0.4956560	1.0685208	1.0374900	1.0745180	1.1500315	1.1103466	0.9064666	1.0007067	0.7481608	1.0625513	0.4490852
V	0.4447682	1.9864487	1.3594019	0.6512554	0.6377823	0.7360565	1.1541128	1.1896533	1.0326699	1.0772142	1.2732682	1.3743618	0.3963453
W	0.3035291	0.3461845	0.4581938	0.8080611	1.4416676	1.4015410	0.8708751	0.3141323	0.3392251	0.8810115	1.4978743	0.3861361	0.3376941
Y	0.4220919	0.4723342	1.3995736	0.3947594	1.3972505	0.8458781	0.6753363	0.6097433	0.8340023	0.9891504	1.1914202	1.2380075	0.7660165
