##############
# B0702 PWM for 13-mers
#
# Copyright (2018) David Gfeller
##############
1.00000	389	1
A	1.9954856	0.5718423	1.1625100	1.2365955	1.6908554	1.0445970	1.3978036	0.9464011	1.1049691	1.0482579	1.3370820	1.9739191	0.8186515
C	0.7868748	0.3090544	0.4581982	0.6905938	0.7132172	0.6977328	0.7056961	0.6926498	0.6985824	0.7006850	0.7178364	0.7253014	0.5069554
D	0.2589920	0.2049207	0.4826706	1.1235904	0.6875940	0.6985613	0.8111763	0.8165426	0.7354651	0.5374602	0.5598125	0.5169449	0.2462655
E	0.3069637	0.2946427	0.4685865	0.8236967	0.5969968	0.7005804	0.8762690	0.7071532	0.8196323	0.4747672	0.8806765	0.6766570	0.2940414
F	0.6199472	0.1617271	0.7639015	0.6372676	0.5142379	0.5246404	0.4767461	0.8840859	0.4295833	1.1251803	0.2399214	0.4658262	1.8899720
G	0.8318824	0.2727400	0.6566736	2.2320405	1.5942059	1.4141645	1.9927884	2.1294006	2.0626775	1.7555890	1.3655448	0.7496017	0.3564207
H	0.6012992	0.2195379	0.6422225	0.2626561	0.4529206	0.7367507	0.3262460	0.8073368	1.0003484	0.7358188	0.4617096	0.3956475	0.4151250
I	0.8253259	0.2135718	0.5450365	0.3887553	0.5780282	0.7305426	0.5965165	0.3250705	0.6691466	0.6771436	0.7747095	0.5108013	0.6507827
K	1.3637727	0.2724731	1.0471783	0.7815612	0.6434865	1.0863432	0.6507281	0.5391844	0.9497881	0.7216099	0.7906799	0.4079916	0.2341712
L	0.7800788	0.2322664	0.5284800	0.5192554	0.7330463	0.8972448	0.8727851	0.8353289	0.9135585	0.7212345	0.8437985	0.6272728	5.3034027
M	1.3523823	0.1798189	1.3977907	0.7262795	0.6052460	0.6162686	0.6885690	0.5173649	0.6900460	0.8507698	0.8600191	0.6070924	3.0806807
N	0.4120878	0.2805124	0.6816320	0.7725358	0.7979655	1.0824503	0.7619235	0.8234373	0.6800500	1.1229441	1.2686018	0.6498997	0.2827471
P	0.2666018	12.0103503	0.7695146	2.7968475	2.3514504	1.5954038	1.8018556	1.8731059	1.7399711	1.6647596	1.1550393	1.6137492	0.2952873
Q	1.0178809	0.2806756	0.4596123	0.8517913	0.9808880	0.9129811	0.9905245	1.6070697	0.8155180	1.0831945	0.7245149	1.0942698	0.3065358
R	2.1941101	0.2185618	6.8418636	0.8113034	0.6520143	1.4860010	0.8090809	1.0497510	1.1722114	1.2012937	1.0152378	0.6243828	0.1778402
S	2.7538280	0.3195839	0.9204384	1.4658586	1.4999252	1.6695576	1.5252480	1.7375437	1.5210541	1.6716882	2.6008501	3.4337775	0.2466300
T	0.9373398	0.3083025	0.4249476	0.9996135	1.1855423	1.0441696	1.1457282	1.1094179	0.9691462	1.1131434	1.0392198	1.6581334	0.3661027
V	0.8331331	0.4331450	0.3102576	0.5255149	1.0535073	0.8066674	0.8539123	0.5808887	0.7035926	0.8295313	1.0651114	0.8158290	0.7306133
W	0.2050211	0.0997743	0.6440544	0.3922877	0.8031026	0.1965067	0.6058615	0.6160685	0.6061146	0.8296587	0.3857172	0.3927594	0.4689304
Y	0.4994944	0.1604164	1.3009286	0.6679470	0.4808807	0.6835492	0.6730004	0.6993428	0.5520079	0.7149610	0.2080367	0.4168233	0.5841637
