##############
# B0801 PWM for 13-mers
# Model trained on 12-mer peptides adding one non-specific position after P9.
# Copyright (2021) David Gfeller
##############
1.00000	48
A	0.6773917	0.9332601	1.3165424	0.9288414	0.5990043	1.2318426	0.8448464	0.9884672	1.0426444	1.0000000	1.3740857	1.8186579	0.4909092
C	0.7057984	0.5859644	0.5823633	0.7306155	0.6902007	0.7418622	0.7109074	0.7168036	0.7071872	1.0000000	0.7526016	1.0412395	0.5715940
D	2.3107552	0.8935946	0.5492784	1.6484528	0.4475197	0.6699344	0.7500237	0.8417021	0.9170932	1.0000000	0.7234943	0.9317368	0.2608729
E	1.5625979	1.1230968	1.0241890	0.8147752	0.6384080	0.7897334	1.0121351	0.7792850	0.6729284	1.0000000	0.8461277	1.0657696	0.3166739
F	1.8548770	0.5233360	1.3871348	1.7944861	0.6269479	1.0523997	0.5503818	1.0622818	0.4734542	1.0000000	1.1115315	0.5336865	1.3098589
G	0.4407937	0.9098494	1.1322260	0.7826671	0.7188760	0.7785362	0.4509788	0.9129295	0.6506730	1.0000000	0.8277341	0.8907804	0.2626957
H	0.6490592	0.4257926	0.5705023	0.8437895	1.1975207	0.8552321	0.8917429	0.8430410	0.5326993	1.0000000	0.9396320	0.4847485	0.3939457
I	0.8304132	1.0920996	1.1233233	1.3719161	1.0006151	1.1833929	1.1826559	1.2849865	1.1141426	1.0000000	1.0811473	1.1071462	1.5716235
K	0.6247269	0.5305634	1.1006197	0.7024569	1.1009597	1.1002185	2.1729069	1.0445240	2.3342260	1.0000000	0.6134339	0.5878569	0.5079056
L	0.7367979	1.4110391	1.3322742	1.2924874	1.4826045	1.1254950	1.2038478	1.5350108	1.0836019	1.0000000	0.8028806	0.7793114	4.3373582
M	1.9678673	1.0308448	0.7927518	0.7886893	1.0608355	1.5582739	0.7736123	0.8506204	0.7366654	1.0000000	1.2364395	0.7118569	2.8408297
N	1.3027352	0.6996524	1.3292413	0.6242641	0.5243516	0.7371807	0.8413188	0.7595208	1.0573117	1.0000000	0.9972751	0.6432443	0.3070242
P	0.3193334	3.7687755	0.7791519	1.2665394	2.8181456	1.6986940	1.0438411	0.7637131	1.0485966	1.0000000	1.0245939	0.6018197	0.2319379
Q	1.0123331	0.5227132	0.7754456	0.5353946	0.9152545	0.9367364	0.8973887	0.7727160	1.2409275	1.0000000	1.6365568	0.7604744	0.5722892
R	0.6744543	0.4202795	0.8808886	0.9645451	1.0362134	0.8785289	1.0844378	1.6749282	1.2828248	1.0000000	0.5258543	0.4783629	0.4086003
S	0.9254291	0.6659114	0.7108770	1.0980285	0.8237422	0.7142246	1.0585857	0.6714975	0.9818793	1.0000000	1.0910594	1.9423483	0.3421198
T	1.0378681	0.7429131	0.6029710	0.7720040	0.7269625	0.8966125	1.3521274	0.8637341	1.2111430	1.0000000	1.2243830	1.0882390	0.5251512
V	0.9553269	1.2606858	0.9611991	0.8929440	0.8975945	1.1985208	0.8537857	1.0015077	0.7188981	1.0000000	1.0601467	1.7156431	1.1273546
W	0.5498041	0.3162335	0.4988016	0.4258415	3.3034107	0.4162197	0.3895064	1.3781692	0.3511143	1.0000000	1.4556246	0.3784780	0.5325855
Y	1.8922197	0.4586248	1.5271192	0.7003424	0.9187067	0.8981432	0.8210301	0.6233043	0.4851786	1.0000000	1.5383231	0.7871261	1.2602830
