##############
# B1301 PWM for 13-mers
# Model trained on 12-mer peptides adding one non-specific position after P9.
# Copyright (2016) David Gfeller
##############
1.00000	22	0
A	1.6434641	0.8401052	1.1253143	1.1545222	1.1640234	1.3565648	1.0000000	1.0000000	1.0000000	1.0000000	0.7452859	0.6939199	0.5259127
C	0.9440998	0.6560757	0.7808437	0.8150496	0.8854530	0.8860547	1.0000000	1.0000000	1.0000000	1.0000000	0.8258809	0.4306689	0.6090656
D	0.5025003	1.2639270	2.8579585	1.2290883	1.0890727	1.2417108	1.0000000	1.0000000	1.0000000	1.0000000	1.4194380	0.6217235	0.2972226
E	0.6497520	0.8350594	1.2779534	1.7167956	1.3714411	2.4928658	1.0000000	1.0000000	1.0000000	1.0000000	1.2775306	0.8191906	0.3141706
F	0.6342995	1.1037297	0.7274415	0.4308271	0.6506904	1.3693159	1.0000000	1.0000000	1.0000000	1.0000000	0.5323384	0.4170063	3.9938889
G	0.9951229	0.8891836	0.6388471	1.0538639	1.0096851	0.9856351	1.0000000	1.0000000	1.0000000	1.0000000	0.5692696	1.3216147	0.3451169
H	1.1941881	0.5666102	0.6149840	1.2394817	0.5982536	0.5617621	1.0000000	1.0000000	1.0000000	1.0000000	1.8174025	1.8631030	0.4040616
I	0.8436046	0.8504413	0.6266715	0.4563444	0.6472445	0.8519000	1.0000000	1.0000000	1.0000000	1.0000000	0.9338938	0.4165778	1.8426488
K	1.4211449	1.0104648	0.7063696	1.2911237	1.4579639	0.7683255	1.0000000	1.0000000	1.0000000	1.0000000	1.1190417	2.7387348	0.4248654
L	1.0032695	2.0509547	1.1924348	0.4424216	1.2544664	0.7924744	1.0000000	1.0000000	1.0000000	1.0000000	0.9623891	0.6214059	2.4666371
M	1.2831661	1.6216945	0.8302879	0.6045554	1.2957911	0.7694932	1.0000000	1.0000000	1.0000000	1.0000000	1.2666319	0.6805950	1.8519062
N	0.6492550	0.6728699	0.8961645	1.5473512	1.1171962	0.7201884	1.0000000	1.0000000	1.0000000	1.0000000	0.8413175	0.8549720	0.3495783
P	0.3192776	0.2882457	0.3387278	1.1299739	0.3413768	0.3421801	1.0000000	1.0000000	1.0000000	1.0000000	0.7161947	0.3372593	0.1962322
Q	1.0661603	2.7363499	0.9953423	1.4516471	0.8156604	0.8587835	1.0000000	1.0000000	1.0000000	1.0000000	1.6996308	1.2927388	0.3684031
R	2.7161507	0.7935880	0.6128929	0.8228979	1.1242261	0.6309905	1.0000000	1.0000000	1.0000000	1.0000000	1.4351738	3.4398340	0.7364874
S	0.7740589	0.6507770	1.3659330	1.2306715	1.3471103	1.1815404	1.0000000	1.0000000	1.0000000	1.0000000	1.2852010	0.7874546	0.3979795
T	0.6633335	0.6262203	1.2114770	0.9718364	0.9860257	0.9627583	1.0000000	1.0000000	1.0000000	1.0000000	0.9655809	1.0980979	0.5418703
V	0.8571448	0.7348602	0.6195046	0.6324067	0.6359884	0.9853714	1.0000000	1.0000000	1.0000000	1.0000000	0.6720772	0.4472534	1.1065199
W	0.6093579	0.5866004	0.6465888	2.8203671	0.5919705	0.5729346	1.0000000	1.0000000	1.0000000	1.0000000	0.5047224	0.5128332	3.2700141
Y	1.1783421	0.7008664	1.6477338	0.6318672	1.1113376	0.7235164	1.0000000	1.0000000	1.0000000	1.0000000	0.6620494	0.6381243	1.3834859
