##############
# B1302 PWM for 13-mers
# Model trained on 12-mer peptides adding one non-specific position after P9.
# Copyright (2016) David Gfeller
##############
1.00000	21	0
A	1.1967911	0.7320202	0.8197708	0.7580986	0.8977160	0.8539121	1.1469037	1.8432413	1.1487741	1.0000000	0.8712889	0.8149003	0.9473186
C	0.8725484	0.6350796	0.8143147	0.7994805	0.9105562	0.9300209	0.8136559	0.9363680	0.9162686	1.0000000	0.8424298	0.5795085	0.7758177
D	0.5925367	0.6773613	0.8074977	1.5248888	1.2597698	1.5788336	0.7404688	1.4797429	1.3519529	1.0000000	1.0749102	0.6901154	0.3946488
E	0.6865213	1.2955799	0.4721481	1.4771972	0.5916565	0.9559453	1.3951483	1.2919051	1.1087815	1.0000000	1.1969858	1.2884083	0.5996860
F	0.4111182	0.5543116	1.5044919	0.9018230	0.7544380	0.4816482	0.4176701	0.4403372	1.0500912	1.0000000	0.6594522	0.9773877	0.7943013
G	2.2160790	0.5247544	0.4573476	1.7673239	0.9182373	1.0847276	1.4068021	1.5465103	1.7410941	1.0000000	0.5583367	0.5598622	0.3918197
H	0.5759828	0.6822383	0.5860052	0.5717869	1.7628824	0.5838593	0.5693142	0.5815321	0.4786985	1.0000000	1.2689319	0.5816269	0.3080327
I	0.4203545	0.8080842	1.8847223	0.5657598	1.4957715	0.7287813	0.4621328	0.6738351	1.3737874	1.0000000	0.7609219	1.1558660	3.1283757
K	1.8325548	1.0314888	0.7965980	1.2406681	0.5902190	0.7391679	1.1571576	0.8720852	0.6486618	1.0000000	1.0835576	1.5947207	0.4511788
L	0.6251627	1.5133423	1.2573121	0.8451430	1.4459797	0.6116077	0.7919720	0.5632869	1.2717348	1.0000000	1.1683392	0.8945199	1.4655487
M	0.6581631	1.1219978	2.3969817	0.7287433	1.0231523	1.1661942	0.6750080	1.1376236	0.9769853	1.0000000	1.3402663	0.9197215	1.3089375
N	0.8093708	0.7329921	0.8790804	1.1767714	0.6807702	2.3959789	1.0750378	0.8386568	0.6687018	1.0000000	1.4645179	0.7431730	0.3915686
P	0.3348872	0.3127004	0.2503865	1.1315569	1.1015017	0.3436755	2.3531024	0.3672153	0.2967361	1.0000000	0.7104334	0.3318991	0.2563321
Q	0.8623879	4.4735572	0.5329335	1.3754639	0.8473472	1.0039845	1.1035134	1.6811753	1.2106056	1.0000000	1.3840137	2.0483061	0.4276732
R	3.5788287	0.9750165	0.8906873	0.7685299	0.5451391	0.6671586	1.7454508	1.0537803	0.5691861	1.0000000	1.4378529	1.2594899	0.4083949
S	1.1994507	0.8998863	0.5608440	0.9599026	0.8753334	1.5308161	0.9738536	1.5053591	0.8806549	1.0000000	0.7451717	1.3133170	0.5423827
T	0.9420409	0.7132319	0.6437664	0.9131059	1.1491447	2.0676259	0.6767463	1.0417158	0.6824426	1.0000000	0.9148710	1.0362710	0.9944629
V	0.4809492	0.9902437	1.3813715	0.6751009	0.9205101	1.1108981	0.4949336	0.6363193	1.1752882	1.0000000	0.9594053	1.2388162	2.7858140
W	0.4973928	0.5417504	3.3430846	0.5055961	0.5968987	0.4725094	0.4377474	0.4863304	0.5458027	1.0000000	0.5994116	0.5500639	0.5127714
Y	0.5034751	0.6356598	2.5400575	0.6005590	1.2500730	0.5271987	0.4955929	0.5247340	0.6428934	1.0000000	1.2071587	0.6884508	0.6225837
