##############
# B1402 PWM for 13-mers
# Model trained on 12-mer peptides adding one non-specific position after P9.
# Copyright (2021) David Gfeller
##############
1.00000	54
A	0.8206526	1.4099471	0.5799950	1.0102142	0.7876535	0.9384760	1.2642671	1.3751187	1.0000000	1.0000000	1.3268276	1.8659811	0.6786046
C	0.7198307	0.4875967	0.6486531	0.7192354	0.6555624	0.7166828	0.7422153	0.7285237	1.0000000	1.0000000	0.7939787	0.5403820	0.5233438
D	3.9158206	0.9669349	0.5314570	1.9993955	0.7032006	1.1633886	1.3970139	0.7524117	1.0000000	1.0000000	0.4870353	0.7371383	0.4633555
E	1.3716660	1.4698168	0.5364523	1.1919801	0.9393385	1.5582904	0.8008744	1.1285963	1.0000000	1.0000000	0.6946370	0.9536249	0.4340744
F	0.5462374	0.3689304	2.3483290	0.4968497	0.5068366	0.4567434	0.7543405	0.5606887	1.0000000	1.0000000	0.5507104	0.7434696	1.1646364
G	0.7798667	0.4862765	0.3221402	0.7900010	1.6266992	1.6825680	1.3836285	1.3853934	1.0000000	1.0000000	0.9214202	0.8830609	0.2811545
H	1.5965715	1.9721512	1.7181615	0.9204606	1.2668598	0.8578162	0.8554062	1.5479013	1.0000000	1.0000000	1.1588357	0.5019107	0.3387871
I	0.8783311	0.5327642	1.2471304	0.7282580	0.5499153	0.7441454	1.1105523	0.9218813	1.0000000	1.0000000	1.3667372	0.7250948	1.6330307
K	0.5957225	1.0520200	0.4621573	0.9814097	1.1493260	1.2369547	0.8232334	0.9910266	1.0000000	1.0000000	0.6491589	0.9764210	0.3837883
L	0.7794716	0.4182658	1.9570679	0.8791819	0.6641548	1.0574872	1.0128024	0.7550583	1.0000000	1.0000000	1.2961257	0.9622504	4.5285385
M	0.5789755	0.5556945	1.9630645	1.6642995	0.5620092	0.6557103	1.6693616	0.8597037	1.0000000	1.0000000	0.8233582	0.7041744	1.4853651
N	1.5782226	1.0745011	0.6318186	1.1032154	0.8574800	1.2218254	1.5358265	1.3380354	1.0000000	1.0000000	0.7649711	0.6648662	0.5033880
P	0.3277580	0.5526066	0.2512517	0.5503869	0.9387469	0.7583692	0.7350161	1.1610519	1.0000000	1.0000000	0.5366667	0.3832264	0.2342745
Q	0.9634103	2.1740709	0.8064964	1.3779481	0.8966895	0.8510467	0.9034531	0.6358985	1.0000000	1.0000000	1.9092684	0.9601164	0.3770008
R	0.4906065	3.5203272	0.5846456	1.5107767	3.4158724	0.8922657	0.8069588	1.1344571	1.0000000	1.0000000	0.9852033	0.5585685	0.5216576
S	0.7424927	0.6830059	0.5302411	1.2247026	0.8943327	1.0288664	0.8358664	0.8500210	1.0000000	1.0000000	1.1259369	1.9823629	0.3592029
T	0.9695179	0.7168485	0.6400944	0.6506763	0.8256183	0.8819038	0.8699209	0.8630544	1.0000000	1.0000000	1.1850424	1.7249316	0.5232906
V	0.6708389	0.5968301	0.8245584	0.7930529	0.4855058	0.8845773	0.8083379	0.8305622	1.0000000	1.0000000	1.2123981	1.1121107	1.2050581
W	0.4011964	0.3597023	0.8636837	0.3760039	0.4300993	0.3458815	0.3901808	0.4233492	1.0000000	1.0000000	1.2678357	0.3963400	0.4439677
Y	1.3245405	0.5478025	5.0350230	0.7719533	1.3142962	0.4636735	0.7907166	1.3429868	1.0000000	1.0000000	0.5638670	0.8098987	0.6088045
