##############
# B1509 PWM for 13-mers
# Model trained on 12-mer peptides adding one non-specific position after P9.
# Copyright (2016) David Gfeller
##############
1.00000	77	0
A	0.8130085	0.8091119	1.2637487	0.9429939	1.1891894	0.9863182	1.0000000	1.0000000	1.0000000	1.0000000	1.3601388	1.6703529	0.4979237
C	0.6930022	0.3186824	0.4005734	1.3622939	0.7292330	0.3936481	1.0000000	1.0000000	1.0000000	1.0000000	0.7602600	0.7813490	0.4570716
D	0.4499872	0.5254602	1.3277375	0.6698365	1.0025058	1.0213121	1.0000000	1.0000000	1.0000000	1.0000000	0.6317104	0.4485882	0.2255514
E	0.8222824	1.1642220	0.7658566	1.6417497	0.8514491	0.7088000	1.0000000	1.0000000	1.0000000	1.0000000	0.5943791	0.8393425	0.2511474
F	2.6874079	0.5912983	1.5930122	1.0035428	0.7961860	0.8221571	1.0000000	1.0000000	1.0000000	1.0000000	0.8321477	0.5530048	3.2224662
G	0.6091333	0.3937419	0.6118488	1.0730949	1.9966680	1.7840448	1.0000000	1.0000000	1.0000000	1.0000000	0.8058988	0.7767933	0.2389606
H	1.5878375	5.6027361	1.0067844	0.7202136	1.8828269	0.9552247	1.0000000	1.0000000	1.0000000	1.0000000	1.4326849	0.6878240	0.5532615
I	0.8384686	0.5472068	1.4071837	0.6189493	0.9500126	0.8720330	1.0000000	1.0000000	1.0000000	1.0000000	1.0182185	1.3552617	1.6259314
K	0.6471733	0.6563014	0.7818008	0.9656576	0.5467644	0.8646089	1.0000000	1.0000000	1.0000000	1.0000000	1.0255752	0.7385009	0.3055801
L	0.7088087	0.5855090	0.9263005	0.7149802	0.7382501	0.7668213	1.0000000	1.0000000	1.0000000	1.0000000	0.8067038	0.6926008	4.2193335
M	1.4241431	1.7495823	1.7022759	0.7454911	0.5654575	1.1951392	1.0000000	1.0000000	1.0000000	1.0000000	1.2301237	0.6195785	2.5043048
N	1.0652448	0.7345748	0.7654552	0.6607886	0.8546603	1.1536865	1.0000000	1.0000000	1.0000000	1.0000000	1.5327555	0.6183705	0.2590683
P	0.2628182	3.2200270	0.4246328	1.8360214	0.9087631	0.6047266	1.0000000	1.0000000	1.0000000	1.0000000	0.7672608	1.8507023	0.1941451
Q	0.6633996	1.7281407	0.7688343	0.8687906	0.6490433	1.0858965	1.0000000	1.0000000	1.0000000	1.0000000	0.8136642	0.7828482	0.3082821
R	1.2751792	1.1271379	0.7948295	0.9645442	1.0104774	1.0765149	1.0000000	1.0000000	1.0000000	1.0000000	0.8634189	0.9133695	0.3177904
S	1.0716289	0.6857014	0.5900940	0.8817457	0.7646401	1.2283941	1.0000000	1.0000000	1.0000000	1.0000000	1.4042574	1.0763412	0.2995837
T	1.0561125	0.5036364	0.6387881	1.0635173	1.4789412	1.2188396	1.0000000	1.0000000	1.0000000	1.0000000	1.1573777	1.1367051	0.4575579
V	0.5842490	0.5316756	1.3735371	0.7603384	0.9945562	0.9825010	1.0000000	1.0000000	1.0000000	1.0000000	1.1250734	1.5242990	1.0862304
W	2.6848767	0.3416627	1.2167706	3.0610741	1.0297463	1.0483183	1.0000000	1.0000000	1.0000000	1.0000000	1.7002556	0.3933880	0.5231615
Y	3.8656559	0.7180935	2.7968357	1.2130993	0.7590367	0.9439385	1.0000000	1.0000000	1.0000000	1.0000000	0.7866101	1.5409657	0.8594550
