##############
# B1502 PWM for 13-mers
# Model trained on 12-mer peptides adding one non-specific position after P9.
# Copyright (2021) David Gfeller
##############
1.00000	67
A	0.6693821	0.6057675	0.6178601	1.3427038	0.8586696	0.7944791	1.0166459	1.0524627	1.0000000	1.0000000	1.0355913	1.3427941	0.3962292
C	0.6243269	0.5504569	0.5288053	0.7988955	0.8128363	0.8337203	0.7947598	0.8164144	1.0000000	1.0000000	0.9210628	0.7278381	0.3539393
D	1.0003326	0.3615178	0.6994090	1.6572798	1.2871204	1.0793968	1.4367139	1.2563809	1.0000000	1.0000000	0.9025551	0.6936506	0.2584996
E	1.0266382	0.7362297	0.8848242	0.9947570	1.2442108	0.6016812	0.9103469	0.7282378	1.0000000	1.0000000	0.6983688	1.3800795	0.3183271
F	2.0610357	0.7108490	2.9363026	0.4085364	0.5952819	0.7123922	0.4409942	1.3047818	1.0000000	1.0000000	0.5106682	0.5483691	4.5325791
G	0.4350708	0.2949142	0.3295108	1.5833087	1.3043061	1.6955127	1.1004220	2.2155802	1.0000000	1.0000000	0.6892147	0.7117999	0.2643974
H	2.2276639	0.3803936	1.2369488	1.0448465	0.7392518	1.0612979	1.0969587	0.7548151	1.0000000	1.0000000	0.6875536	1.3553809	1.0984561
I	0.7454882	2.0360485	1.1401523	0.5729020	1.0748864	0.7377273	0.9424310	0.7137366	1.0000000	1.0000000	1.2527057	0.8646348	0.6446981
K	0.5477611	0.6738399	0.8578554	0.8122928	0.7593456	0.6777749	0.9373019	0.6422223	1.0000000	1.0000000	0.6249608	0.6077408	0.3551211
L	0.7539371	2.7681443	0.8281027	0.4716311	0.7591846	0.8549400	0.4946649	0.5780673	1.0000000	1.0000000	1.0583664	0.8944310	0.7298754
M	2.1797669	1.9935090	0.6786586	0.7011545	0.5786112	1.0482932	0.5205718	0.5288632	1.0000000	1.0000000	0.9698972	0.6766027	1.1092571
N	1.5930318	0.3769290	0.6475654	0.6294131	1.2263832	1.2564452	1.5938161	1.4172982	1.0000000	1.0000000	0.7439519	0.6019706	0.3582449
P	0.3099793	1.1272878	0.4259834	2.7305025	2.3779657	1.1776380	1.8697020	1.5143540	1.0000000	1.0000000	0.6661191	0.6852362	0.2110882
Q	0.5776234	1.4805541	0.7116907	1.0001932	0.7025644	0.6738490	1.1715509	0.9392692	1.0000000	1.0000000	0.7979312	1.1944798	0.3800139
R	0.6075721	0.4496516	2.2922911	0.9841998	0.5908447	1.1006618	1.0343106	0.5761228	1.0000000	1.0000000	0.5775488	0.7522646	0.3580026
S	1.2632101	0.4217861	0.4455549	0.8719297	1.0290907	1.1319587	1.3007276	1.2225171	1.0000000	1.0000000	1.7204032	1.5114615	0.3522585
T	2.4226191	0.7750197	0.4770132	0.6785861	1.1578061	1.5094102	0.8473660	1.0494321	1.0000000	1.0000000	1.7271944	1.4729694	0.3987895
V	0.7231190	1.6213191	0.8965060	0.7462519	0.9561627	1.0149051	0.6359292	0.7835055	1.0000000	1.0000000	2.1426751	1.5368967	0.5756574
W	0.4984927	0.3733559	2.2154368	0.3299434	0.3081694	0.3970060	1.0701695	0.3560722	1.0000000	1.0000000	0.3342982	0.4006758	1.4974499
Y	1.4804807	0.5216561	3.9834360	0.8936297	0.4491222	1.2000727	0.9332611	0.5418821	1.0000000	1.0000000	0.4799300	1.2315058	12.8846541
