##############
# B1501 PWM for 13-mers
#
# Copyright (2018) David Gfeller
##############
1.00000	240	1
A	1.3345361	0.7856057	0.8501801	0.8598413	1.1491534	1.0809904	0.9552389	1.0747417	1.1181718	1.4521350	1.5665738	1.4102544	0.3715795
C	0.5744960	0.4147510	0.6194540	0.8959295	0.9289056	0.9091262	0.9019134	0.9110925	0.9057069	0.9224181	0.9580999	0.7590179	0.2730358
D	0.3411989	0.2776836	0.3180029	1.8169015	0.8550218	1.8798840	1.4732815	0.7814907	0.8668296	1.0559316	0.7741708	0.4838459	0.1635310
E	0.3982931	0.4939431	0.3962285	1.4426190	1.1101357	0.9851054	1.4830739	1.1897120	1.4823060	0.8935916	1.1007602	1.7593859	0.1920012
F	0.7937694	0.3994439	3.5070763	0.9873628	0.4668811	0.4628170	0.4052428	0.6823804	0.6024552	0.9577632	0.3347934	0.6856457	4.8548307
G	2.3800792	0.4112211	0.3662240	2.1403740	1.6956044	1.5998979	1.9210411	2.0189097	1.6288032	1.6873133	1.5399468	0.8354848	0.1909242
H	1.1869619	0.3812980	0.8230769	0.5671515	0.4670169	0.4837531	0.7628893	0.9505108	0.8725643	0.8622625	0.7355464	0.7820511	0.6628643
I	0.6458178	1.0344212	1.0628977	0.4947042	0.6196039	0.7497795	0.6488633	0.6732715	0.5273318	0.9345551	1.1964138	0.6154189	0.3543697
K	1.3932430	0.4595264	2.2819638	0.5454582	0.5472227	0.9604074	1.0042418	0.8626882	1.1114436	0.8997983	0.4840095	0.6282143	0.2210316
L	0.5691004	2.2256362	0.4839685	0.4681644	0.7529317	0.6045416	0.8967745	0.8875839	0.6606543	0.5779593	0.5535602	0.6648905	0.6744675
M	0.9427466	1.9473196	1.8715172	0.7735002	0.5967837	0.8066266	0.6027835	0.8391606	0.7026123	0.7168864	0.8558268	0.6256989	1.2246338
N	0.3748777	0.4431664	0.8292468	0.7235636	1.2203546	1.5762692	0.9042204	1.0735776	1.1586868	1.2081349	0.7463991	0.9630871	0.2840746
P	0.1609176	0.3557663	0.4523766	1.8650219	1.6070428	1.0432568	1.0881056	0.7725432	0.8319709	0.8300248	0.9411226	0.6914796	0.1086366
Q	0.6941789	6.1775313	1.0074442	0.9362962	0.9943088	1.5373274	1.1484188	1.1303689	1.4228504	1.1212768	1.1165011	1.7059555	0.2242205
R	2.5767441	0.3954357	1.8518462	0.6413080	0.6487483	0.4596976	0.6762501	0.8865059	0.8080432	0.7189507	0.4710077	0.7434918	0.2344048
S	1.5304889	0.7264215	0.5437567	1.5904512	2.1213803	1.5263638	0.9566632	1.2417069	1.4332061	1.2176185	1.5754563	1.7295644	0.2340331
T	0.9605944	0.5059167	0.4618698	0.6530693	1.0345240	0.8677463	1.2309826	0.9435154	1.1023797	1.0024022	1.3802109	1.7344366	0.2426038
V	0.6952250	1.4018732	0.5578372	0.6149104	0.8642393	0.6861771	0.6873387	0.9027507	0.7786912	0.8903120	1.5290806	1.1024467	0.3508347
W	1.2760590	0.2765107	0.7745727	1.1971118	0.2573890	0.8801717	0.8830101	2.1248091	1.5084241	0.9092931	0.2466983	0.2835363	1.6690858
Y	1.6021215	0.3258380	3.1972195	0.6941427	0.7550324	0.7605707	0.7621749	0.6126951	0.7894004	0.9984981	0.3815044	0.8951746	16.0556528
