##############
# B1510 PWM for 13-mers
# Model trained on 12-mer peptides adding one non-specific position after P9.
# Copyright (2016) David Gfeller
##############
1.00000	27	0
A	0.8625497	1.0794770	1.1276520	0.7685772	1.0990940	0.9614354	1.3396556	1.2959048	1.0000000	1.0000000	1.3921749	1.6367931	0.5459421
C	0.6877013	0.4947167	0.8083372	0.9383694	0.9786676	0.9308832	1.0446100	1.0377609	1.0000000	1.0000000	1.0364867	1.0124746	0.6728926
D	0.6900218	0.6162155	0.8396777	2.2888404	1.0015558	1.6581112	1.0047144	1.5289183	1.0000000	1.0000000	0.6697169	0.5170883	0.3631668
E	1.1557900	0.7444476	1.0101298	1.1649110	1.0593961	0.9901256	0.8850856	0.7314032	1.0000000	1.0000000	0.8229373	0.5835037	0.3475095
F	0.7392341	0.5841682	1.7257974	0.3982340	0.4079190	0.7585745	0.4292851	0.6266813	1.0000000	1.0000000	0.9388926	0.5683609	2.0688524
G	1.2028830	0.9178295	0.5178798	1.5772373	1.2501336	1.9326651	1.0137187	1.2867729	1.0000000	1.0000000	0.9743249	1.2562770	0.3701858
H	3.8253990	11.0354216	1.7290070	0.5621763	1.0404814	2.1309293	0.5229027	1.1091555	1.0000000	1.0000000	1.0945650	0.9663894	0.4025799
I	0.6451288	0.3710535	1.3067974	0.6249329	0.5413069	0.3741493	0.6917959	0.7647030	1.0000000	1.0000000	1.0226168	1.1715094	1.2723721
K	0.7930196	0.7355101	0.6500491	0.7320296	0.7593136	1.3355147	1.3075720	0.7433385	1.0000000	1.0000000	1.1516090	0.8748584	0.4674893
L	0.5869606	0.5468973	0.9972205	0.4822870	0.6101829	0.4003584	0.6483980	0.6982245	1.0000000	1.0000000	0.7623603	1.0347767	3.6581043
M	1.4796534	0.6562358	2.0461668	0.9596529	0.6351915	0.5651762	0.6798761	0.7389338	1.0000000	1.0000000	0.7762184	1.2926704	2.3820487
N	1.1261632	0.9766010	0.6054287	1.7939816	1.3343217	1.5451839	1.3855536	1.1251874	1.0000000	1.0000000	1.6390840	0.6483966	0.9946693
P	0.3100098	0.2939981	0.2802408	1.6080949	2.5731577	0.6590556	1.6398776	0.3307048	1.0000000	1.0000000	0.3291183	0.3264292	0.2116519
Q	2.0516429	1.0694702	1.4009183	1.1886543	1.1769059	1.2593099	0.9521152	1.4072399	1.0000000	1.0000000	0.9509569	1.1132425	0.4301735
R	0.7616166	1.0453266	0.6110603	0.6226232	0.9004466	0.7942708	0.7433910	0.9188785	1.0000000	1.0000000	1.2663977	0.9079101	0.7495393
S	0.9472760	0.7004391	0.8048996	1.2927380	1.1299160	1.4814771	1.6798673	1.4811518	1.0000000	1.0000000	1.1953051	1.1655688	0.4379356
T	1.2431805	0.5063379	0.6281189	1.1311053	1.1130198	1.1257825	1.4208972	1.3711771	1.0000000	1.0000000	1.5388463	1.5671626	0.5688289
V	0.5569347	0.3713798	0.8302087	0.6418380	0.7810421	0.4209784	0.7377522	0.8970812	1.0000000	1.0000000	0.7360823	1.3723649	0.9846545
W	0.7522877	0.6160383	0.9479568	0.4100356	0.4125579	0.4942188	0.4280073	0.6118231	1.0000000	1.0000000	0.5897526	0.5053459	0.6933184
Y	2.2426241	1.4064189	3.2021932	0.4589878	0.5220929	0.6770169	0.4984012	1.5050250	1.0000000	1.0000000	1.1236652	0.5975565	0.8731381
