##############
# B1518 PWM for 13-mers
# Model trained on 12-mer peptides adding one non-specific position after P9.
# Copyright (2016) David Gfeller
##############
1.00000	42	0
A	1.2640503	0.5218487	0.9457436	0.8095895	1.4104481	0.8095895	1.4669560	1.0579938	1.0000000	1.0000000	0.8669199	1.3053369	0.4861471
C	0.7752225	0.4091153	0.7456453	0.9283382	1.0025393	0.9351624	0.9883142	1.0053266	1.0000000	1.0000000	1.0502125	0.9583202	0.4587280
D	1.0511320	0.6116468	0.4112999	2.3281369	0.6566586	1.5160319	0.6290885	0.7859657	1.0000000	1.0000000	0.9700398	1.2025882	0.3018420
E	0.7947343	0.8880281	0.5043078	0.9482088	0.8634556	1.2170525	0.7184673	0.5924923	1.0000000	1.0000000	0.6743982	0.6128526	0.3497756
F	0.5417590	0.5764699	2.5057971	0.5484580	0.3859674	0.6910738	0.6567852	1.0424655	1.0000000	1.0000000	1.1181602	0.6019924	4.8722962
G	1.0644772	0.4997311	0.6711251	1.6394715	2.1466988	1.8275213	2.3425449	2.3049099	1.0000000	1.0000000	0.9639824	1.0502549	0.3500684
H	1.6420222	11.8959557	1.3974574	1.2695458	0.8422687	1.2268510	1.2112117	0.8726235	1.0000000	1.0000000	1.5459726	0.5128995	0.9898277
I	0.6274623	0.3193522	0.7687020	0.5458203	0.5240591	0.7323206	0.6771883	0.6252588	1.0000000	1.0000000	1.1021470	0.6843157	0.6654994
K	0.7275538	0.8830805	1.2174336	0.6222971	1.0790916	1.2257015	1.3631359	1.3303286	1.0000000	1.0000000	0.5705117	0.7946168	0.3997365
L	0.5505190	0.4671685	0.8672567	0.6363975	0.6093804	0.7233103	0.5614968	0.7899551	1.0000000	1.0000000	1.1121167	0.7549163	0.7797978
M	1.5328914	0.5976311	1.0692596	0.8651722	0.5756464	1.2315671	0.5990077	0.6804288	1.0000000	1.0000000	1.7206090	0.7284657	1.3783899
N	1.2186665	0.9341433	0.5325226	1.4565598	1.3615156	1.4016464	1.5658426	0.9577136	1.0000000	1.0000000	1.1126139	0.9724295	0.4057913
P	0.7600069	0.7096200	0.6903959	1.6008957	2.0631686	0.9487107	1.1798152	0.5260029	1.0000000	1.0000000	0.5016257	0.3261886	0.1983010
Q	1.2314425	1.3897952	0.7705015	0.7854574	0.8097470	1.0550315	0.8176610	0.9831086	1.0000000	1.0000000	0.7426521	0.9716957	0.4046298
R	1.0144278	1.1722604	1.6001402	0.5370230	0.6256676	0.6727528	0.8692675	0.6751704	1.0000000	1.0000000	0.5305762	0.7864160	0.4220526
S	1.7951809	0.6009414	0.6871040	1.2115855	1.7455843	0.9690694	1.2585936	1.8239312	1.0000000	1.0000000	1.5368554	1.8276960	0.5479846
T	1.6493093	0.4566576	0.5520184	1.0822752	0.8750185	1.0676586	0.8172812	1.1647259	1.0000000	1.0000000	1.4599737	2.2739626	0.4613578
V	0.6700025	0.3030963	0.8926544	0.4710734	0.4866245	0.6375480	0.6242777	0.6348525	1.0000000	1.0000000	1.1245826	1.1351210	0.6797592
W	0.5394965	0.6096381	1.0154003	0.5258262	0.3984920	0.4543670	0.4433440	0.5702981	1.0000000	1.0000000	0.5550940	0.5712530	1.8484673
Y	1.2496906	1.6624902	4.2306630	1.4908615	0.4672988	0.5575297	0.5483548	1.2587167	1.0000000	1.0000000	1.0204992	1.5068069	9.9716773
