##############
# B1801 PWM for 13-mers
# Model trained on 12-mer peptides adding one non-specific position after P9.
# Copyright (2016) David Gfeller
##############
1.00000	68	0
A	0.7455082	0.6710854	1.1102445	0.9598449	0.7463071	0.8156454	0.7440368	1.1135063	1.0000000	1.0000000	1.3626244	1.9084133	0.5243530
C	0.7810468	0.2950709	0.6515517	0.8188977	0.8753988	0.8583869	0.8229327	0.8752439	1.0000000	1.0000000	0.9106268	1.0275611	0.4045643
D	4.9469378	1.5169470	0.8420488	2.3713915	0.6188270	0.9422313	1.5843281	1.3053979	1.0000000	1.0000000	0.6992837	0.6479641	0.2751181
E	0.9652226	7.1372663	1.2314474	1.8843328	0.9612784	0.8574196	0.9137670	0.8652577	1.0000000	1.0000000	0.8261470	0.8926552	0.3138070
F	0.6529619	0.3001499	1.5618728	0.4089881	1.5479292	0.6174290	0.3931778	0.5766938	1.0000000	1.0000000	0.6605253	0.4556029	4.9592371
G	0.5489757	0.4312690	0.6250807	1.3420043	0.8483855	1.5979159	1.3645425	1.9920902	1.0000000	1.0000000	1.3966848	0.5582138	0.4637948
H	0.7539931	0.8842712	3.0754635	0.4628115	1.4658349	0.6841002	1.2213835	0.9531937	1.0000000	1.0000000	1.4516478	0.4380976	1.0446838
I	0.5804879	0.2935380	1.1840488	0.7894147	1.2143532	1.1457130	0.5158845	0.8259929	1.0000000	1.0000000	0.8462848	0.7336849	0.7216272
K	0.6783530	0.9195081	0.6561856	1.0474160	0.6402937	1.2699239	1.1268382	0.9525291	1.0000000	1.0000000	0.6986342	1.2036291	0.3723623
L	0.5422075	0.3155015	0.8076978	0.8602844	1.7857223	0.6199162	0.5655947	0.6894009	1.0000000	1.0000000	0.8925168	0.9662456	1.0066251
M	0.7372582	0.4453280	0.9316609	0.6078833	1.1121812	0.8743626	0.9984920	0.8307443	1.0000000	1.0000000	1.1386304	0.7285551	1.4560823
N	1.5029098	0.7099310	1.2233072	0.6929391	0.9792487	0.7696941	1.1764647	1.3056191	1.0000000	1.0000000	1.5473454	0.5828758	0.3671277
P	0.2758233	0.3123174	0.2474772	1.0043803	0.5239819	0.6987611	1.2898178	0.7194159	1.0000000	1.0000000	0.2690689	0.4411308	0.1797336
Q	0.5665770	1.1728660	0.7172133	1.3586789	0.7986299	1.2947669	0.9144427	0.8655182	1.0000000	1.0000000	1.1231738	1.6132451	0.3643121
R	0.6332526	0.7097619	0.6576919	0.5843041	0.9019160	1.4193526	1.8251274	1.2515893	1.0000000	1.0000000	0.8111308	1.3172911	0.5190371
S	1.3350299	0.6885279	1.1342865	0.9389883	0.9771097	0.9275679	1.4815015	1.3373473	1.0000000	1.0000000	1.4206903	1.3013852	0.3975751
T	1.4756211	0.5224679	0.5700075	1.1094981	0.6608631	1.5657067	1.1608114	1.1728693	1.0000000	1.0000000	1.2950624	1.6553733	0.5231500
V	0.5156873	0.4848060	0.9902889	0.5834496	0.9029464	1.0484809	0.6580629	0.7532695	1.0000000	1.0000000	1.0296063	1.2190776	0.6398140
W	1.3384454	0.4013240	0.6588333	0.4001323	0.5907238	1.3148943	0.4042811	0.4045371	1.0000000	1.0000000	1.3337236	0.4348624	1.4913863
Y	1.3875816	0.4370146	2.4321323	0.6473133	1.6241171	0.7316259	0.6935338	0.4732910	1.0000000	1.0000000	0.7911102	0.7075213	9.1567587
