##############
# B2701 PWM for 13-mers
#
# Copyright (2018) David Gfeller
##############
1.00000	89	2
A	1.4514464	0.4379739	0.8089379	1.0299400	0.7927092	1.2161801	0.8476409	1.4604060	1.0648279	1.4676748	1.4603403	0.9543360	0.6294537
C	0.3844878	0.2686036	0.4825967	0.6749391	0.6674535	0.7046515	0.6697951	0.6821177	0.6588546	0.7058415	0.7801992	0.6916212	0.3462595
D	0.4420439	0.4140410	0.2759239	1.5722314	0.7662545	1.1355421	2.0322961	1.9873914	1.4495028	1.2016634	0.6053509	0.8266299	1.1414266
E	0.5371820	0.5905716	0.3062122	0.9455458	1.4348963	1.4529095	0.7632619	1.1847894	1.8110071	1.0963476	0.5643873	0.8597266	0.5903813
F	0.3099609	0.2786356	3.9763874	0.5508026	0.8633941	0.5349508	0.9154123	0.4918938	0.6655498	0.8900815	0.8576282	0.9400105	1.9469225
G	1.9795745	0.3689972	0.4538166	2.0684248	1.3409891	1.9585880	1.4818452	1.2085098	1.6399677	1.5093138	1.1097880	1.3597032	0.5205858
H	0.8691058	0.5488518	0.8435125	0.6163557	0.8317057	1.0210856	1.6546887	1.2492499	0.6875439	0.6192180	0.7520622	0.8683234	0.7068879
I	0.3062601	0.2382010	1.0255020	0.5438638	1.0186936	0.7447363	0.8751563	0.4363847	0.3979561	0.9333690	1.6883557	0.5329468	0.5172375
K	1.9068245	1.4195031	0.6105273	0.8491924	0.8600007	0.7504704	0.6844363	1.0386192	1.2647228	1.1485707	0.7109763	1.3962564	3.4959731
L	0.5255198	0.3433471	1.7605458	1.1813959	1.0820298	0.6858245	0.9488008	0.5685886	0.4911666	1.0211441	1.6946314	1.0540001	0.8974397
M	0.4953948	0.4778667	2.6548530	0.8078902	0.8514688	0.5808554	1.0036158	0.7157497	0.5138378	1.0301822	1.8429847	0.8431899	1.2168540
N	0.6089782	0.6298630	0.4616412	1.1157916	1.0504273	0.8491768	1.3853019	1.4248246	1.0466632	0.8052024	0.4364331	0.8223581	0.5639255
P	0.3698306	0.2206155	0.1700220	0.9393846	1.1639432	0.6014437	0.8122986	0.8427612	0.3827545	0.8299449	0.3425307	0.4758451	0.3559287
Q	0.6896451	0.8587123	0.4673561	1.0092313	1.2828592	1.1584164	0.6056822	1.0598233	1.7364268	0.8885068	0.7885886	1.2879858	0.9074130
R	5.3489627	10.8508653	0.3874820	1.2902657	1.1952888	0.8386240	0.7969463	0.9991951	0.9513316	0.7470769	0.5468033	1.4914560	2.5390346
S	0.9367795	0.5200778	0.4659236	1.1371498	1.0891832	1.1770829	1.0293355	1.0623401	1.4375713	1.1428044	0.9966948	1.1319925	0.5138543
T	0.6955079	0.4544878	0.4322553	0.8097033	0.6238282	1.2099649	0.8019077	1.2060308	1.1275811	0.7294681	0.8301577	1.0975678	0.4645254
V	0.3586147	0.2869292	0.8935109	0.6408732	0.8459624	1.1951102	0.8800837	0.8064757	0.7156987	0.7296485	1.3333084	0.9191774	0.4851381
W	0.3838649	0.3949592	7.1882951	0.3904804	1.1205897	0.3957942	0.4584205	1.0704127	0.4324590	0.4455916	0.4562191	0.5102002	0.5844815
Y	0.4127395	0.4112788	2.9911973	0.6129099	0.6969372	0.6417885	1.2938236	0.4595581	1.0286198	1.0585260	0.8990349	1.6692385	2.0014720
