##############
# B2702 PWM for 13-mers
#
# Copyright (2018) David Gfeller
##############
1.00000	131	2
A	1.4760660	0.3868648	0.7373598	0.6916889	0.7337754	0.9662395	0.9826157	1.0979623	1.2640528	0.8540397	0.9037908	0.9339354	0.4533728
C	0.3800470	0.2382805	0.4286231	0.6387771	0.6417947	0.6521891	0.6382856	0.6564444	0.6354184	0.6527125	0.6878223	0.6756855	0.3073862
D	0.4003909	0.3624210	0.3652985	1.4996407	1.5285073	1.4523448	1.5384819	1.6668431	2.0909949	0.9891869	0.8374627	0.7219390	0.2202809
E	0.5712637	0.5168886	0.4094670	1.1038417	1.2324521	1.5809688	1.1225079	0.7644696	1.5554370	1.2874358	0.5826202	1.1749432	0.2616195
F	0.5438343	0.2565154	4.1028819	1.4563444	1.0160072	0.6142378	0.5814410	1.0898439	0.4078078	0.9262396	1.1568061	1.2920251	4.9432330
G	2.7884671	0.4078654	0.3888979	2.1447518	1.5655256	0.8955451	2.0854017	1.9177478	2.3413922	1.8042984	0.9715383	1.2432994	0.4372776
H	1.1568722	0.4803263	0.6829907	0.3518715	0.4968798	0.6791882	0.8395413	0.6429140	0.5089507	0.3582478	0.5253907	0.7059987	0.5913186
I	0.4614936	0.2140706	1.3048705	0.5080699	1.1433173	0.9710498	0.5832989	0.7039940	0.7269402	1.1504871	1.0640751	0.5679830	0.4658628
K	1.4454602	1.2782467	0.3783988	0.4575233	0.7962380	1.0328476	0.6083639	0.9205861	0.8346257	0.8022153	0.7096301	0.9093073	0.5080114
L	0.4016066	0.3060416	1.7499079	1.1731194	0.9345474	0.8279660	0.9044662	0.9298331	0.6283532	1.0401478	1.5918315	1.2851411	0.8540696
M	0.9328100	0.5805374	1.2305450	0.8720318	0.7015480	0.6936104	0.6592470	0.6727520	0.6226430	1.0540085	1.3128672	1.2351263	1.2331184
N	0.5227259	0.5446980	0.8067567	0.6916319	1.0836556	0.9942630	1.4112781	0.9076775	0.9372291	1.2644527	1.3467947	1.0958976	0.2860046
P	0.3066724	0.2783951	0.1511255	1.0527301	1.4926986	1.0644850	1.3126195	1.3999103	0.9821543	0.7128642	0.3705126	0.2153697	0.1356676
Q	0.9014865	0.8371039	0.4905515	1.2975972	0.6281034	0.5827357	1.2196841	0.6105933	1.1565960	1.2204014	0.7925603	1.3489677	0.3918306
R	2.8727428	11.5357739	0.3199377	0.6538491	0.6683102	0.7968999	0.5055166	0.5883423	0.6093342	0.5171087	0.7592781	0.8186240	0.5018256
S	1.3719752	0.4551377	0.6043263	1.2973101	1.1117047	1.1519927	1.2671966	1.2795148	0.9180707	1.0642826	1.3143526	1.7218085	0.3079530
T	0.8463428	0.3975714	0.5420347	0.7531269	0.6869799	1.2911379	0.6219769	1.1356185	0.7539892	0.9834597	1.3752632	1.3839625	0.3205758
V	0.7193081	0.2542621	0.9303791	0.8051775	0.9270366	1.0213863	0.8430506	0.7242211	0.8516778	0.8937894	0.8918557	0.5936826	0.4563689
W	0.3759945	0.3542003	7.3796498	1.9444390	1.3909351	0.8883573	0.3584675	0.3521158	0.3100868	1.3997328	0.9718019	0.4438186	10.9256341
Y	0.8433379	0.5080642	2.8116056	0.7759632	0.5800837	1.1365807	0.9696395	0.5705333	0.3412990	0.7230548	1.6568427	1.3626694	9.0285375
