##############
# B2703 PWM for 13-mers
#
# Copyright (2018) David Gfeller
##############
1.00000	42	2
A	0.7849154	0.5230350	0.6087405	1.0583249	0.6686093	1.5778810	0.8173151	1.0926480	0.8530233	0.8083673	1.2971739	1.0416221	0.6527606
C	0.3851987	0.3207704	0.5716789	0.7671495	0.7358689	0.7823041	0.7384918	0.7711325	0.6880737	0.7601551	0.8572998	0.7226012	0.4686225
D	0.5868887	0.4944539	0.2979190	1.2228768	0.7592911	1.2940122	1.4593794	1.8337067	1.8074454	1.0291007	0.4815693	0.8036677	0.3742963
E	0.7744607	0.7052694	0.2978642	0.7882530	1.0489834	1.6041144	1.2040200	0.9046818	1.8218410	1.3361212	0.5842240	1.1949439	0.4744178
F	0.3931267	0.3327508	4.7121664	0.5133866	0.8714816	0.5524622	0.4697484	1.0216402	0.6965675	1.5659428	1.1789364	0.8663279	2.9376592
G	1.1989844	0.4406619	0.3626158	2.3129168	1.3176025	1.2403706	1.3613915	1.6278907	1.8514236	1.5563223	0.9646642	1.1717514	0.4043706
H	1.7039211	0.6554470	0.4213324	0.8627317	0.4464164	1.2356544	1.5483061	0.4652885	0.5363246	0.4434261	0.4123936	1.6497610	1.0491439
I	0.3172233	0.2844632	1.4248293	0.6534747	1.1092562	0.8391731	0.9438898	0.8773279	0.4552599	1.3191799	1.1844700	0.6771426	0.7443832
K	3.2545235	1.6951917	0.3514262	0.6820029	0.6932966	0.9605792	0.6452237	0.7650894	1.2721035	0.5575398	0.6900984	1.3473849	1.6943522
L	0.3875027	0.4100302	1.9144806	0.8838768	1.1564747	0.7440888	0.7960797	0.8701917	0.6434190	1.1278964	2.1513832	0.9281405	1.4615174
M	0.5636626	0.5706755	2.3154003	0.7075396	1.1082174	0.6962333	1.0260293	0.7298912	0.8880924	1.4242719	1.6722277	0.7395044	1.8208143
N	0.8012116	0.7521918	0.5553695	0.7639173	0.9717800	0.6937596	0.9081709	0.7196337	1.0037447	1.0262758	0.9741155	0.6859582	0.4791668
P	0.3158767	0.2634623	0.1767610	0.5192909	1.7840506	0.5335345	1.3776593	0.7314369	0.9689262	0.9199719	0.4927607	0.5126296	0.2347492
Q	1.1459040	1.0254869	0.3331149	1.5483298	0.7259578	0.6958276	1.3774089	0.9528846	0.9349667	0.5623442	0.5091410	1.1048901	0.5710602
R	4.0579130	9.1035911	0.3763958	0.7847956	0.5076375	0.8037430	0.5687030	0.7426775	0.6825807	0.4825682	0.7114473	1.6899009	1.0918061
S	1.0653797	0.6210847	0.4011543	1.8132480	0.8100033	1.2442887	0.8043453	1.2083340	1.2342885	0.9775726	1.2643549	1.0512816	0.4970799
T	0.6121836	0.5427561	0.4967044	1.0177111	0.6080614	0.9769335	1.0759753	1.2622666	1.0936456	0.7803927	1.1260473	0.9205874	0.5096161
V	0.3618933	0.3426551	1.0572010	0.7394375	1.2684622	1.0191593	1.3171844	1.0228931	0.5582307	1.1431319	0.8318426	0.7536053	0.7302081
W	0.5012905	0.4716662	7.6083951	1.8283376	4.5021708	0.5293607	0.4311978	0.5130322	0.4836410	0.5301291	0.5337790	0.6147630	2.4669535
Y	0.9027365	0.4911553	1.7824781	0.8710707	0.9746232	1.2120005	0.5570793	0.9000094	0.8325970	0.6774349	0.6330934	1.6399689	4.6995793
