##############
# B2704 PWM for 13-mers
#
# Copyright (2018) David Gfeller
##############
1.00000	44	2
A	1.6187177	0.5308124	1.0184746	1.3404959	0.9174215	1.2222604	1.0562539	0.9619170	1.2062494	1.0893766	0.6546935	1.0819965	1.0429512
C	0.5152316	0.3357991	0.5223843	0.7862423	0.6856060	0.7734674	0.7341320	0.7177728	0.7378082	0.7588545	0.7761327	0.7592729	0.4764179
D	0.5050516	0.4951183	0.4194930	1.1300172	1.2669538	1.0426778	2.0181946	1.4051401	2.0949291	0.5451713	1.0983451	1.0597621	0.4739920
E	0.6232232	0.7075954	0.8394166	0.5255691	1.3905239	1.1499234	0.8822086	0.6023623	1.4886991	0.9484170	0.7082108	1.3686856	0.6100171
F	0.5173470	0.3434384	3.3363827	0.7554046	1.1426934	0.5383986	0.9560128	1.4553185	0.5086694	1.2868246	0.6890038	0.6917250	2.5212672
G	1.6247301	0.4416824	0.6565183	2.4511336	1.9798576	1.2060104	1.8023683	2.2403051	1.8256938	2.3819667	0.8691705	1.3818437	0.9155784
H	0.9067945	0.6449588	1.0261252	0.7792165	0.8170571	0.8653037	0.4701855	0.8502937	0.5072062	0.4887905	0.4640049	0.5139337	1.4127306
I	0.8999449	0.3111431	0.8675813	0.5905570	0.6930202	0.9286123	0.7946135	0.4975000	0.5197924	0.7276549	0.8577933	0.7272194	0.5926106
K	1.3650777	1.6264043	0.4843485	0.5764252	0.8853919	0.9619139	0.6034404	1.2851158	1.0607694	0.7485760	0.7895733	1.1905200	0.8659872
L	0.6459107	0.4393795	1.0409047	1.0944747	0.5694599	0.7400312	0.7067001	0.8536208	0.8329413	0.8818558	2.3184008	0.8469281	0.9255032
M	0.9735025	0.8759864	1.6942111	1.0119032	0.5776035	0.6976344	0.6392232	0.6541962	0.6402927	1.3014911	1.6615839	1.0246941	1.3308128
N	0.6608271	0.7413625	0.4597744	0.8802993	1.0803350	1.1150673	1.1332563	1.3693668	0.7682204	0.6066415	0.8078898	0.9213937	1.1860316
P	0.2955694	0.2639045	0.2247990	0.9129334	2.1728695	0.9347271	1.5443433	0.9180935	0.7319973	1.1205805	0.4693196	0.3041425	0.2434371
Q	1.2790922	1.1846922	0.6742882	0.6947625	0.6079919	0.8343934	0.7294328	0.7609209	0.6689260	1.3037717	1.3120356	1.6436586	0.5533319
R	3.1975470	8.6668005	0.4719944	0.6865230	0.5522281	0.9904943	0.6867444	0.6407004	0.6093035	0.5602342	1.1578094	1.2758719	1.1385121
S	1.0780562	0.6329690	0.7632385	1.4175827	0.9127095	1.5536108	1.1605297	1.4050747	1.3443439	1.0463047	1.0544146	1.2224407	0.8270128
T	0.6333811	0.6941374	0.5260158	0.9507297	0.7375982	1.0060659	0.7905331	0.7956143	1.0957872	1.0565298	0.9208690	1.2570349	0.5546996
V	0.5997981	0.3647783	0.6414472	0.7439235	0.6863512	1.0050181	0.9376452	0.5683501	0.6987620	0.8743600	0.8992801	0.9709343	0.6430593
W	0.5442762	0.4723907	6.2906834	3.0311495	1.7353844	0.5076643	0.4725502	0.5415048	0.4989312	0.5851700	0.5284053	0.4723270	3.6342542
Y	1.1728109	0.4923889	4.6983707	0.5900436	0.6167390	1.1555589	0.8508279	0.9735388	1.0965645	1.2595075	0.8615942	0.5364697	4.5135546
