##############
# B2708 PWM for 13-mers
#
# Copyright (2018) David Gfeller
##############
1.00000	72	2
A	1.7461177	0.4653473	0.6859260	0.9451983	0.7443325	1.1217521	0.9000247	1.1572354	1.0099251	1.2764092	1.1783319	1.3391318	1.0860422
C	0.4648302	0.2853913	0.4970632	0.6914936	0.6872081	0.7142824	0.6849393	0.6967874	0.6658814	0.7095431	0.7746688	0.7563853	0.5048723
D	0.4603655	0.4399186	0.4083329	1.4349508	1.0366254	1.7102978	1.5513588	1.7844094	2.2190671	1.3820167	0.5373530	0.8384004	0.3062874
E	0.5468270	0.6274823	0.2874881	0.6179499	1.0400057	1.7334907	1.1520459	0.9458371	1.9528427	1.2277147	0.5444936	1.4507513	0.3696640
F	0.5568018	0.2960503	4.8916815	1.1707309	1.5097005	0.6454897	0.5705356	1.0976055	0.4921585	1.2705133	0.9769377	0.4761543	2.3722780
G	1.9275014	0.3920595	0.3374833	2.2381552	1.5117350	1.0284237	2.1303039	2.1513060	1.6321482	1.4514874	0.9819533	1.1787711	0.5159766
H	0.9584710	0.5831551	0.6672876	0.6740714	0.3967211	0.6849005	0.6810379	0.9165890	0.4763878	0.6669324	0.8970488	0.6943103	0.9342439
I	0.4224926	0.2530886	1.1281865	0.6047712	1.0681989	0.9847693	0.6519042	0.6963730	0.3462653	0.9373818	1.2629077	0.9594706	0.8295229
K	1.4757573	1.5082220	0.3215584	0.6804501	0.4928873	0.7961208	0.5781101	0.8661802	1.1737363	0.6707158	0.6442699	0.6374765	0.9554478
L	0.5700326	0.3648063	1.7674951	1.2504202	1.2371125	0.9325051	0.7790500	0.6446755	0.4910692	1.1217320	1.7489276	0.7514669	2.4658858
M	0.7951183	0.5077334	1.8240038	1.3501205	0.9334084	0.8864651	0.8042241	0.5651743	0.7145353	0.6882199	2.2460457	0.9026524	2.5764738
N	0.6178979	0.6692294	0.4713466	0.7497175	0.7975372	0.9185840	1.2342374	0.8118927	0.9014716	1.0321441	0.6283450	0.7313330	0.3781903
P	0.2712476	0.2344040	0.1616138	0.7945792	2.0287686	0.6812132	1.6435173	0.9563118	0.9852985	1.0860109	0.3750028	0.5445199	0.2048685
Q	0.9398350	0.9123818	0.3073353	1.1863805	0.8712691	0.7388968	1.3611452	0.8071090	1.2334745	1.2223569	1.1779877	1.8287357	0.5751608
R	3.7385634	10.2885776	0.3427483	1.1488408	0.4285164	0.7810571	0.4959236	0.7707610	0.7467904	0.6318039	1.0209354	0.8063903	0.8861433
S	1.0467241	0.5525827	0.3716589	1.0242076	0.7910305	1.0821860	1.1573736	1.3490814	1.5972482	1.0555528	0.7449216	1.2697782	0.4537917
T	0.8922584	0.4828933	0.4326690	0.7460191	0.6245871	1.1150437	0.7857720	0.8958216	1.2480489	0.6697166	1.0912816	1.0449332	0.4785118
V	0.6672619	0.3048623	0.9723698	0.5690692	0.7965399	1.0142673	0.8276400	0.6920058	0.3901796	0.7061127	1.0985569	1.3864545	0.8308316
W	0.4462413	0.4196442	9.3415275	1.3350071	2.9945917	0.4443985	0.3987365	0.4635406	0.3776004	0.4407096	0.5319865	1.2890558	2.4450101
Y	0.7130256	0.4369838	2.6447223	1.0053645	0.8484259	0.9228636	0.6667786	0.9780257	0.4180993	0.5605033	1.2541961	0.9373873	2.6274137
