##############
# B2706 PWM for 13-mers
#
# Copyright (2018) David Gfeller
##############
1.00000	21	2
A	1.8418515	0.5773825	0.7744801	0.8103146	0.7774319	0.9181845	0.9001657	1.3161140	1.5226927	0.9893495	0.6932837	0.7738095	0.9508895
C	0.6570407	0.3690493	0.6261275	0.7715620	0.7936882	0.7275225	0.7658177	0.8032620	0.8196438	0.7817741	0.7385856	0.8067113	0.6368835
D	0.5694666	0.5323727	0.4345547	0.9604131	0.5304236	2.1828837	2.5173200	1.8319443	1.4663170	1.0303039	0.9884684	0.6936030	0.3048189
E	0.5920648	0.7552694	0.6474884	0.8327033	0.6876657	1.2858149	0.9312088	0.9401385	1.1494279	0.6647137	0.8162392	1.3431179	0.3389958
F	0.9111235	0.3950828	2.5272760	1.0834000	1.9476812	0.5784445	0.6495775	1.3225217	0.4747624	1.0041544	0.5910090	0.5932355	3.2639699
G	2.3188069	0.4791824	0.4338357	2.5432286	1.7074995	0.9694718	0.9787569	2.3183072	2.3220490	2.2200514	1.3193957	1.3120152	0.4346934
H	0.5123704	0.7071680	1.2356884	0.4967675	0.4305511	0.6024227	0.5271834	0.5207801	0.5120482	0.5477032	1.2228196	0.5372867	0.4148249
I	0.5214479	0.3605763	1.0500034	0.6855685	1.2530620	0.6560096	0.8951969	0.4383599	0.5140257	0.8214259	0.9435144	1.0649613	1.1036921
K	1.1119107	1.7944269	0.4833933	0.6438616	0.5443436	0.8971070	0.6210979	0.9198706	0.9348275	1.1615883	1.0851988	0.8263319	0.4059357
L	0.5759885	0.5181000	2.2685983	1.4778963	0.9130095	0.8900637	1.1529598	0.4612552	0.6315925	1.1515457	1.5068637	1.2614826	2.5596474
M	1.1290483	1.1050505	1.7235165	1.3803762	0.8358180	0.7754385	1.2723788	0.5916334	0.6436321	1.3131397	1.0438129	1.4182487	2.2753749
N	0.7539161	0.8047635	0.8312849	0.7067780	0.5911405	0.8354536	1.1613047	0.9163898	0.8385627	1.5190489	1.1189812	1.0608036	0.3531012
P	0.3513094	0.2861603	0.2317167	0.6922525	1.9025692	0.7240086	1.5229005	0.7599802	0.7564673	0.3119515	0.2950898	0.3032922	0.2090436
Q	0.6993463	1.1005037	0.4953694	1.1898716	0.4902193	1.3684292	0.5978581	0.6572677	0.6920147	1.2512542	2.5212168	1.3491557	0.3886730
R	2.0415395	7.7252456	0.4988313	0.5814593	0.4705500	1.6924192	0.5314779	0.6263491	0.6354289	0.7328458	1.1573051	1.3480976	0.4344975
S	1.1758368	0.6739296	0.5140864	1.2296059	1.0502202	0.9473436	0.9195352	1.8384368	1.7892318	1.1593645	0.7052088	0.9283067	0.4763472
T	1.7039250	0.5986281	0.5697409	0.6812079	1.1624884	0.9262732	0.9241009	1.2932275	0.8129124	0.9589378	0.8902294	1.1993297	0.5481072
V	0.6174623	0.4106041	0.9917449	0.6133339	0.9486559	0.8902147	0.8386355	0.4996537	0.6850415	0.6618824	0.8637389	1.2435021	0.8957324
W	0.5542250	0.5258141	3.4963765	3.0487892	3.0853907	0.5611508	0.5367499	0.5430605	2.9478196	0.5510539	0.5321221	0.5240823	8.3426341
Y	0.6170135	0.5476878	2.8425477	0.7053721	0.8944810	1.1076848	1.0917676	0.6736835	0.5580277	0.6342554	0.6376141	0.5718438	1.3725312
