##############
# B2709 PWM for 13-mers
#
# Copyright (2018) David Gfeller
##############
1.00000	61	2
A	1.3190488	0.4889882	0.7344836	1.1048379	0.8024743	1.2595303	0.9371823	1.2699646	1.1882413	1.2369286	1.1199941	1.2847754	0.6923589
C	0.4399406	0.2986695	0.5266686	0.7104135	0.7206463	0.7747255	0.6883353	0.7378252	0.7170493	0.7674695	0.7955013	0.7190312	0.5210151
D	0.5101965	0.4662659	0.2804115	2.0729742	1.1394825	0.7071933	1.6893452	1.6276961	1.3076404	0.5195280	0.7557573	0.5626103	0.3343770
E	0.6468974	0.6746713	0.2900391	0.6966097	1.2459075	0.9434286	0.9184153	0.6650481	1.6953552	0.9391174	0.5848426	1.1181744	0.5945880
F	0.6056023	0.3069579	4.3375878	0.8733736	1.1332151	0.5192278	0.6007852	0.8000354	0.5584780	0.8904464	0.9788387	1.0864280	2.8877874
G	1.8023951	0.4119627	0.3515985	2.2307497	1.3717393	1.1587642	1.9326169	2.5849946	1.8127174	1.4399907	0.9427189	1.7674788	0.5058783
H	0.8086994	0.6129491	0.7115192	0.7055779	0.6765186	0.4446376	0.9987593	0.9562945	0.4646185	0.4254626	0.6805911	1.3257660	0.6839716
I	0.3995019	0.2649428	1.5428618	0.6131744	1.2858306	1.0619494	0.5755418	0.5348897	0.4426307	1.3623479	1.3229846	0.7046943	1.0286321
K	2.1449418	1.5593536	0.3400068	0.5660758	0.5196263	0.9318229	0.6981718	0.8818216	0.9799738	0.7898372	0.6723524	0.6975992	0.6985172
L	0.5066671	0.3803421	1.7427328	1.2547384	1.4463850	1.0233716	0.7306492	0.9199287	0.6447859	1.1453781	1.4222496	0.9760219	2.7025240
M	0.8224912	0.5348403	2.2091081	1.1829614	0.8112918	0.9660894	0.5792620	0.8736439	0.8029078	0.7829752	2.0866506	0.9477638	2.8461765
N	0.6719452	0.7005580	0.4941383	0.6646070	0.5347721	1.0930534	1.3416430	0.8473874	1.0266596	0.8756581	0.7031102	1.1111164	0.3790097
P	0.2854235	0.2459757	0.1711249	0.8952613	1.3566150	1.2352708	2.0199632	0.9109900	1.4116448	1.2206071	0.4108881	0.2616132	0.1994063
Q	1.5058961	1.2544035	0.3257217	1.2623942	0.8081639	0.7126273	1.1474946	0.8217755	0.9540250	1.2816613	0.9579871	1.8222120	0.7523523
R	3.3452603	9.5982414	0.3585481	0.6369548	0.4530161	0.8427108	0.5200513	0.5228712	0.5856271	0.5276948	0.9457372	1.3232698	0.9221014
S	1.1667507	0.5806554	0.3900991	1.0201611	0.9324000	1.4594497	1.0469997	1.3530191	1.5115730	1.2109087	1.1844901	0.9502526	0.4270459
T	0.5941361	0.5062236	0.4588616	0.7935950	0.6756044	1.2478507	0.8213162	0.8449799	1.2303784	0.8601304	1.0977064	0.8076086	0.4907402
V	0.5809018	0.3191558	0.8783396	0.5146770	0.9110323	0.9638063	0.7757467	0.8057676	0.6151076	1.0211643	1.2319604	0.6957861	0.9216136
W	0.4930782	0.4375775	8.6706497	1.4334809	2.4186218	0.4575377	0.4090962	0.4268786	0.3984268	0.4623206	1.4708851	1.5054879	1.6773805
Y	1.0146331	0.4581467	2.5437085	0.7815926	0.8599604	0.9711480	0.7288509	0.5096681	0.4492641	0.7801879	0.8493184	1.1393932	1.4247254
