##############
# B2705 PWM for 13-mers
#
# Copyright (2018) David Gfeller
##############
1.00000	616	2
A	2.2747763	0.1757473	1.0855253	0.8054116	0.7052787	0.9725880	1.0605975	1.2378154	0.9341563	1.3098807	0.9256688	0.8567538	0.3487670
C	0.1558403	0.0964530	0.2178839	0.4878633	0.4934361	0.4956911	0.4996669	0.4981077	0.4881088	0.5068831	0.5060726	0.5035549	0.1379421
D	0.1626650	0.1475242	0.5714568	1.9157326	1.3061499	1.4493445	1.5160488	1.4466512	1.1342932	0.5828623	0.4911123	0.4132144	0.1725393
E	0.2270438	0.2096815	0.2583738	1.1525452	1.4597704	1.6172100	1.2467825	1.3203270	1.3647324	0.8249547	0.3730455	0.6641542	0.1720653
F	0.2809160	0.0991327	3.3932449	0.8589557	0.7813885	0.4300998	0.6569689	0.6498692	0.5160963	0.7638914	0.8406383	0.7761299	3.9641646
G	2.5908284	0.1548946	0.2733504	2.1226787	1.4720705	1.4164912	1.5039706	1.8816684	2.1205822	2.0738150	1.2422931	1.1646062	0.2602659
H	0.8020996	0.2401724	0.5114185	0.5177401	0.6043858	0.4715391	0.7416410	0.7011754	0.4755983	0.7392710	0.6921467	0.8046261	0.8742001
I	0.2964021	0.1042181	1.5774300	0.5469591	0.7984981	0.7790306	0.8936934	0.6447068	0.4819905	1.1448982	1.1158209	0.4708706	0.4259272
K	2.1738208	0.4980923	0.7558504	0.8225052	0.7953596	1.0713996	0.6577538	1.2049139	1.8523750	1.0126860	1.4141502	1.8405866	2.5313958
L	0.2923163	0.1219893	1.9271370	0.7931846	0.9758957	0.9193208	1.0306990	0.7070754	0.6271303	0.9741495	1.3432059	0.8100347	1.6268407
M	0.7482686	0.1698312	2.1214328	0.5338302	0.7864518	0.3811525	0.4499126	0.3159997	0.4778939	0.9096341	1.1596880	0.8379979	1.8104034
N	0.2768193	0.2235870	0.9861241	1.0880530	0.9098057	1.0481888	1.1638191	0.8336209	1.2036852	0.6550407	0.9550630	1.1695847	0.2169616
P	0.1403009	0.0785158	0.0698908	1.3779191	1.4670846	1.0803271	1.0308056	0.9459910	0.9879110	0.7087101	0.4967492	0.4339198	0.2107966
Q	0.4194235	0.4018549	0.3402635	1.3386976	1.3044430	0.9218328	1.1684915	0.7876173	1.2232844	0.9338591	0.8986996	1.9549213	0.3805913
R	4.4635838	16.3675859	0.7901281	0.6569091	0.6538480	0.7965990	0.5171981	0.8249917	0.8173646	0.8655016	1.3769554	2.4190735	2.6392063
S	1.6649861	0.2718879	0.6394589	1.6339086	1.0415660	1.5726403	1.2859649	1.3866794	1.0785392	1.4150030	1.0578739	1.4847408	0.2402771
T	0.5902167	0.1625652	0.4438100	0.8015776	0.9432631	1.1237260	0.9737565	1.0753859	0.9449226	0.9505570	1.1653114	1.1465752	0.1808672
V	0.2664277	0.1028192	0.8515461	0.3778784	1.0399707	0.7080193	0.9940574	0.8076500	0.7923403	0.8703716	1.1906759	0.6805598	0.5499940
W	0.1432954	0.1398422	3.4268049	0.8351864	0.8397700	0.2813847	0.4233621	0.5645871	0.6988335	0.4362344	1.1334513	0.4337096	0.4143344
Y	0.4728799	0.1462945	1.9275852	0.5744790	0.7166304	0.7458829	0.7123483	0.8030217	0.7936460	1.0381435	1.0936861	0.8589348	4.4649347
