##############
# B3501 PWM for 13-mers
#
# Copyright (2018) David Gfeller
##############
1.00000	25	2
A	0.8728351	1.8200979	1.3189224	0.9503266	1.0111083	1.1145114	0.6881470	1.1374348	0.9040334	1.1193739	0.9869941	1.1746237	0.5360761
C	1.0371919	0.7027790	0.7950197	0.8782414	0.9861335	0.9718639	0.8801556	0.9751702	0.9144374	1.0000550	1.0030133	0.9797696	0.4273347
D	0.5428695	0.5098877	0.4164778	1.4781053	1.4143490	1.0688614	2.1060678	1.7343475	1.7534812	0.6760468	1.0196413	1.0808907	0.3797972
E	0.5613590	0.5208164	0.6793481	2.0024356	1.6980722	1.5153967	1.6560356	1.3173882	0.9997017	1.0149199	1.4494704	1.1218537	0.4873632
F	1.1356478	0.3473332	2.8343404	0.4732494	0.8923689	0.5190566	0.4555072	0.5547023	0.4444586	0.5347020	0.9588215	0.4913692	3.4828045
G	0.5365278	0.9979036	0.5003123	2.6086286	1.2888165	1.2786549	0.9170960	1.3384890	1.6721178	1.6132488	1.5838427	0.6603130	0.4042570
H	3.8149911	0.3938948	0.5240090	1.1643561	0.5214191	1.0900792	1.1446524	0.5937853	1.1616095	1.6186154	1.6036884	1.1007672	1.1085639
I	1.5613616	0.5336863	1.4278373	0.3849739	0.8896898	1.0571906	0.5454226	0.5189643	0.6257756	1.1555600	0.8870131	0.9601543	0.6077140
K	0.6039858	0.6157787	0.5242016	0.8118613	0.9182990	0.9512426	1.2395887	0.7961682	1.0128770	0.9238695	0.6835012	0.9505643	1.3532495
L	1.0126643	0.4640461	1.3497980	0.5438980	0.7208632	1.0383202	0.9138857	0.9149288	0.7601308	0.8293894	1.2094735	0.6416215	0.7276655
M	1.7417352	0.5422778	1.0622437	0.5885457	0.7243807	0.8276590	0.7267173	0.7170593	0.6905778	1.1999591	0.8888782	0.7838168	1.1844664
N	1.0327275	0.4980493	0.4374167	0.8310923	0.7914040	1.0557739	1.5039070	1.4897209	2.1718018	1.3590120	0.7482717	1.7667876	0.5019583
P	0.2869390	5.8923257	0.2493781	1.0132025	0.6758362	1.0092369	1.0073403	0.6771581	0.6620427	0.6530194	0.3113426	0.3399112	0.2443728
Q	0.8719423	0.4895952	1.0105616	1.6080625	0.7473680	1.2734429	1.3570753	0.7377458	1.5249696	0.9524023	0.9651720	1.2554665	0.5786219
R	0.6028726	0.4716793	0.5016845	0.6837131	0.6422176	0.6886032	1.0734503	1.2162398	1.0313959	0.9524564	0.6102925	0.7151112	0.6987549
S	1.0378551	0.7971000	0.5932118	0.9658114	1.6223325	1.2457601	0.9291346	1.5076362	1.1538023	1.0959226	1.3901641	1.3962527	0.5105901
T	1.3236644	0.6740501	0.6126107	0.8381783	1.1981112	0.7200239	0.8769921	1.1824935	0.9208799	0.9282604	0.9409787	1.6763448	0.5012026
V	1.0479556	0.8147100	1.3252274	0.4291255	0.7876782	0.7078548	0.6392215	0.5444312	0.5241490	1.0197350	0.9502159	1.4057477	0.5641040
W	0.6685790	0.3165588	5.1129195	0.5392710	2.6079578	0.4748506	0.4531475	0.5372040	0.4586594	0.4941423	0.5475389	0.4751840	1.9054325
Y	1.4495656	0.4399005	2.1495256	1.0186634	0.6482642	0.5693442	0.5452629	1.0005428	0.5394214	0.6221562	0.7095404	0.5901234	9.1244724
