##############
# B3502 PWM for 13-mers
# Model trained on 12-mer peptides adding one non-specific position after P9.
# Copyright (2016) David Gfeller
##############
1.00000	97	0
A	0.6970909	0.6798705	0.9253232	1.0532358	1.3016356	1.0080766	1.2282337	1.5352136	1.0000000	1.0000000	0.8111518	1.7110485	0.4219437
C	0.9855166	0.4690827	0.5938072	0.9180844	0.9339203	0.9257141	0.8874977	0.9530860	1.0000000	1.0000000	0.8922790	0.9081211	0.5191764
D	0.3537755	0.5136497	3.6079817	1.8077425	1.2890238	1.3196398	0.8959204	1.4849928	1.0000000	1.0000000	1.3295287	0.7186331	0.2175864
E	0.5535454	0.4050528	2.1023537	1.0123692	2.6421791	1.4161377	1.5850175	1.0673400	1.0000000	1.0000000	1.8083712	1.3931256	0.2379965
F	1.3159207	0.2085930	1.0734865	0.5355986	0.4939048	0.6183723	0.7669999	0.5333294	1.0000000	1.0000000	0.5158141	0.5517013	1.7434003
G	0.3518263	0.4034274	0.4511411	1.3017872	1.6259135	1.1036160	1.3124089	1.9637142	1.0000000	1.0000000	0.5293388	0.6913544	0.2475324
H	3.4521686	0.2978174	0.6377450	0.7829240	0.6116149	0.5993768	1.4152148	0.7724045	1.0000000	1.0000000	1.5933670	0.5859941	0.2630395
I	1.1278275	0.3337886	1.0761869	0.5541350	0.6928428	0.9627591	0.7747124	0.7621900	1.0000000	1.0000000	0.9984564	1.2541085	1.2661690
K	0.4578168	0.4738949	0.5531612	0.6174847	0.6805491	1.2594886	1.2319534	1.0426343	1.0000000	1.0000000	1.0105152	0.9155096	0.3194810
L	1.9637035	0.2726351	0.7442218	0.8240710	0.8076469	0.7035109	0.5645926	1.0469874	1.0000000	1.0000000	0.9061555	0.8116109	5.1401007
M	3.4674015	0.3204199	0.9431607	0.5330026	0.5717213	0.5543009	0.5193996	0.6019145	1.0000000	1.0000000	0.9924465	0.8427721	2.4953523
N	0.5707895	0.3735825	1.1483411	0.6975954	0.7014176	1.0774028	1.4165412	0.9271084	1.0000000	1.0000000	0.8312612	0.6442016	0.3703669
P	0.2003861	10.3831060	0.2401083	2.0751341	0.2548572	1.0075294	0.8906555	0.3528395	1.0000000	1.0000000	0.5645433	0.2554874	0.1580289
Q	0.9148344	0.3608581	1.1551377	1.1808467	1.3140768	0.8052520	1.1873814	0.8641491	1.0000000	1.0000000	2.0174979	1.3601486	0.3002687
R	0.7635985	0.3468590	0.4693732	0.6695935	0.6132535	1.2890876	1.7401342	1.0352372	1.0000000	1.0000000	1.6450171	1.0516287	0.5531573
S	0.6870038	0.5076361	1.0880989	1.1880738	1.4209313	1.5718448	0.9636312	0.7715230	1.0000000	1.0000000	1.0778610	1.4455725	0.2961759
T	1.0910891	0.4633605	0.6125048	1.2261689	0.7323534	1.1821160	0.5992803	1.2182488	1.0000000	1.0000000	0.7872104	1.2957682	0.4269117
V	0.9524731	0.2991459	0.8036682	0.6101882	1.0692075	0.6715834	0.5544812	0.8042483	1.0000000	1.0000000	0.7403442	1.2763774	0.8390447
W	0.5503917	0.1791493	0.4091701	1.6851175	0.3703643	0.3606313	0.4076179	0.3867060	1.0000000	1.0000000	0.3804328	0.3943443	0.5146060
Y	1.5990642	0.2990156	0.8387648	0.9726250	0.4145760	0.4251982	0.8432759	0.6009020	1.0000000	1.0000000	0.4811216	0.6270856	0.6193416
