##############
# B3503 PWM for 13-mers
#
# Copyright (2021) David Gfeller
##############
1.00000	43
A	0.6544705	1.3270919	0.7113387	1.0332090	1.0723880	1.0502838	0.9178599	1.1698074	1.1155905	1.0153295	1.0218426	1.2954282	0.8754065
C	0.8891395	0.4518690	0.5654968	0.8750824	0.9089942	0.8925545	0.8516539	0.8790534	0.8594369	0.8956518	0.8463329	0.8264145	0.5478255
D	0.3721146	0.4904829	0.4763228	1.5688609	1.1885340	1.2005167	1.3424302	0.8248340	0.8241250	1.3582772	1.4475094	0.6262377	0.2930418
E	0.4358957	0.5199657	0.6795105	0.7986422	0.9632341	0.9452257	1.6689393	1.1317223	1.0609769	0.7479301	1.7218910	1.4318254	0.3440246
F	2.5440408	0.2858009	1.4979854	1.2263531	1.0295116	0.5566646	0.4085219	0.5037825	0.4453530	0.5407499	1.5940725	0.5925526	1.4440895
G	0.3668495	0.4974222	0.3964705	0.8757541	1.2333884	1.2357458	1.2342625	2.3243560	1.5924001	1.3901945	0.6312479	0.6817497	0.5103560
H	2.9360405	0.4240357	1.0620902	0.5482225	0.8962912	0.5869833	0.6061515	0.9497641	1.7280913	1.3107767	1.7329718	0.9388459	0.3851620
I	1.2097245	0.3988004	1.8137744	0.6664678	1.1702004	0.8721798	0.6766459	0.6002945	0.9351102	1.0406150	0.7995529	1.1757141	1.4002433
K	0.4930094	0.5873365	0.5716749	0.8027178	0.5695746	0.9510647	0.9165871	0.6685036	1.3964472	0.9196932	0.6210736	0.6554143	0.5901545
L	1.6169366	0.3494585	1.4688474	0.4927308	0.6511441	0.8933879	0.5645512	0.7434618	0.6836714	0.8550356	1.1247625	1.0475589	3.5406715
M	3.7197113	0.4096844	1.2291265	0.8432334	0.6331931	0.6876658	0.8615778	0.6126056	0.6327125	0.7029662	0.7244348	1.0865252	3.0726057
N	0.5065746	0.4746771	0.9640186	0.7196212	0.8874550	0.9320126	1.3951499	1.1157473	1.1381572	1.1267557	0.8538620	0.8493241	0.3522334
P	0.2644818	9.2449718	0.5508765	2.6060293	2.0972088	1.1107972	1.1151911	0.8437863	0.8568953	0.5883229	1.5779664	0.3610294	0.2568485
Q	0.7059156	0.6639298	1.6769416	1.1630644	0.5596785	1.5797379	1.5070572	1.1922048	1.2734963	0.9852546	1.0361408	1.4204150	0.4410230
R	0.6435476	0.4200017	0.5170360	0.8833210	0.4566074	0.7713764	1.1398020	0.8740580	1.1949681	1.0763336	0.5147582	0.5530608	0.7859897
S	0.7879444	0.7575623	0.9686905	1.4473730	1.6262840	1.4536778	1.2628022	1.2250024	1.0166784	1.0863250	0.7229604	1.4546316	0.4223655
T	0.5704052	0.6165850	0.7958781	1.1477007	0.8824859	1.1583781	1.1409647	0.8134770	0.9443288	0.9731362	0.7345790	1.2059616	0.5650028
V	0.8544814	0.4590971	1.1821893	0.6874055	1.0414875	0.7719014	0.7917458	0.8915109	0.7452802	1.3621142	0.7524002	1.5958296	1.2986988
W	1.7797947	0.2081637	0.6666131	0.4015262	0.3959068	0.4206625	0.3470029	1.4591859	0.3650761	0.3946918	0.4584794	0.4156943	0.4885423
Y	2.6629537	0.3871848	2.9974409	0.9123130	0.8979268	1.1343720	0.4632718	0.8385278	0.5436427	0.8533616	1.0612262	0.8792719	0.6894429
