##############
# B3801 PWM for 13-mers
# Model trained on 12-mer peptides adding one non-specific position after P9.
# Copyright (2016) David Gfeller
##############
1.00000	59	0
A	0.6481699	0.4729373	1.4603511	0.7302944	1.3904035	1.1469241	0.9725832	1.5472205	1.0763728	1.0000000	1.3408111	0.7994042	0.6580798
C	0.8531565	0.4166049	0.7454691	0.7502445	0.9096174	0.8464370	0.7911761	0.8532389	0.8156992	1.0000000	0.8242602	0.5642882	0.5453031
D	0.6406672	0.5603613	2.6181445	2.4099847	0.9993860	1.1119338	1.7663539	1.2925747	1.2012617	1.0000000	1.6770889	0.6794536	0.2815410
E	1.5240144	0.6811364	0.8585997	1.2647325	0.6233582	1.2516675	1.2117502	1.0640631	1.5168562	1.0000000	1.5146524	0.6395325	0.2764314
F	0.7942745	0.5181130	1.0868188	0.5861966	0.4556717	0.5837231	0.3879845	0.8424335	0.5924551	1.0000000	0.3958370	0.7366794	3.7766051
G	0.9664032	0.4722664	0.7060250	0.8518674	1.2047364	2.3334887	2.4678461	1.7601442	2.3604285	1.0000000	1.0823192	1.1414008	0.4929687
H	2.5169915	15.1127387	2.9447024	0.7866923	0.6802252	0.4658500	0.7644723	2.4992832	0.5065834	1.0000000	1.6572656	0.9903272	0.3565554
I	0.6624126	0.3678984	0.7338661	0.3572590	1.1201004	0.5148504	0.4337523	0.5692765	0.6280855	1.0000000	0.4388001	0.8997727	1.2054794
K	0.6941213	0.6503136	0.5442228	0.9055836	0.5572867	0.8830092	1.0941020	0.7277463	0.8970394	1.0000000	1.0802837	0.8177325	0.3357952
L	0.5717537	0.3370183	1.0539986	0.4339340	0.8844464	0.4875699	0.6193743	0.9276915	0.8211998	1.0000000	0.7388013	1.2163043	3.5145727
M	0.8861239	0.5380404	1.7034493	0.4849370	0.7002719	0.5428040	0.5492975	0.6508040	0.6111379	1.0000000	0.8613938	0.8093216	1.3122767
N	1.0382594	0.9182906	0.7155377	1.0778362	0.9271468	0.8834542	1.2405937	1.5917795	1.9177496	1.0000000	1.4556329	0.9883216	0.6534662
P	0.2770081	0.5735687	0.2684982	2.7326363	1.9627128	1.1153900	1.1005808	0.2817908	0.4481849	1.0000000	0.3005346	0.2786351	0.1766928
Q	1.9144175	1.0603626	0.7097399	1.2445803	0.8085959	0.9241573	1.3931234	1.0823620	1.2745524	1.0000000	1.6581617	1.1694037	0.3119555
R	0.7841807	1.0096726	0.5019618	0.8856611	0.6283864	0.8703577	0.6131410	0.5717528	0.7538741	1.0000000	0.9877302	0.7224513	0.3641894
S	1.1180511	0.5519110	1.0450207	1.2598594	1.3744186	1.7444802	1.1018646	1.3292911	1.3199948	1.0000000	1.3627987	1.2525153	0.3744706
T	2.0313858	0.4079868	0.7105734	0.8413083	0.9075062	1.5050873	0.9534936	0.7418412	0.8698411	1.0000000	1.1289868	2.7138214	0.4679351
V	0.6774329	0.2737844	0.9757841	0.4524853	1.2298104	0.6279887	0.6619616	0.5773324	0.5630069	1.0000000	0.5450120	1.1541131	0.8327497
W	2.5899676	0.5521159	0.4784779	1.4047487	1.4096156	0.4343416	0.4146256	0.4600574	0.4211718	1.0000000	0.4207837	1.4935024	2.7474833
Y	1.9739890	1.3779536	0.7059422	0.9924515	0.4844791	0.7074311	0.6860315	0.6318607	0.4584020	1.0000000	0.5191269	0.8340422	1.3178045
