##############
# B3906 PWM for 13-mers
# Model trained on 12-mer peptides adding one non-specific position after P9.
# Copyright (2016) David Gfeller
##############
1.00000	38	0
A	0.8157479	0.8478869	1.2566501	1.3044447	1.1875822	0.8978478	0.9771119	0.8939048	0.9215059	1.0000000	0.7948325	2.0956669	4.7768098
C	0.6742966	0.4535511	0.6638881	0.7913335	0.8244300	0.7263380	0.7690151	0.7937286	0.8186599	1.0000000	0.7683619	1.0866677	0.8430325
D	0.9223290	0.9077207	0.9110419	2.0358642	0.7640857	2.2154915	1.2319631	1.0042659	1.1693792	1.0000000	0.8181644	0.7410070	0.4925227
E	0.9153955	1.2757310	0.4795774	1.0414018	0.5674398	1.0268964	0.6267210	0.7543539	0.5456637	1.0000000	0.9217235	0.5469159	0.5556493
F	1.2153714	0.3837322	3.2242443	1.0106622	0.7160853	1.0466638	1.6358682	0.8081342	1.1747144	1.0000000	1.5030712	0.4815714	0.7377595
G	1.0481521	0.5430270	0.5280873	1.3560013	1.5350525	1.0166174	2.1850143	1.9353514	0.9616340	1.0000000	0.7477387	0.9051620	0.9568706
H	1.0418604	4.5726782	0.4991431	0.9318141	1.7263720	3.2663144	0.5226347	0.4720393	0.8492597	1.0000000	2.5365726	0.3993814	0.4371265
I	0.6843733	0.3097555	1.0584580	0.6416849	0.7025851	0.6206004	0.6195365	1.0396476	1.5001546	1.0000000	0.8125535	1.1134742	0.6181908
K	0.7413757	1.0380668	0.6504070	0.8376188	0.7828720	0.6899526	1.0783169	1.4072847	0.6311186	1.0000000	0.6410180	1.0535635	0.6302547
L	0.5674922	0.3745690	1.4390492	0.4907534	0.8509180	0.7808491	0.6596279	0.9272615	1.2734077	1.0000000	0.9340258	0.7583482	0.7909635
M	0.9870082	0.5621808	1.2768772	0.6197176	0.7269134	1.3242305	0.6859239	0.7766655	0.9207615	1.0000000	0.8022717	0.7736285	0.7370236
N	2.1634738	1.0524643	1.0022664	1.0539757	0.7158076	1.0497672	0.9294658	0.6774692	0.8500176	1.0000000	1.1523622	0.6272828	0.7508190
P	0.2959328	1.7371508	0.2535774	0.7967555	0.7816503	0.5197072	0.7651392	0.7727819	0.7459603	1.0000000	0.7559103	1.0522883	0.3810480
Q	1.0696658	2.0884186	0.6671146	1.2544295	0.7867252	1.0726385	1.3782933	1.0204081	0.9325302	1.0000000	1.4259549	0.5604648	0.7507645
R	1.2656195	2.7086838	0.5037405	0.6196653	0.7962682	1.0270892	0.6363680	0.8939922	1.1558576	1.0000000	0.6097836	0.5943718	0.5313840
S	1.0874325	0.7007786	0.8933244	1.7899407	1.7624095	0.9228904	0.8666067	1.1986473	0.9023160	1.0000000	0.9486455	1.4066032	1.1053211
T	1.9611242	0.5584903	0.9418470	0.7521629	1.2070795	0.6099783	1.2586854	0.9941741	1.1228999	1.0000000	1.2709470	1.8876960	0.9229855
V	0.7917270	0.3512300	0.9720009	0.8391420	0.7963956	0.9338093	0.9641671	1.0832024	1.1469860	1.0000000	1.0358103	1.3211551	0.8763470
W	0.7003976	0.4665416	2.2575963	0.5138079	2.1114132	0.5172561	0.6282458	0.5159630	0.5558331	1.0000000	0.6909604	0.4355400	0.4790755
Y	2.0984400	0.7834221	1.7824512	0.9643977	2.0781540	0.7951969	1.4088110	0.9024768	1.0125916	1.0000000	1.9164881	0.5017148	0.5650436
