##############
# B4002 PWM for 13-mers
#
# Copyright (2018) David Gfeller
##############
1.00000	32	2
A	1.3629360	0.6696632	0.7724255	0.9513703	0.9786427	1.2266000	0.7199111	1.0514062	0.9562711	0.8843680	1.0043811	1.4100479	1.3551444
C	0.9001057	0.3478169	0.7722475	1.0758761	1.1030359	1.1064473	1.0694470	1.0857166	0.9883612	1.1622101	1.1653591	1.2636029	0.8439045
D	0.8546599	1.7214709	0.4362222	2.1246724	1.0219492	1.1953202	1.4139073	1.4569315	2.5790258	0.5091768	0.7841949	0.5904602	0.3301341
E	0.6518385	6.1339021	0.6094018	0.6517089	0.5446745	1.2537341	0.7669268	1.2917071	1.4496607	0.8255965	0.5403447	0.9038783	0.3716628
F	0.4772067	0.3276223	3.5172950	0.5354131	1.2110848	0.5191172	0.7934720	0.7399023	0.6921699	0.6568418	0.9721188	0.5548900	1.5134382
G	2.2675324	0.4971791	1.0034306	1.6344989	1.3375372	1.4293908	1.9008571	1.9211453	2.2170798	1.2983304	1.0775566	0.8684253	0.4647444
H	0.9923579	0.7551870	0.8938159	0.4774127	0.4707499	1.0130436	0.9348013	0.4738112	1.8990992	0.8565591	0.4791234	0.4479970	0.3542287
I	0.5028125	0.2823943	1.1876034	0.7993640	0.8114343	0.6725288	0.8733382	1.0774078	0.3850926	1.1439691	1.0829578	1.1539850	1.3306673
K	1.8557329	1.1062320	0.6602507	0.8539695	0.5759567	1.1272856	1.0086018	0.6450534	0.7899760	0.9321437	0.7609825	0.6296414	0.6174383
L	0.5886694	0.3384316	1.4121892	1.2767638	1.0124083	0.7803282	0.9151043	0.5626584	0.3891742	1.7865703	1.4665403	1.0159188	3.1208019
M	0.6365970	0.5000573	0.9818702	0.8144540	1.4536177	1.0670892	0.7309469	0.6447385	0.5184796	1.0351428	1.6375446	1.2567126	1.7903352
N	1.0344529	0.8378175	0.5007755	1.2594981	0.8456309	0.7758287	1.5366667	0.9635342	1.4321179	0.5735321	1.1299714	1.1498958	0.3759745
P	0.3243500	0.3626078	0.7915291	0.8264733	2.4662062	0.6012700	1.1105666	1.9462930	0.5769167	0.8269066	1.1068399	0.5903939	0.2450299
Q	0.7403981	1.6181997	0.6838740	0.8058360	0.9456461	1.6366283	0.6119189	0.8343811	0.9610375	0.5738814	0.9859212	1.0496447	0.4263753
R	2.0205826	0.8568102	0.4999477	1.2909973	0.5070381	0.9747590	1.0898984	0.5283173	1.3359259	0.8219070	0.5756161	0.5662432	0.4796645
S	1.2232236	0.8018304	0.8335769	0.8128315	0.8022333	1.4843530	0.9947836	1.1360346	0.7754258	1.0568147	0.9871688	1.2162786	0.6797894
T	0.8661234	0.5988902	0.7627517	0.6240871	0.8023580	0.9078896	1.0085024	0.6774491	0.7650940	1.0238552	1.2146965	1.3335184	0.6211247
V	0.7327082	0.3587328	0.8782361	0.8366187	0.8615435	0.6923082	0.8328220	0.8750078	0.5110851	1.1347668	1.0092289	1.8916492	1.2236384
W	0.5216492	0.4629042	4.1514709	2.1224803	2.2175454	0.5261137	0.4687110	0.4331265	0.4671526	2.1723505	0.5616982	0.4690413	2.3135625
Y	0.9295595	0.4860704	1.2397727	0.5233041	1.0731305	0.9553812	0.5695050	0.5175515	0.6013243	0.6169643	1.0103009	0.5454831	0.7827848
