##############
# B4001 PWM for 13-mers
#
# Copyright (2018) David Gfeller
##############
1.00000	26	2
A	1.5349776	0.6883428	1.0416840	1.1162700	0.9039030	1.2505533	1.6085001	1.1215638	1.4135062	1.3663554	1.1211384	1.1494981	0.5596891
C	0.9593651	0.3733883	0.8970255	1.0748064	1.0222565	1.1820611	1.1280193	1.1192334	1.1983601	1.1792430	1.1474147	1.1875316	0.8501165
D	0.6210138	1.4526687	0.6966780	2.3016717	2.3844978	1.6040908	1.6884626	0.7092989	0.6651851	1.2546241	1.0570911	0.6627334	0.2599722
E	0.7357105	5.7428961	0.4299584	1.3726674	2.1458751	0.8451969	1.1826752	1.0270380	0.8197871	0.7099648	1.1336043	1.3859061	0.2930474
F	0.9003299	0.3655661	2.6427281	0.4292004	0.8535020	0.4874334	0.4617740	0.3655129	0.4650815	0.4692260	0.4897381	1.7004920	1.1118660
G	1.0390859	0.4955074	0.4576808	2.2604875	1.2282966	1.9852834	1.0580043	3.2550399	2.3681944	1.0126327	0.6450630	0.5848740	0.3066094
H	0.5820417	0.7453531	0.9505223	0.5465108	0.5756325	0.4915662	2.6902602	0.5010080	1.0533928	0.4978228	0.5703997	0.5046482	0.3046797
I	0.6562874	0.3364937	1.8668491	0.5118317	0.4780950	0.7830981	0.5080069	0.3829164	0.7166320	0.6906165	0.9799771	0.9509969	1.4973457
K	2.2277967	1.0935768	0.6510999	0.7710219	0.7394114	0.6931367	0.7592108	0.7279996	0.9372801	1.4938996	0.7784396	0.7156179	0.3828143
L	0.6806497	0.5164138	1.1763109	0.7359492	0.5895875	0.8266622	0.6104557	0.3917294	0.6749567	0.8387644	0.7917398	1.2751523	4.7407118
M	0.7319119	0.5599007	1.0836515	0.6612248	0.5929646	0.7382401	0.6707218	0.5447372	0.7077717	0.7652474	1.1853444	0.9553372	1.9469746
N	0.7829349	0.8046249	0.4749803	1.1997553	0.8244153	1.1649163	1.5149472	0.8231655	1.1216340	1.0948476	1.6896111	0.6724827	0.2946783
P	0.3638979	0.7020968	0.2504778	0.3275615	1.6462519	0.3370879	0.3470522	1.6650857	0.3428874	1.0097919	0.9901369	0.3186374	0.2065356
Q	1.0616038	1.3850445	0.4348582	1.2313196	0.7820895	0.6305471	1.2587326	1.1659568	0.9348389	0.9415131	1.7341764	0.9428837	0.3679209
R	1.5356321	0.8438903	0.4741118	0.9134233	0.5957268	0.8541962	0.6876951	0.6090363	0.9533981	0.7778000	0.6940171	0.8923278	0.4285314
S	1.8266522	0.7999748	0.7149516	1.1635575	1.0909796	1.9678220	1.3936126	1.7079481	1.5827514	1.6555119	1.3386447	1.5783206	0.3642012
T	1.0282900	0.6106684	0.6888398	1.1020534	0.8696616	1.2544074	1.1605593	1.5846021	1.6330641	1.2366422	1.4072009	1.4004841	0.5568538
V	0.6010915	0.3986252	2.2425672	0.6445885	0.6061241	0.9017581	0.6723930	0.4641256	0.7673927	1.0244356	0.9852605	1.0246576	1.1318334
W	0.5862371	0.4746498	0.7512360	0.4562754	0.5238781	0.4621825	0.4854824	0.4385544	0.4870952	0.4467586	0.4634951	0.6118271	0.6171476
Y	1.1026131	0.5026090	1.5210642	0.4673833	1.0241909	0.4913454	0.6865631	0.4488722	0.5461005	0.5146262	0.5406325	0.7999007	0.6706773
