##############
# B4101 PWM for 13-mers
# Model trained on 12-mer peptides adding one non-specific position after P9.
# Copyright (2021) David Gfeller
##############
1.00000	42
A	1.4187311	0.6105252	0.8302854	0.7078630	1.1849308	1.0461942	1.1603225	1.0000000	1.0000000	1.0000000	0.9660809	2.1922366	5.0584247
C	0.7537316	0.3820855	0.6145490	0.6258939	0.7194134	0.7001184	0.6717094	1.0000000	1.0000000	1.0000000	0.7352600	0.5475862	0.7214139
D	0.5237411	1.3983216	1.4246338	2.7405333	1.4665969	0.6313278	1.0619774	1.0000000	1.0000000	1.0000000	0.7908764	0.9690902	0.4602659
E	0.6993751	6.8154681	2.7850409	3.0582975	1.3306786	1.1575478	1.4383606	1.0000000	1.0000000	1.0000000	0.8872614	0.6897348	0.5395587
F	0.4483487	0.3317989	0.4859120	0.6404113	0.7936548	0.4829893	0.7192867	1.0000000	1.0000000	1.0000000	0.7267517	0.4502088	0.4314798
G	0.8849237	0.4071519	0.4242153	0.8292846	0.6830401	1.6235586	0.8651069	1.0000000	1.0000000	1.0000000	0.4685172	0.7990047	0.8622889
H	1.4305076	0.7995978	0.6390746	0.6389879	0.5825235	1.0514266	1.8354918	1.0000000	1.0000000	1.0000000	0.9418623	0.5340714	0.4570561
I	0.6137301	0.3125673	1.5608238	0.5833943	1.2511122	0.4490037	0.5933859	1.0000000	1.0000000	1.0000000	0.9360123	1.0652605	0.6094572
K	1.7300154	1.0267276	0.8359239	0.8207649	0.9190574	1.6764425	1.6933275	1.0000000	1.0000000	1.0000000	1.1424465	0.9813783	0.6016000
L	0.4695010	0.3255378	0.9109959	0.5019512	0.5500439	0.5162899	0.5467078	1.0000000	1.0000000	1.0000000	0.7718584	0.6664892	0.5376138
M	0.6003698	0.4545169	0.7670814	0.5154456	0.6053878	0.5828816	0.5865223	1.0000000	1.0000000	1.0000000	0.6878004	0.6921586	0.8934727
N	0.7119751	0.7738775	0.6903074	1.0359943	1.2901651	0.7543285	0.9448552	1.0000000	1.0000000	1.0000000	1.4795649	0.8855254	0.4850218
P	0.3662779	0.4125621	0.3569090	1.1363510	2.4070746	0.6364331	0.8798553	1.0000000	1.0000000	1.0000000	2.1388241	0.9196952	1.2417220
Q	1.4057179	1.3788809	2.6020289	1.0874218	0.8391921	1.9502937	1.4111249	1.0000000	1.0000000	1.0000000	1.0460754	1.7976274	0.5433416
R	3.6202918	0.7476117	0.8419846	1.1248850	0.7191169	1.6687015	2.0090128	1.0000000	1.0000000	1.0000000	1.5014744	0.7947804	0.4627294
S	0.9391769	0.7140214	0.7536059	0.7868456	0.8798696	1.1855330	0.7021066	1.0000000	1.0000000	1.0000000	0.7636048	1.1791617	1.0478764
T	0.9467183	0.5800580	0.7838013	0.7511047	0.6525777	1.2690943	0.9009340	1.0000000	1.0000000	1.0000000	0.9653954	1.5059564	0.7675026
V	0.6793143	0.3947673	0.9293796	0.6009477	0.9410388	0.5123144	0.5379799	1.0000000	1.0000000	1.0000000	1.4635357	1.0255300	0.8372296
W	0.4143798	0.3668043	0.3758691	0.3482322	0.4036669	0.4405710	0.4185856	1.0000000	1.0000000	1.0000000	0.3545137	0.3580650	0.3513871
Y	0.8781933	0.4655423	0.5137865	0.4799126	1.1748567	1.1736680	0.9356581	1.0000000	1.0000000	1.0000000	0.5581046	0.4978741	0.4866409
