##############
# B4201 PWM for 13-mers
# Model trained on 12-mer peptides adding one non-specific position after P9.
# Copyright (2021) David Gfeller
##############
1.00000	85
A	1.4431650	0.6072145	0.5734585	1.4151210	1.2807945	0.7868540	0.9686753	0.9119046	0.9484936	1.0000000	0.9853502	1.4191970	0.4152774
C	0.8045456	0.4532696	0.5478268	0.7020459	0.7155971	0.7088433	0.7113243	0.7298973	0.7336533	1.0000000	0.6921447	0.4831244	0.4476868
D	0.4591843	0.4120482	0.7446385	1.2682775	0.5840468	1.1965411	1.1909442	0.6114933	0.7051495	1.0000000	0.5319678	0.4835959	0.3389477
E	0.6213985	0.4986349	0.7177053	1.4956546	0.7136308	0.7865194	0.8947400	0.9854278	0.9754624	1.0000000	1.1724601	1.1093149	0.2467271
F	0.6125236	0.2417496	0.6591595	0.4341891	0.5663196	0.4485686	1.0189638	0.7709985	1.2221439	1.0000000	0.4650952	0.6407812	3.3253343
G	0.5451981	0.4616742	0.5004959	1.4732497	1.7541001	1.2189208	2.4631225	1.7448392	1.5224396	1.0000000	0.8281531	0.5463914	0.2276995
H	0.9434629	0.3412478	1.3000485	0.7131669	0.6732989	0.6946599	0.6557436	0.4487015	0.6451552	1.0000000	1.7079460	0.8995878	0.3222385
I	1.2095136	0.4370521	0.5436831	0.4723598	0.9187391	0.8670565	0.8135648	0.8565780	1.5700874	1.0000000	1.0436661	1.3766572	1.5020296
K	1.4282884	0.4750994	3.2436076	0.7244524	0.9289287	1.2079321	0.5903247	0.8779117	0.9433876	1.0000000	1.2980038	0.6918500	0.2916944
L	0.7042832	0.3598368	0.5827826	0.8100434	0.7625663	0.8904448	0.5298948	0.8208059	1.0283848	1.0000000	0.7615714	0.7209273	4.1659473
M	0.8173777	0.3425272	1.8911656	0.7051012	0.7479855	0.7861025	1.2796772	0.5755732	0.6556639	1.0000000	0.5862771	0.8681027	2.4144850
N	0.8328753	0.3812861	1.4047808	0.9619554	1.1819569	0.9915206	0.7091999	0.8246853	0.6681730	1.0000000	1.2516963	0.5425669	0.2605677
P	0.3157334	11.5490843	0.4427281	2.3103134	1.8456432	1.0044911	1.5607005	1.4320472	0.8540538	1.0000000	0.7282469	0.6143146	0.1886325
Q	1.3414650	0.3822474	1.2405906	0.9348824	0.6416088	0.9360445	0.6063788	0.7671434	0.7528992	1.0000000	1.4003948	0.7853394	0.2932742
R	1.7456834	0.3318726	2.3107184	0.5596074	1.5263865	1.4781155	0.7196116	0.7770693	0.7727216	1.0000000	1.8726427	0.4453582	0.3026171
S	1.3665918	0.4825871	0.8295776	0.7584917	0.8626339	1.0276837	1.1548989	1.4017599	1.2863449	1.0000000	1.1621845	1.9328597	0.2871001
T	1.6844394	0.4878722	0.5326910	1.1161349	0.8394766	1.6317878	1.0369558	1.5599956	1.2537941	1.0000000	0.8661479	1.7088715	0.4457955
V	1.1175904	0.4454001	0.5286546	0.5646020	1.0886661	1.0980425	1.0533308	1.0971371	1.0033107	1.0000000	0.8721785	2.1522914	1.2564883
W	0.3580101	0.1606381	1.0177411	0.9385337	0.3170730	0.3353270	0.3394128	0.3594461	0.3494953	1.0000000	0.3618717	0.3384814	0.5158906
Y	0.8782616	0.3164625	1.7030411	1.0153903	0.6234531	0.8180845	0.6649142	1.0393398	0.5204799	1.0000000	1.0869693	0.6951810	1.0298913
