##############
# B4402 PWM for 13-mers
#
# Copyright (2018) David Gfeller
##############
1.00000	104	2
A	2.3199611	0.5832803	1.0005323	0.8164792	1.1812017	1.0106229	1.2837885	0.9885633	1.4626154	1.7504551	0.9567151	1.1682607	0.3262419
C	0.9252538	0.2514783	0.4409134	1.0209635	1.0644577	1.0382810	1.0673903	1.0540549	1.0452882	1.0896158	0.9819454	1.3894689	0.4496355
D	0.8950233	1.2126135	1.2141885	1.8631418	0.9073540	1.5078462	1.2061754	0.7252405	0.7620200	0.8572133	1.0214279	0.6930301	0.2194281
E	1.7143969	8.2986423	0.9358294	1.2170148	1.0735229	1.0521752	1.1727606	1.0919149	1.6401013	0.9020027	0.7174755	1.4703438	0.3336894
F	0.4376138	0.2566167	0.8759748	0.6879095	0.5433877	0.4386280	1.0317444	0.5004962	0.5755850	0.7951094	0.3551275	0.9632365	3.0386034
G	0.9607477	0.4806242	0.8303788	1.3348432	1.4496474	1.3206472	1.2401767	1.6487126	2.3750086	1.7571628	0.5485662	1.0074990	0.3990649
H	0.4440905	0.5690983	0.5890587	0.9656610	0.4029955	0.5885376	0.7401894	0.9393510	0.9435108	1.0897147	2.1123821	0.7870063	0.5315837
I	0.4066103	0.2891619	1.2671987	0.6325853	0.5975967	0.8267912	0.7365614	0.8666643	0.5250994	0.9626492	0.4229287	0.7640165	0.4057977
K	1.0784818	0.8342379	0.8133279	0.9377846	0.6016664	1.1194839	1.2182943	0.9295699	1.3489052	0.8076607	1.6387941	1.2868246	0.2822909
L	0.4145107	0.2689134	1.1699172	1.0401421	0.7287909	1.1210842	1.0906838	0.6924666	0.5340839	0.8995840	0.6799570	1.2518393	0.6868452
M	0.6667134	0.3884555	2.1526531	0.9341738	0.7179208	0.6167724	0.6262516	0.5579626	0.6733160	0.9626115	0.5469082	1.0095032	0.5523579
N	1.1701994	0.6240699	1.5532005	1.0507368	1.0990634	0.7759549	0.8734957	1.4660893	1.0302188	0.7320084	1.4231760	0.9505140	0.2723862
P	0.2722993	0.2766218	0.5279837	0.7374780	1.8585743	0.7364790	0.5396159	1.0458106	0.5538261	0.7419123	0.3406733	0.2264450	0.1162316
Q	1.5065046	1.2776583	1.2595754	1.1822589	1.1362011	1.3980120	1.0558225	1.3843982	1.0084128	1.0138997	2.8359202	1.4281063	0.2840101
R	1.6792890	0.6427200	0.5764655	0.9009000	0.6492237	1.3185464	0.7135310	0.7035457	0.8475876	0.6565742	2.8927757	1.4446058	0.3118005
S	1.7685474	0.6112941	1.0965327	1.3963952	1.2435008	1.1039861	1.0712268	1.3652979	1.3276779	0.9500569	0.7391490	0.8165873	0.2893217
T	1.0943878	0.4575367	0.6172269	0.7698912	1.4580650	0.6800872	1.1081180	1.1325973	0.8658120	1.0999583	1.0790044	0.6559098	0.3118164
V	0.4779237	0.2903781	1.1760225	0.6072248	0.9163922	0.9442200	1.0751782	1.0521626	0.7553245	0.9379558	0.4941878	0.7802611	0.3593866
W	0.9756584	0.3555522	1.0537093	1.0305777	0.4035567	0.4035567	0.4022138	0.9785701	0.3639406	0.4056321	0.3956213	1.0600622	35.1582172
Y	0.4119134	0.3733764	1.0085118	1.1369357	1.2551224	1.0881609	0.6546969	0.6048415	0.4215865	0.8106617	0.8232262	1.1775657	6.1628436
