##############
# B4408 PWM for 13-mers
# Model trained on 12-mer peptides adding one non-specific position after P9.
# Copyright (2016) David Gfeller
##############
1.00000	29	0
A	2.5469030	0.8602858	1.3317534	1.3367380	0.8672589	1.1434624	1.0000000	1.0000000	1.0000000	1.0000000	1.0183403	0.9361129	0.4423880
C	1.1158383	0.5609679	0.5638018	1.0420768	1.1469503	1.1536786	1.0000000	1.0000000	1.0000000	1.0000000	0.9793282	1.3606588	0.5450960
D	0.5784203	0.5940653	1.8680987	1.8792586	1.6023471	1.0221705	1.0000000	1.0000000	1.0000000	1.0000000	0.6768991	0.9917586	0.2778902
E	0.6200042	1.1044924	0.6399441	1.8011376	0.7292558	0.7220587	1.0000000	1.0000000	1.0000000	1.0000000	1.1791233	1.4080452	0.3404003
F	0.4686760	0.5788511	0.8774988	0.7781143	0.6990326	0.7021606	1.0000000	1.0000000	1.0000000	1.0000000	0.7931419	0.6328502	2.5569226
G	1.3784689	0.4988796	1.6038718	1.4917781	0.7568206	0.4819693	1.0000000	1.0000000	1.0000000	1.0000000	0.6086071	0.5904139	0.3856793
H	0.9678884	0.6018613	1.0598822	0.9970374	0.4159255	0.4349352	1.0000000	1.0000000	1.0000000	1.0000000	3.0201605	1.0848976	0.7024953
I	0.6728643	1.0406414	0.9789527	0.6308851	1.6710283	1.6079261	1.0000000	1.0000000	1.0000000	1.0000000	0.4460547	0.6289661	0.6245278
K	1.0779175	0.9039195	0.6231691	0.8853234	0.7391340	0.8084932	1.0000000	1.0000000	1.0000000	1.0000000	2.7235432	1.3659545	0.3786964
L	0.7006504	1.6430668	0.6561570	0.7467910	1.3728795	1.4929526	1.0000000	1.0000000	1.0000000	1.0000000	0.7286999	0.9305445	1.0836683
M	0.7372113	1.1237210	1.7726303	0.6525612	1.0174939	1.0489267	1.0000000	1.0000000	1.0000000	1.0000000	0.7048622	0.7733977	1.1849495
N	0.9742067	0.6461083	2.5481747	0.7689467	0.5944764	0.5305430	1.0000000	1.0000000	1.0000000	1.0000000	0.8227309	1.0564852	0.3523519
P	0.3652589	0.2958865	0.3012635	1.2352556	0.5757931	0.8826992	1.0000000	1.0000000	1.0000000	1.0000000	0.3425620	0.3323851	0.1605352
Q	0.8900462	4.1680646	0.5986754	0.7417328	0.5275796	0.7958821	1.0000000	1.0000000	1.0000000	1.0000000	1.1919585	0.8127293	0.3855162
R	0.9333655	0.8549246	0.5632112	0.6156238	0.7660400	1.0654606	1.0000000	1.0000000	1.0000000	1.0000000	1.8836611	1.5334222	0.4215028
S	1.4403003	0.8221538	1.2675550	0.9656992	0.7564980	0.6327951	1.0000000	1.0000000	1.0000000	1.0000000	1.2021180	1.5331386	0.3843406
T	1.3757030	0.6911286	0.7313455	1.0272109	0.8797064	0.8597644	1.0000000	1.0000000	1.0000000	1.0000000	0.6734341	1.3247651	0.4316431
V	1.0657550	1.2640538	0.6632270	0.5611733	1.9377046	1.6964466	1.0000000	1.0000000	1.0000000	1.0000000	0.4642362	0.8362301	0.5412447
W	0.4743683	0.5204775	2.3582385	0.4705868	0.5273305	0.5365948	1.0000000	1.0000000	1.0000000	1.0000000	0.5331207	0.6066647	27.1099313
Y	0.5593878	0.6128442	0.6570353	0.5759873	0.9818588	0.9982100	1.0000000	1.0000000	1.0000000	1.0000000	0.7958762	1.4461106	5.1062328
