##############
# B4403 PWM for 13-mers
#
# Copyright (2021) David Gfeller
##############
1.00000	52
A	2.1804119	0.5809651	0.8315375	1.0035670	1.2332743	1.0375829	1.0421250	0.8343596	1.1632816	1.6643156	1.2035440	1.2300467	0.3793978
C	0.7282923	0.2502165	0.4511509	0.9022085	0.9623051	0.9003759	0.9314037	0.9556641	0.8963315	0.9625579	0.9212710	1.3412799	0.4635464
D	1.0324205	1.4994530	0.4895092	2.3695439	1.3498504	1.8708115	1.2748713	1.0974932	1.1925297	0.8906668	1.2595598	0.5862976	0.2717312
E	1.2654211	6.8554790	0.9290163	1.6866312	0.6238730	1.2458170	1.1079435	0.5508131	1.5807118	0.8619781	0.8747723	0.8313347	0.3141309
F	0.6351322	0.3179845	2.2999399	0.4393854	0.6868972	0.3961496	0.6586039	0.4147450	0.6048033	0.8656295	0.7025203	0.7066970	3.7761164
G	0.7915174	0.4018756	0.3819324	0.7736360	1.6945309	1.1266801	1.8435593	1.9046059	2.1933999	1.7650301	1.2624192	1.4141136	0.3101813
H	0.5787914	0.7720047	0.5160677	0.5343545	0.4217370	1.2572789	0.5126865	0.4870241	1.2124233	0.5154442	1.2435618	0.5751630	0.8068290
I	0.6188456	0.3010212	1.6860108	0.9280127	1.1455259	0.6323236	1.1314747	0.9734323	0.5678668	0.6537581	0.8751119	0.7018021	0.7131562
K	1.1864969	0.9812293	0.6105247	0.7925673	0.5114831	1.0893702	0.8590507	0.7216371	1.2615105	1.0182897	1.2243712	1.0748098	0.3375033
L	0.6137930	0.3104968	1.3265453	0.9159947	0.9610371	0.5956963	0.6387160	0.5691813	0.4834883	0.6344475	0.6818881	0.8153138	0.7043511
M	0.5871894	0.4380136	1.6359795	0.8929450	0.6611837	0.5833563	0.8886743	0.5783813	0.5147713	0.6020323	0.6305479	0.6474215	0.6570615
N	1.6432779	0.9489388	1.3865258	0.7245203	0.7803087	1.3407652	1.0308179	1.4459005	1.0956089	0.6655688	1.2401076	1.5604133	0.5282771
P	0.3942247	0.3923627	0.9183936	1.4037705	2.4417969	0.5688997	0.7559611	1.8469873	0.7775740	0.7820816	0.3298007	0.3381921	0.1784552
Q	1.0424347	1.4615139	0.8380353	1.5099634	0.6371843	2.0386940	1.7666062	0.8781257	0.8714144	1.6097947	1.1759138	1.4644498	0.3500053
R	0.9305573	0.7199211	0.4512185	0.6968129	0.4086810	0.9459631	0.5485567	0.7953010	0.9045518	0.8792191	1.8386374	1.4946396	0.3511728
S	1.7868408	0.6865850	0.5082815	1.0308242	0.8432913	1.1944400	0.7687169	1.5556936	1.0874784	1.2215304	0.8403155	1.1705766	0.3392250
T	1.0302996	0.5614352	0.7176255	0.8910839	1.2656187	1.1833390	1.2698096	1.2406389	1.0109396	1.3117477	0.7505869	1.1743401	0.3975423
V	0.6150563	0.3763111	1.6001639	0.7317009	1.0152172	0.7394822	1.1827195	1.1233164	0.6044246	0.7035109	1.1163829	0.7997043	0.5451107
W	0.3553673	0.3498381	2.3573363	0.3270440	0.3297027	0.3406997	0.3566514	0.3165730	0.3537511	1.2750854	0.3915817	1.2813616	19.3271343
Y	0.5005452	0.4470848	1.4021191	0.4453532	0.4634650	0.4896151	0.4856977	0.4270967	0.4961781	0.5465959	0.8245989	0.8050486	6.8594492
