##############
# B4501 PWM for 13-mers
# Model trained on 12-mer peptides adding one non-specific position after P9.
# Copyright (2016) David Gfeller
##############
1.00000	146	0
A	4.7502245	0.5055721	1.8261979	1.1194942	2.0103152	1.1630684	1.5799178	1.2858983	1.0000000	1.0000000	1.1957699	1.8462279	6.9853148
C	0.8533910	0.2172234	0.3606757	0.7602768	0.8281199	0.8216929	0.8059069	0.7949168	1.0000000	1.0000000	0.8089747	0.9818368	0.6473548
D	0.4421480	0.9914089	1.1049921	2.0070034	1.2741233	1.2343670	0.7851020	0.6421677	1.0000000	1.0000000	0.5479208	0.6224133	0.3214604
E	1.2696684	9.5102482	2.1198443	2.5450548	1.2492926	1.0266217	1.0122929	0.7987931	1.0000000	1.0000000	1.0781336	1.5929636	0.3662039
F	0.2917289	0.2257010	0.3209243	0.3934112	0.5281426	0.4376133	0.4033766	0.5350966	1.0000000	1.0000000	0.6265302	0.3076519	0.7909680
G	0.6708396	0.3295873	0.4389715	1.2349040	1.2979351	1.9158485	1.5803510	1.8317670	1.0000000	1.0000000	0.5095310	0.5792403	0.6558860
H	0.6426863	0.5053599	1.4255019	0.5239322	1.0696328	0.4619568	0.7958960	0.6294330	1.0000000	1.0000000	1.6384226	0.4948407	0.2856429
I	0.3329068	0.1956936	0.7734033	0.5361961	0.3536661	1.1681104	0.5732255	1.0510259	1.0000000	1.0000000	1.0240077	0.8934204	0.4047580
K	0.8442549	0.7398202	1.1527962	0.9163163	0.8696692	0.7722878	1.2289704	2.0349593	1.0000000	1.0000000	0.9190167	1.4298691	0.4838469
L	0.3490764	0.2733556	0.4903167	0.7052207	0.8250575	0.9933778	0.5483250	0.8287934	1.0000000	1.0000000	1.1232049	0.6456781	0.4301616
M	1.0405667	0.3395123	0.9309006	1.0385639	0.4643753	0.8282901	0.4548323	0.9683801	1.0000000	1.0000000	1.0335148	0.5155197	0.6113277
N	0.5502926	0.5450068	1.0730569	0.8973456	1.0638672	0.8501135	1.5115828	0.9187998	1.0000000	1.0000000	0.8031104	0.5722661	0.3355529
P	0.3402277	0.2452099	0.4648205	1.0721242	0.7705554	0.7517400	0.6071726	0.2848610	1.0000000	1.0000000	0.2761656	0.4664805	1.2032940
Q	1.4882369	1.0395734	3.0414496	1.4498498	0.8313866	0.9674833	1.4803773	1.1158574	1.0000000	1.0000000	0.9278861	1.9714363	0.3640574
R	0.6996071	0.5680187	0.6259675	0.7838184	0.8343013	0.7999896	1.3600849	1.7162948	1.0000000	1.0000000	2.2719247	0.9974592	0.3473083
S	1.9859701	0.5381588	1.2670118	1.1664642	1.8050890	1.6189778	1.5479917	1.0168947	1.0000000	1.0000000	0.7779330	1.2387747	0.7483352
T	0.6933931	0.4016711	0.6203014	0.7244006	1.1822486	1.0973976	0.9691306	0.5874519	1.0000000	1.0000000	1.3301028	2.0027821	0.5186859
V	0.4817568	0.2479322	0.6429208	0.4503075	0.5197211	0.8031407	0.8055283	0.8705385	1.0000000	1.0000000	1.1028547	0.8952688	0.7515786
W	0.3201336	0.3129263	0.3407627	0.3085493	0.3383812	0.3116976	1.2516524	0.8011790	1.0000000	1.0000000	0.8599982	0.3142528	0.3174137
Y	0.4973030	0.3286797	0.8088313	0.4751150	0.7866221	0.3478239	0.5094380	0.5152918	1.0000000	1.0000000	1.2596899	0.3592152	0.3889674
