##############
# B4601 PWM for 13-mers
#
# Copyright (2018) David Gfeller
##############
1.00000	23	2
A	1.2856891	2.0174622	0.7635075	0.9629207	1.0167776	0.9628117	0.9295612	0.6724316	1.3155524	1.3066126	0.9819996	1.2974652	0.6952286
C	0.6251387	0.7490418	0.5309025	0.8054784	0.9664533	0.9599531	0.8717158	0.8039490	0.9855714	0.9718063	0.8727743	0.6551934	0.4923161
D	0.4669244	0.5558194	0.4089167	1.1688622	1.3642874	1.3830797	2.6356365	2.0884226	0.6030875	0.8381770	1.1128567	1.4939624	0.3429235
E	0.5618807	0.5497229	0.4366557	1.9979115	1.0929399	0.9015861	1.7278870	1.3362803	0.5742090	0.5060711	1.5598103	1.1496765	0.3915440
F	1.9337074	0.5563262	3.8060402	0.9696753	0.8807210	0.5437756	0.5286038	1.1253453	1.2972292	1.8825201	0.5241064	0.4353740	4.8876008
G	0.9329405	2.2069492	0.4461972	3.4834146	1.7003376	1.7069486	1.3899610	1.9916546	2.8780790	1.6885503	2.4118845	0.7343214	0.4085608
H	0.6940400	0.4429561	0.7641625	0.6467179	0.4903356	0.5249706	0.6149617	1.2432536	0.4983383	0.4869245	0.6199545	0.5342352	2.0499195
I	0.8105626	1.0219787	1.0199713	0.3518251	0.6091364	1.1483025	0.4622366	0.4899815	0.5049112	0.6548304	0.5388989	0.6479568	0.7655950
K	0.8367296	0.6407118	0.9241601	1.1967501	0.6907130	0.9158304	1.0233320	0.6942006	1.1285108	0.6017452	0.9273462	0.7344159	0.4303448
L	1.3918278	1.1250276	1.1572412	0.3997927	0.7334546	1.1104614	0.7613015	0.6230253	0.7003831	1.2384088	0.6407071	0.5220600	1.3024101
M	1.4225932	0.8878190	0.9589834	0.5295553	1.1278495	0.8750804	0.6458925	0.6065668	1.1011521	0.8495811	0.6630420	0.6609608	0.9865813
N	0.5787334	0.6962343	0.8167505	0.7807297	0.7874863	1.4822419	1.2738855	1.1407198	0.7858647	0.6137974	1.1403594	1.5607710	0.4626943
P	0.2934285	0.3514482	0.6163792	0.6897742	1.4471510	0.3196414	0.7221853	1.4018789	0.7062540	1.7793992	0.3148427	1.4935267	0.2149802
Q	1.1445042	0.8458028	0.4828721	1.0959374	0.9313431	1.2138012	0.8044966	0.6755601	0.6293235	0.5048404	1.0930724	0.7024141	0.4324707
R	0.6343126	0.5617663	0.5728973	0.7184583	0.5910576	0.6685725	1.0107562	0.8771718	0.9787086	0.8120133	1.9296087	0.6236486	0.4666467
S	1.0576126	1.4935299	0.5368679	0.7700093	1.2371207	1.1759336	1.1773512	0.6859176	1.8816294	1.0782159	1.1179259	2.0019684	0.4777058
T	0.9112240	1.7117206	0.5644302	0.5747395	1.8570273	1.4099785	0.9273176	0.5752463	1.0268560	0.8898817	0.6858682	1.5979828	0.4836609
V	0.8798231	0.8296885	1.0318894	0.3965874	0.7510073	0.7750826	0.4808198	0.5921612	0.5381710	0.6292987	0.7884521	1.0452413	0.6564254
W	1.0387070	0.5074541	1.3488605	0.6753456	0.5012501	0.4880037	0.5323995	0.7321159	0.5652113	0.6700471	0.5659682	0.4276126	1.6471145
Y	3.5202588	0.5321368	4.9806461	1.6256084	0.5875281	0.5237450	1.0385862	2.2278155	0.6751481	1.3231952	1.0350578	0.5059683	6.3821876
