##############
# B4801 PWM for 13-mers
# Model trained on 12-mer peptides adding one non-specific position after P9.
# Copyright (2016) David Gfeller
##############
1.00000	117	0
A	0.7203310	0.9268098	1.0445679	1.7146455	0.9133577	0.7457629	1.0000000	1.0000000	1.0000000	1.0000000	1.4318926	2.0477739	0.3678827
C	0.5182092	0.2881415	0.7934130	0.5763956	0.5908634	0.3228598	1.0000000	1.0000000	1.0000000	1.0000000	0.3747460	0.4125694	0.4055717
D	0.3515500	0.5176251	0.5338069	1.0492833	0.3690863	1.4734326	1.0000000	1.0000000	1.0000000	1.0000000	0.8601218	0.4816666	0.1895891
E	0.5731065	1.7918613	0.5126226	1.4651580	0.5220265	0.6247350	1.0000000	1.0000000	1.0000000	1.0000000	0.5702137	0.6849182	0.2108931
F	1.6654333	0.3440778	1.5696027	0.9353773	0.9615930	0.8083087	1.0000000	1.0000000	1.0000000	1.0000000	0.9926995	0.8212982	2.8732488
G	1.0368777	0.4280443	0.4062881	1.7602534	1.3003555	1.4857913	1.0000000	1.0000000	1.0000000	1.0000000	0.6947742	0.7295084	0.1976936
H	0.8436960	1.2406277	1.3617973	0.7831501	1.2531491	1.4849113	1.0000000	1.0000000	1.0000000	1.0000000	0.9252989	0.5349585	0.2582632
I	0.5851927	0.6027569	0.8870564	0.7949369	1.7095321	0.7667510	1.0000000	1.0000000	1.0000000	1.0000000	1.1510370	1.3076264	1.6405141
K	1.1825917	1.1171499	0.6581958	1.1276396	0.6845771	0.8625703	1.0000000	1.0000000	1.0000000	1.0000000	0.8778786	0.5170738	0.2617942
L	0.7482237	0.4955324	0.9644987	0.7092299	0.9964349	0.7502135	1.0000000	1.0000000	1.0000000	1.0000000	0.8129340	1.0477459	5.0192135
M	1.4897224	3.4712722	1.5465243	1.1300455	0.5817124	0.8183756	1.0000000	1.0000000	1.0000000	1.0000000	1.2194065	1.0706689	2.3140448
N	0.5569429	0.5204500	1.2122774	1.0100177	0.6458454	0.8541791	1.0000000	1.0000000	1.0000000	1.0000000	0.8601921	0.5289146	0.2139808
P	0.2246725	0.7076020	0.8681370	0.5969367	1.4451155	1.1300773	1.0000000	1.0000000	1.0000000	1.0000000	1.1299635	2.0267084	0.1675396
Q	0.8608307	5.6745626	0.6290442	0.7220401	0.7392272	1.1089884	1.0000000	1.0000000	1.0000000	1.0000000	0.9654862	0.7374972	0.2620959
R	3.7892415	1.5142747	1.1650586	0.5305718	1.1655444	1.0392995	1.0000000	1.0000000	1.0000000	1.0000000	0.5845719	0.4551540	0.2735703
S	0.7951498	0.5085101	0.4721194	0.7919349	1.2076252	1.3650039	1.0000000	1.0000000	1.0000000	1.0000000	1.0608421	1.3643475	0.2489361
T	0.4364546	0.4812857	0.4354853	0.8821888	1.0667514	1.0706386	1.0000000	1.0000000	1.0000000	1.0000000	1.0871152	1.4391762	0.4000782
V	0.5017132	0.6563151	1.1003850	0.4995066	1.0096674	0.8439007	1.0000000	1.0000000	1.0000000	1.0000000	1.5407826	0.9677585	0.9756462
W	4.7014036	0.3113615	7.5689301	1.7708986	2.6883888	2.2241050	1.0000000	1.0000000	1.0000000	1.0000000	2.7153102	0.3203647	0.4385099
Y	2.2292971	0.4510147	3.1049231	1.2676204	0.8371273	1.1309755	1.0000000	1.0000000	1.0000000	1.0000000	1.3215703	0.9175543	0.6893273
