##############
# B4901 PWM for 13-mers
# Model trained on 12-mer peptides adding one non-specific position after P9.
# Copyright (2021) David Gfeller
##############
1.00000	42
A	2.1171819	0.6080820	0.9808933	0.9921117	1.1876818	0.7931979	1.0862267	1.0331438	1.2469316	1.0000000	1.1112395	0.9260437	0.9903300
C	0.8717957	0.3894657	0.6624912	0.7044675	0.7762712	0.6989064	0.7425986	0.7852935	0.7598934	1.0000000	0.7939288	0.4997509	0.5843177
D	0.5271996	1.3720580	0.6420983	2.1351530	0.7297824	0.9923635	1.2539551	0.8284603	0.7224372	1.0000000	0.5723804	0.5121615	0.3528694
E	0.5949009	6.6495209	0.7531234	1.5179989	0.6536925	0.8253205	1.1540650	1.0548088	0.6857266	1.0000000	0.8519935	0.7091608	0.5099283
F	0.4202820	0.3502071	3.1075006	0.7186591	0.4523663	1.7607149	0.4340355	0.5821031	1.0107841	1.0000000	0.5554418	0.9514863	0.7380990
G	1.9058069	0.4036585	0.3906158	1.8169487	1.7936648	2.7022545	2.3768075	1.4800745	1.8105826	1.0000000	0.6604335	0.8292609	0.3432887
H	0.5084971	0.7881299	1.0744818	0.5321280	0.8497383	0.9297639	0.9152072	0.5724302	0.8919263	1.0000000	0.9215712	1.3643035	0.3328364
I	0.6254099	0.3445092	1.8743461	0.8192888	1.0175624	0.5434451	0.5749535	0.8981224	1.2501397	1.0000000	1.3423966	1.1248141	3.7126321
K	1.5370275	1.0110038	0.6529416	0.7593851	0.6949579	0.9075716	0.9303103	1.2115942	1.0341509	1.0000000	0.9494520	1.1970408	0.8350865
L	0.5081003	0.4397979	0.9078640	0.8088140	0.6604281	0.6680074	0.7320380	0.9198124	0.6945709	1.0000000	1.1656112	0.9411622	1.2231670
M	0.8829778	0.4855248	0.8308795	1.1776199	0.9093484	0.5860373	0.5904265	0.6995475	0.6701185	1.0000000	0.8391209	0.7860827	1.0833268
N	0.6752547	0.7631422	0.7013163	0.9483817	0.8196275	1.1425499	0.9717663	0.7373316	0.8216129	1.0000000	1.4714765	0.6589324	0.3760431
P	0.3977732	0.4072985	0.5422992	1.6573140	2.9093155	0.8393493	0.8766822	0.6416443	1.6480352	1.0000000	0.5961025	0.3556820	0.2841954
Q	0.8581295	1.3512759	0.8854039	0.8436972	0.7167188	0.7808404	0.6522949	1.0621534	0.9597601	1.0000000	1.2038013	1.0196755	0.4283922
R	1.3736469	0.7383239	0.6430521	0.5071666	0.4687311	1.0650234	0.9030596	0.6262953	0.9077267	1.0000000	1.1199222	0.9811077	0.4241550
S	1.2683655	0.7025181	0.5239261	0.8743041	1.0958413	0.8934708	1.2821447	1.9548157	0.7573231	1.0000000	0.8970851	1.0608890	0.5738499
T	1.3279862	0.5786771	0.7162155	0.6096404	0.8346066	1.1956916	1.2793381	1.2451713	0.7805828	1.0000000	1.3017600	2.2167358	0.6984241
V	0.9933738	0.4144405	1.1718308	0.5993748	1.3635549	0.6350602	0.7853469	0.7944516	1.2039192	1.0000000	1.6404798	1.3750872	3.2000467
W	0.3672653	0.3693958	0.7968951	0.3539426	0.3244156	0.4467690	0.3559856	0.4374224	0.3825735	1.0000000	0.3762469	0.5130140	1.4865639
Y	0.4710973	0.4697538	3.6200460	0.4810791	0.4750540	0.6916623	0.4639493	1.1725469	0.5839701	1.0000000	0.5457805	1.6375077	0.5944231
