##############
# B5001 PWM for 13-mers
# Model trained on 12-mer peptides adding one non-specific position after P9.
# Copyright (2016) David Gfeller
##############
1.00000	62	0
A	2.3701653	0.5975817	0.8745437	1.1014456	1.5231918	0.9646277	0.9403588	0.8546339	1.0000000	1.0000000	1.3525993	1.5709911	5.1482589
C	0.9179864	0.3986711	0.6996859	0.7802230	0.8214701	0.8139821	0.8063733	0.8223759	1.0000000	1.0000000	0.9138151	0.5530343	0.7414118
D	0.4564937	1.2887207	0.8482468	1.5655362	1.3099107	0.8616953	1.0585071	0.7110692	1.0000000	1.0000000	0.5337543	0.6989931	0.4286711
E	0.6530504	7.2571297	0.6515776	2.3293966	0.8743388	0.9873073	1.1221574	1.1936228	1.0000000	1.0000000	0.6102457	0.9313068	0.4894233
F	0.7867883	0.2902476	2.6085329	0.5624250	1.9486280	1.3914408	0.8118305	1.0059028	1.0000000	1.0000000	0.4815334	0.4171022	0.4385146
G	1.5123627	0.4356016	0.3901509	1.0211745	1.7759832	1.8991482	1.5955606	2.0147866	1.0000000	1.0000000	1.0193925	1.1875795	0.8388098
H	0.5372672	0.6653445	1.6465956	0.8057505	0.4803100	0.7634187	1.5407928	0.4393014	1.0000000	1.0000000	0.6997088	0.9832333	0.6640318
I	0.5438595	0.2516314	1.7253841	0.4169084	0.6659751	0.7123950	0.6842173	0.9083683	1.0000000	1.0000000	1.1479902	0.7923776	0.5181683
K	1.8093848	1.0866490	0.6187102	0.9419525	0.8463505	0.8298668	1.7210476	1.2784647	1.0000000	1.0000000	1.0588055	1.1220534	0.5752732
L	0.6576985	0.3018917	1.0484662	0.6324409	0.8165453	0.6412887	0.7659078	0.9861827	1.0000000	1.0000000	1.1240848	0.7471876	0.7935904
M	1.3252250	0.4412482	1.0628854	0.7960529	0.8800455	0.8499943	0.6234501	0.9361016	1.0000000	1.0000000	0.7717651	0.6833122	0.6435156
N	0.5497667	0.7183061	0.4723007	1.7020111	1.2658553	0.8256163	1.1652081	0.7659798	1.0000000	1.0000000	1.5910802	0.6365362	0.4619059
P	0.4474410	0.4810999	0.3752367	1.0856364	0.4155113	0.5828814	0.7502115	0.7367184	1.0000000	1.0000000	0.5941365	0.7729770	1.1379111
Q	0.7880601	1.3933996	0.6202605	1.3508048	1.0022127	1.0597077	0.6462955	1.2012967	1.0000000	1.0000000	0.7066485	1.5295500	0.4953352
R	2.0036149	0.7685665	1.0452161	0.7802802	1.2686219	1.8801412	0.9737203	0.9066310	1.0000000	1.0000000	1.1680575	1.0740833	0.6172130
S	0.8216198	0.7085649	0.5757127	1.1943801	0.9456290	1.6142512	1.2390852	1.1164486	1.0000000	1.0000000	1.5532512	1.6027106	0.9775461
T	0.5752851	0.5309454	0.5031662	0.7297355	0.5652396	0.9714085	0.9530859	1.0533898	1.0000000	1.0000000	1.0422795	1.2719850	0.9078083
V	0.5308418	0.3206159	0.9211826	0.5826523	0.5937054	0.5786406	0.8081346	0.8045957	1.0000000	1.0000000	1.3103472	1.2179220	0.6709601
W	0.6191006	0.4086601	0.9029632	1.3678946	1.4915635	0.5321794	0.4587852	1.4064549	1.0000000	1.0000000	0.4128911	0.4117132	0.4279205
Y	2.2416736	0.4310255	4.1018714	0.4958128	0.9392880	1.1014614	0.8084068	0.5519840	1.0000000	1.0000000	0.4845401	0.4939560	0.7253121
