##############
# B5101 PWM for 13-mers
#
# Copyright (2018) David Gfeller
##############
1.00000	39	2
A	0.5918709	3.2017462	0.7236097	1.1229091	0.6474313	1.1871282	0.6156949	0.8880363	0.9015011	0.7862591	0.7757500	0.9636972	0.7411176
C	1.1683103	0.6969999	0.6626951	1.0781757	1.0499079	1.1130392	1.0105425	1.0466624	1.0607962	1.0505361	1.0352506	1.2263667	0.6286666
D	0.8990690	0.5016957	0.4029773	1.0034195	1.1897205	1.1865126	0.8570343	0.7890190	0.5699894	1.2018212	1.0502790	0.5788993	0.3191141
E	0.7140108	0.5289132	0.4664991	0.8211537	0.6459648	0.6565729	1.3197023	1.0032774	0.7791674	0.7167201	0.8946898	0.7220466	0.3309603
F	1.8833812	0.3706402	2.6533889	1.3078296	1.3473133	0.8902561	0.8016002	1.1643541	1.4411785	0.6331979	1.3337301	0.8402720	3.4682287
G	0.6297782	0.7910880	0.4184371	2.3734805	1.8309367	1.4434395	0.7004297	0.7251171	1.1961560	0.9473722	0.9811640	0.7696954	0.3761224
H	1.2038113	0.4011845	0.6149468	0.8359453	0.4347531	0.4677680	1.2547550	1.2729454	1.2700092	0.8884397	0.8768380	1.6324894	0.3542226
I	1.8987213	0.6109665	1.3480709	0.8287055	1.0936728	1.1861704	0.6830589	0.9124693	1.2315179	1.0336549	0.9162923	1.0967303	1.9064374
K	0.4643259	0.6140451	0.8125066	0.6190178	0.6977551	0.7170714	1.1531247	0.9264273	0.5829702	0.7607306	1.3517094	1.1141629	0.5388365
L	1.8628389	0.4797373	1.3640563	0.9765516	1.1870977	1.0046574	1.3877888	1.1278332	0.9647661	0.9301951	1.0214714	0.9629339	1.7027181
M	1.7228141	0.5759270	1.2938405	0.7390742	1.1229044	1.4014742	0.8316809	0.8086229	0.7878145	1.0544805	0.7867835	0.8288508	1.7797817
N	0.9586111	0.5181242	0.6972569	0.8935103	1.2742290	1.0621538	1.2975736	1.0432511	1.4935100	1.0635851	1.5514519	1.3479164	0.3695422
P	0.2297301	3.8827529	0.7066502	0.7381468	1.4025821	1.2027467	1.6547272	1.6557645	1.4145445	2.3496218	0.9630480	0.5222264	0.4480710
Q	0.4664814	0.5095529	1.0767411	0.7462260	0.6919621	0.5239924	0.8794043	0.9944587	0.7291809	0.9434313	1.0084832	1.0205782	0.3649880
R	0.4480650	0.4837408	0.5472118	0.9188603	0.7028841	0.7111106	1.2724317	0.8054436	0.7153282	0.7499880	0.6834663	1.0712876	0.4111733
S	0.6316930	1.2929403	0.6562128	1.2914068	0.5989536	0.8246780	0.6209695	0.7567161	0.8849114	0.7565743	0.8848405	1.1058209	0.5896163
T	0.7452691	0.7374019	0.7416401	0.6494651	0.7360528	1.1021596	0.7388638	0.7591745	0.7749321	0.7735463	0.6303818	1.4626168	0.7632027
V	1.2822072	0.7284933	1.2261284	0.7980463	1.0846516	1.0517560	0.8740804	0.9426293	0.9104935	1.0624492	1.0226875	1.2270229	1.9580786
W	0.6813608	0.3559731	0.9869389	1.9275990	1.9104155	0.5518810	1.8766695	1.9863957	2.0108253	0.5442209	3.3271256	0.5359111	2.1624415
Y	1.5162260	0.4541548	3.7419244	0.6840025	0.6636656	1.2468950	0.6418916	1.4042002	1.4473172	1.5725721	0.7482468	1.0078384	1.1214261
