##############
# B5201 PWM for 13-mers
# Model trained on 12-mer peptides adding one non-specific position after P9.
# Copyright (2016) David Gfeller
##############
1.00000	178	0
A	0.9567426	0.5417130	0.4456713	0.9052326	0.7841056	0.6635515	1.0000000	1.0000000	1.0000000	1.0000000	0.5210653	0.9748183	0.5436175
C	0.8174089	0.4194518	0.5713741	0.7563224	0.7635680	0.7601198	1.0000000	1.0000000	1.0000000	1.0000000	0.7590286	0.3881214	0.4693407
D	0.3986736	0.4424348	0.5016216	0.9262316	0.3272392	0.7328747	1.0000000	1.0000000	1.0000000	1.0000000	0.7214831	0.4325688	0.1822120
E	1.0443246	0.7940141	0.3350286	1.0495196	0.3795678	1.0728301	1.0000000	1.0000000	1.0000000	1.0000000	1.0873175	0.9077774	0.1884518
F	0.4655289	0.5682199	2.1168377	0.6567284	4.5724654	1.0992400	1.0000000	1.0000000	1.0000000	1.0000000	0.3500215	0.3931021	0.5692172
G	1.5084493	0.4873216	0.2772318	0.9754968	0.8504449	1.0324603	1.0000000	1.0000000	1.0000000	1.0000000	0.5370578	0.4571449	0.2044305
H	3.7952675	0.4648526	2.1976693	0.3006643	0.7916008	0.8024837	1.0000000	1.0000000	1.0000000	1.0000000	1.8182928	0.7081399	0.1616140
I	0.9192271	0.2743790	0.9294257	0.9740245	1.7513868	1.3735000	1.0000000	1.0000000	1.0000000	1.0000000	1.1419738	0.5546564	3.8446411
K	0.5392835	0.7026211	1.3220236	1.4284348	0.4788944	0.8058153	1.0000000	1.0000000	1.0000000	1.0000000	0.7542216	1.1467280	0.2331602
L	0.6284987	0.4402583	0.7162875	1.1425237	1.2119248	1.0029094	1.0000000	1.0000000	1.0000000	1.0000000	0.8487768	0.5046276	1.1013156
M	0.8684296	1.8257226	0.7642222	0.7693328	1.1475283	0.7870029	1.0000000	1.0000000	1.0000000	1.0000000	0.9053747	0.5941934	1.7300972
N	1.4037808	0.5144084	1.0890855	0.5588461	0.6904596	1.3585337	1.0000000	1.0000000	1.0000000	1.0000000	2.9792744	1.6968154	0.1983541
P	0.1836502	0.3371617	0.2241852	1.8433602	0.4751883	0.9737972	1.0000000	1.0000000	1.0000000	1.0000000	0.5771518	0.2149757	0.1389845
Q	1.8652896	11.0962394	0.5519580	1.5345953	1.0830804	1.3557306	1.0000000	1.0000000	1.0000000	1.0000000	1.2175024	1.4230461	0.2180107
R	0.5428890	0.6574834	2.0812139	0.7055798	0.5787443	0.8005661	1.0000000	1.0000000	1.0000000	1.0000000	0.6117990	0.8764247	0.2221509
S	1.0801401	1.0845406	0.4127871	0.9133028	0.3390366	0.8615696	1.0000000	1.0000000	1.0000000	1.0000000	0.8759610	1.7554313	0.2730633
T	1.1351915	1.2247710	0.7119621	1.2545921	0.6564010	1.6178188	1.0000000	1.0000000	1.0000000	1.0000000	1.4617299	4.0906132	0.4486263
V	1.2276313	0.3055424	0.9407576	0.8797258	1.2033705	1.0483336	1.0000000	1.0000000	1.0000000	1.0000000	1.6936842	1.1311422	5.0868322
W	0.3674439	0.3207197	0.6708092	0.2980691	0.5088691	0.3268381	1.0000000	1.0000000	1.0000000	1.0000000	0.3061325	0.3141743	0.3043546
Y	1.5037973	0.3894706	6.3418826	0.5776104	1.6454481	0.6351359	1.0000000	1.0000000	1.0000000	1.0000000	0.7279648	0.7041830	0.3803265
