##############
# B5401 PWM for 13-mers
#
# Copyright (2018) David Gfeller
##############
1.00000	24	2
A	0.6712735	1.6596565	1.3745643	1.1458179	1.5735911	1.0228415	1.2158555	1.5158769	1.1849445	1.4003972	1.0387078	1.4247131	4.2643262
C	2.0330798	0.7032789	0.8522027	1.3141486	1.3199113	1.2514789	1.3317970	1.3082058	1.2197839	1.3357588	1.3791594	1.2657626	1.0260415
D	0.4283335	0.5600816	0.4320387	0.8684000	0.8891802	1.6677004	0.5819561	0.5664934	0.6925735	0.9209451	0.4441215	0.6190883	0.4875457
E	0.4256271	0.5340554	0.5062417	0.7335656	0.5504655	1.1220516	0.7708275	0.7803955	1.1636518	0.5729890	0.6845963	0.8334429	0.5551392
F	2.8526995	0.3846638	2.8533024	0.9447197	0.4425558	0.9398792	0.5159150	0.6742339	0.4101743	0.9081653	1.5154857	0.4557905	0.4655542
G	0.4686609	1.0297885	0.9089157	2.2873015	2.0679977	2.3526286	2.3298933	2.0153601	2.3659642	2.4025050	0.4582621	1.3551041	0.9837798
H	1.1062080	0.4342836	1.1192678	0.4254786	0.4294331	0.5556070	1.0130954	1.6744888	1.1150479	0.4828191	0.4049645	0.4695018	0.4201327
I	0.9953089	0.5853072	0.9691585	0.9269103	0.5174799	0.5495482	0.7485103	0.6428766	0.4386408	0.6435158	2.0518051	0.8078175	0.7468450
K	0.5060879	0.6280427	0.9679838	0.5870478	0.6158710	0.6967617	0.8512909	0.6855424	1.2117351	0.6306854	0.5501046	0.7032043	0.6392599
L	1.4644127	0.4469221	1.3870859	1.2414968	0.9118176	0.7973494	0.9246562	0.8520582	0.4357471	0.9264683	1.6440439	0.7237298	0.6304142
M	4.5759298	0.5304663	1.0041144	0.8789815	0.6795723	0.7056873	1.1971981	0.7566278	0.6060633	1.5665162	1.6037543	0.7403439	0.7412657
N	0.8396918	0.8815304	0.5277093	0.6306377	0.6651753	0.8270860	0.6957245	0.6812985	0.7674302	1.0534046	0.4659267	0.6965304	0.5069867
P	0.2442725	5.3697031	0.2715735	1.3541331	3.1503771	0.6730700	1.0252292	1.0221364	1.3894026	1.0238612	0.6205524	2.1127541	1.1204979
Q	0.5254926	0.5075977	0.7988687	0.7956600	0.5238261	1.1898703	0.8796019	0.8881636	1.8188758	0.8329778	1.0352014	1.1552089	0.5506042
R	0.5193054	0.4925202	0.6140587	0.5107211	0.5030580	0.6010872	0.6130156	0.8832465	0.7795062	0.5549643	0.5099258	0.5995540	0.5234157
S	0.9122197	0.9703480	0.8163545	0.9087378	1.4715882	1.4553916	1.1544386	1.1298686	1.1587781	1.4883350	0.6269153	1.5455907	1.1286327
T	0.8733204	0.6861140	0.6213830	1.0957767	0.7470976	0.9443847	1.3691690	0.9091281	0.9055819	0.9799823	1.1073016	1.4573257	0.8177502
V	0.9678326	0.5350922	0.8971871	0.9932069	0.5491523	0.6688632	1.0754749	0.8846420	0.6058473	0.7591892	1.5748253	0.9565387	1.2542072
W	0.9223976	2.5414643	3.0826477	0.5083061	0.4009989	0.5806760	0.4872724	0.6452029	2.6205809	0.5150796	0.5963621	0.4369141	0.4547605
Y	2.0914511	0.5074218	2.1741033	0.5884486	0.4595270	1.0856291	0.5594566	1.6412871	0.5980714	0.5894355	0.7717762	0.5086107	0.5316395
