##############
# B5601 PWM for 13-mers
# Model trained on 12-mer peptides adding one non-specific position after P9.
# Copyright (2021) David Gfeller
##############
1.00000	61
A	1.9062591	0.5805583	0.9266827	1.0536156	0.9467345	1.4032394	1.3888813	1.5106775	1.0580641	1.0000000	1.3252741	2.4183813	4.6407361
C	0.8847740	0.4778755	0.6836074	0.6702210	0.7760425	0.7580427	0.7535861	0.7579411	0.7327186	1.0000000	0.7945346	0.5293893	0.6277324
D	0.4397209	0.4348714	0.5282897	1.6879529	0.7013858	0.7887278	0.5105026	0.7188316	1.2517345	1.0000000	0.4785904	1.0143411	0.4029797
E	0.5170327	0.4436461	0.4244521	1.0771501	0.4292454	0.7305474	0.7267363	0.9818584	0.6431365	1.0000000	0.6869838	0.7985572	0.4704424
F	0.7196610	0.2841420	1.0654833	0.3856556	0.8149388	0.7197146	0.5970193	0.5825364	0.4847361	1.0000000	0.5632623	0.4273589	1.2880791
G	0.5071703	0.3817218	1.0431569	1.9763194	1.0750490	1.2704324	1.9747285	2.0308276	1.6537961	1.0000000	0.7138138	1.1681161	0.7095805
H	0.4512686	0.6686681	1.3568910	1.4349922	1.3265038	0.4692139	0.4565118	0.4805437	0.7658448	1.0000000	0.7487997	0.7789268	0.4410427
I	1.2563204	0.4354698	1.2159496	0.4861743	1.6471500	1.0040608	0.6712109	0.5741949	1.1092727	1.0000000	1.7007589	0.8652541	0.6756152
K	1.1650361	0.5096599	0.7932079	0.9332065	0.7051609	0.9017131	1.0292653	0.8460068	0.8000363	1.0000000	0.6385099	0.7084627	0.5485660
L	1.1167289	0.4937086	1.5144729	0.4223210	1.6165626	1.3670590	0.6871638	0.6366856	0.9152939	1.0000000	1.0486341	0.6548926	0.7013101
M	1.4644310	0.4045410	1.0721568	0.4599689	1.0828371	0.7325111	0.7981221	0.5359495	0.8798055	1.0000000	0.9937392	0.6098765	0.6389789
N	0.5491548	0.4136034	0.6516193	1.3708003	0.4842206	0.8795230	0.7606377	0.8137884	0.9304492	1.0000000	1.1683927	0.6362890	0.4473055
P	0.3424936	10.8310223	0.6478187	2.1957969	1.8262462	1.6235548	2.2033333	1.8675497	1.6143142	1.0000000	1.4289032	0.9685167	0.5770505
Q	0.8800107	0.4102697	0.5034668	1.3663950	0.6109141	0.9937963	0.8610216	0.8941826	0.9870434	1.0000000	0.9593244	0.8874828	0.4856339
R	1.3619464	0.3624092	1.6800158	0.5381067	0.7069439	0.9045762	0.9210465	0.9170917	1.0191886	1.0000000	0.5910291	0.6300544	0.6967146
S	1.5499896	0.5131956	0.5848365	0.9217064	0.6919503	0.9650230	1.2070067	1.5210652	0.8574101	1.0000000	0.9601756	1.8857226	0.9577321
T	1.0737116	0.5316986	0.6876570	0.8131307	0.8174811	0.8444563	1.2274610	1.2632222	0.8327684	1.0000000	1.1249432	1.0000802	0.8030453
V	1.4501556	0.5925162	1.9466302	0.4395421	1.4086802	0.8747408	0.8485093	0.5439915	1.2051832	1.0000000	1.6743320	1.1618180	1.0533768
W	0.3673867	0.1814907	0.4506366	1.1181370	0.3784646	0.3657075	0.3274042	0.3283081	0.3452523	1.0000000	1.1511260	0.3275793	1.2101396
Y	0.5212851	0.3695149	1.3572255	0.7177844	0.8122369	0.7343683	0.4493201	0.4430322	0.7022133	1.0000000	0.7663545	0.4634107	0.8643638
