##############
# B5701 PWM for 13-mers
#
# Copyright (2018) David Gfeller
##############
1.00000	568	2
A	1.3832217	2.1561817	0.7741941	0.6276058	1.0924417	0.9055710	0.8350488	0.9991089	0.8656472	1.1510967	0.6083002	0.7532683	0.1215415
C	0.3514531	0.4129804	0.4533087	0.4978676	0.5209073	0.5137740	0.5063071	0.5101926	0.5060340	0.5229921	0.5076761	0.5487995	0.2956517
D	0.2459374	0.3017769	0.3002790	1.4776662	1.4979384	1.2886986	2.3655120	1.4286254	1.3185543	0.7112890	0.7470030	0.3633981	0.0810976
E	0.3347360	0.2483565	0.2823198	1.4715498	1.3236706	1.2515505	1.0347626	1.1765498	1.3449447	0.8648929	0.9608576	0.7993033	0.0978095
F	0.6050667	0.1820881	2.9216315	0.4028245	0.5380982	0.5526912	0.5278927	0.5585886	0.6579975	0.8989024	1.2681580	0.9508335	3.2789721
G	0.5856298	0.7449191	0.6353285	1.7487225	1.2896087	1.3020226	1.5007774	2.2558918	1.9377466	1.1753171	0.7031448	0.6480119	0.1475232
H	1.4453277	0.1382107	0.4462715	1.0989965	0.8483655	0.7554199	0.7502247	0.4454911	0.8146939	0.6960269	1.4635290	0.5997187	0.1494839
I	1.1684291	0.4897137	1.6015580	0.4957707	0.7348154	0.8837387	0.6937626	0.7986136	0.5001017	1.3151225	0.6872558	0.8211605	0.2754983
K	2.9991902	0.2031052	1.2063334	0.8650722	0.4390702	0.8042696	0.7347062	0.7749846	1.1380127	0.6471852	0.8364522	0.8231664	0.2245112
L	0.7652932	0.3898507	1.8880878	0.4475996	0.9555009	1.0574308	0.9847029	1.0503514	0.7399259	1.4282262	1.2046655	2.0784997	0.4583730
M	1.1605089	0.4695654	1.0502446	0.4918214	0.7197814	0.7830869	0.4671713	0.7134168	0.5196308	0.9420260	1.1135636	1.0308988	0.4550020
N	0.4327430	0.3433111	0.4231828	0.9297515	0.8533822	0.6498018	1.0640484	0.9125155	1.5064993	1.2575909	0.9766892	0.6884734	0.0992332
P	0.2172260	0.2373716	0.1260150	2.5823749	1.2935360	0.9621368	1.1118772	1.2084707	0.7712065	0.8105212	0.3867337	0.0874269	0.0391693
Q	1.0036291	0.3262393	0.6918470	1.0209326	0.7245846	1.1164722	1.0441838	1.0377011	1.5309295	1.2432093	1.9165786	1.9542529	0.1032297
R	2.6605850	0.2348998	0.8683299	0.6820314	0.3490078	0.5627862	0.7309351	0.5552033	0.7286170	0.4951007	1.9349008	0.6819921	0.1784699
S	0.7712372	4.8054227	0.8019203	1.5937413	1.9688922	2.0440906	1.2666748	1.1472836	1.2140699	0.9996231	1.1822868	1.2991134	0.1303044
T	0.7779962	4.2767320	0.6090615	1.0438344	1.0331869	0.9466106	1.2244355	1.0632021	1.2340383	0.9647181	0.7800093	1.9065251	0.1461786
V	1.1869029	1.1018049	1.0532101	0.5964197	1.0994489	0.7469636	0.7888118	0.7766320	0.7443857	1.0789005	1.1028186	0.9848769	0.1546340
W	0.4633386	0.2939899	3.6956974	0.4375149	0.7555689	0.3211187	0.4502746	0.5969291	0.6073097	1.0696671	1.3859198	1.3818948	62.0714447
Y	0.6835183	0.2574336	1.7576628	0.5050079	0.7642797	1.4910626	0.7052827	0.4589839	0.6187470	0.8809112	1.0072747	1.2305274	1.9496987
