##############
# B5703 PWM for 13-mers
#
# Copyright (2021) David Gfeller
##############
1.00000	85
A	1.1848347	1.5110348	0.6580057	0.7047244	1.4506781	1.1499883	0.8650624	0.9645128	0.8825266	0.8217698	0.8738209	0.7915836	0.3585530
C	0.4650084	0.5186820	0.4976065	0.5171519	0.5995380	0.5677258	0.5671796	0.5589598	0.5246233	0.5708256	0.6059887	0.5073372	0.4355034
D	0.4440042	0.6395759	0.4114728	1.4499576	1.2295495	1.1158738	1.8250145	1.5813756	1.1744308	1.0779054	0.5193420	0.7354372	0.2267559
E	0.5793550	0.4981915	0.4104587	1.8258920	1.1253466	1.2014338	0.8925763	0.7460431	1.2431797	0.7394907	0.5068965	1.0324390	0.2459523
F	0.5775121	0.7095637	3.5884981	0.4901554	0.7849140	1.0744391	0.6046667	0.5209900	0.8604708	0.8833475	1.8568034	0.8878112	6.2652286
G	0.7244887	0.7465723	0.4973123	0.9249751	0.8611695	1.5608449	1.6573182	2.9061051	2.5020556	1.1193265	0.4623761	1.1146527	0.3686910
H	1.1994142	0.6580347	0.4472068	0.9548496	0.6889543	0.7016734	0.9210038	0.4171910	0.7458933	0.4843498	0.9114808	0.7441837	0.4406142
I	1.0404344	0.6294873	2.1325270	0.6126667	0.9797953	0.8764029	1.0355668	0.9943612	0.4077356	1.1034565	1.4022702	0.9054015	1.2585438
K	3.3213936	0.6225493	0.7166954	0.7885316	0.9478840	0.7857972	0.7707070	0.8389310	1.2543125	1.0115591	0.6468120	0.7437161	0.2670888
L	0.5978797	0.4555180	1.6654966	0.5568388	0.7513294	0.8334960	0.7837754	0.5949148	0.4059100	0.9894879	1.6460516	1.1747481	1.2233350
M	0.7696731	0.5585128	1.0479307	0.6670196	1.1680242	1.1453973	0.9620777	0.6844252	0.4418470	1.8071517	1.3986179	0.8630566	1.3375107
N	0.5786459	0.8259188	0.3521451	1.0018685	0.9509601	0.9635020	0.8767766	1.1480425	1.4297990	1.4613937	1.2492176	0.9724465	0.2789324
P	0.3173261	0.3615248	0.2136899	3.4671918	1.4525677	1.4306873	1.2969986	1.4295941	1.1531262	1.2815619	0.5386613	0.2940151	0.1539267
Q	0.8248416	0.5151091	0.4850002	1.2455283	0.6549462	0.9060374	1.1401723	0.6017906	1.0768911	0.8760092	1.0805579	1.4297183	0.2613699
R	2.3981645	0.4573148	0.5808303	0.8107922	0.4615191	0.5589235	0.4457236	0.5298419	0.6295397	0.4679555	0.7517900	0.9158936	0.2790948
S	0.8008662	3.3070984	0.5214314	1.0810453	1.3251219	1.2327002	1.0107544	1.0323508	1.1147678	0.7619658	0.8467292	1.1211460	0.3616701
T	1.0371330	3.1655777	0.6622512	0.7484322	0.7967676	0.8555517	1.1450958	1.1269195	0.9330697	1.1323793	0.8464949	2.1331803	0.3799688
V	0.8776643	1.2974136	1.1625739	0.6755281	1.2140241	0.7102882	1.1129820	0.7588156	0.6316463	1.0898199	1.5890224	0.9320311	0.8090833
W	0.3558910	0.3252936	4.2239332	0.2742437	1.5632709	0.9642452	0.3339116	0.2947608	0.9617274	1.6192515	1.6438561	0.4321194	15.2113210
Y	0.8833427	0.4728668	2.5184539	0.4186596	0.8968398	0.9046896	0.8413222	0.3779239	1.0572185	1.5069416	1.0754730	1.6961839	2.4920139
