##############
# B5802 PWM for 13-mers
# Model trained on 12-mer peptides adding one non-specific position after P9.
# Copyright (2021) David Gfeller
##############
1.00000	120
A	0.7497847	1.3050866	0.5782969	0.8988509	1.5207545	0.6743896	1.6709426	0.8233607	1.0000000	1.0000000	0.4680488	0.5890691	0.4218465
C	0.2713431	0.6756894	0.5521934	0.6330954	0.6825195	0.6415891	0.7229321	0.6955074	1.0000000	1.0000000	0.6294380	0.8255912	0.4567319
D	0.4224733	0.4919279	0.7497208	1.2769675	1.0813259	1.0406667	0.9535269	0.7494179	1.0000000	1.0000000	0.3509063	0.3914808	0.1964425
E	0.6554865	0.4659411	0.4013890	0.9006744	1.8492135	1.1354649	0.7040524	1.2239400	1.0000000	1.0000000	0.5359027	0.6637920	0.2037429
F	0.4349915	0.3588734	2.6283828	0.4318888	0.9314142	0.3937767	0.5812307	1.1275304	1.0000000	1.0000000	2.4812914	1.2481799	2.9399576
G	0.5087091	0.5918827	0.3318292	0.8345193	0.8052573	0.9942899	1.1680523	0.6909870	1.0000000	1.0000000	0.2873864	0.5558828	0.2008670
H	0.8373853	0.3949193	0.4358941	0.3985302	1.0233299	4.1127464	0.7448122	0.9156509	1.0000000	1.0000000	1.3598618	1.5455707	0.3062370
I	0.8147524	0.6370301	1.2760717	0.5935374	0.6177798	0.8558756	1.2126027	1.6795131	1.0000000	1.0000000	1.0339067	0.9098664	3.8082519
K	4.8034117	0.5003285	1.6954387	0.9555062	0.8733143	1.0645764	0.7124405	0.8442597	1.0000000	1.0000000	0.9034666	1.2194162	0.2496158
L	0.4328848	0.5269305	1.6166693	0.5681573	0.8295207	0.6627882	1.2969006	1.4420550	1.0000000	1.0000000	1.3030805	1.5405518	3.0400283
M	0.7994284	0.6598563	1.1699751	0.4115355	0.6693485	0.6438974	0.7808124	1.0075361	1.0000000	1.0000000	1.3006560	0.6611731	1.0047039
N	0.5451019	0.6611310	1.2941077	0.6960221	0.9544785	0.9980878	0.8860397	0.4096504	1.0000000	1.0000000	0.7483808	0.8964643	0.2233508
P	0.2875720	0.3338258	0.2350340	5.0494593	0.6085794	1.4623014	0.4789384	0.5595530	1.0000000	1.0000000	0.6502137	0.2484074	0.1671581
Q	0.9319885	0.4805143	0.5403542	0.8908599	0.8606065	1.0505004	1.0445478	0.5434202	1.0000000	1.0000000	2.3656189	1.7361991	0.2388938
R	3.3834094	0.4153382	0.7258434	1.2684085	0.7011984	0.6410905	0.3911556	0.7209024	1.0000000	1.0000000	2.7612339	1.2495977	0.2442864
S	0.6764950	5.4130940	1.4138717	1.0385785	1.7760809	1.2489686	1.4237114	0.7913290	1.0000000	1.0000000	0.5183957	0.9100368	0.2516322
T	0.6330960	2.2442307	0.7435528	0.5652639	0.6260870	1.2888605	0.8571050	0.9586577	1.0000000	1.0000000	0.5177083	1.7518349	0.4056962
V	0.6777378	1.0160543	0.8006007	0.5884300	0.7896886	0.7049412	1.4146923	1.8569034	1.0000000	1.0000000	1.0410118	1.0043465	1.1818504
W	0.2940719	0.2734678	1.3599235	0.2426946	0.8148196	0.7597266	0.3147109	1.2626296	1.0000000	1.0000000	0.8436968	0.3942084	2.7493713
Y	0.5627203	0.3799237	1.7541587	0.6582365	1.4163653	0.8284433	0.8780163	1.1289510	1.0000000	1.0000000	0.8182087	1.6296337	1.8187118
