##############
# B5801 PWM for 13-mers
#
# Copyright (2021) David Gfeller
##############
1.00000	85
A	1.0221098	1.2487564	0.7794544	0.9100886	0.9864736	0.9618790	0.8291003	0.9976700	0.9990462	1.0562188	0.9097128	0.7086578	0.3116749
C	0.3351806	0.7008928	0.6068358	0.6501519	0.7248498	0.6939166	0.6725223	0.6699093	0.6750143	0.6943691	0.7057113	0.8591608	0.3134765
D	0.5737212	0.5205924	0.9403091	1.2873033	1.4626529	1.0669913	2.5711089	1.5063120	1.1468580	0.8528925	1.1291644	0.5670391	0.2205737
E	0.5959940	0.5812369	0.4703181	1.4451036	0.9492567	0.6606609	0.8337420	1.3109885	1.2364514	0.9263313	1.3706197	0.7633028	0.2829827
F	0.4090010	0.5590068	2.6724494	0.4864595	0.5981390	1.0665706	0.7201592	0.8641456	0.5985640	1.4429378	1.4724699	1.0064204	2.2726020
G	0.6139993	0.9414276	0.5321830	1.0344225	1.1568169	1.4549000	1.3522728	1.5552847	1.4496887	1.1377460	0.6052640	0.3734063	0.2929009
H	1.2157250	0.6591758	0.4099194	0.9321919	0.8913962	0.7596398	1.3902414	0.4638973	0.9577539	1.1896718	0.9462408	0.7682756	0.4659297
I	1.0022932	0.7183227	2.1465343	0.5635445	1.0277039	0.8021979	0.9494963	0.9278695	0.6511466	0.6980739	1.0672924	0.8596105	0.5354830
K	3.3968846	0.6320508	0.3868547	1.1855646	0.5925197	0.7637183	0.6802318	0.7848578	1.0637992	0.8528118	0.5086073	0.9613677	0.4616760
L	0.7698672	0.5156549	1.3224145	0.5052101	0.9355789	0.7224247	0.8225888	0.6221945	0.7815943	1.0187757	1.2788922	1.4629429	0.5277240
M	0.9752593	0.5646627	0.7962158	0.6646229	1.0050199	1.3305735	0.7557597	0.9011690	0.5478896	0.6089693	0.8870966	1.1329326	0.5183506
N	0.7265966	0.6894231	0.5496750	1.1091813	0.7212489	0.9777770	1.4540013	1.2492978	1.3797743	1.2109399	1.3429901	0.9228535	0.2737645
P	0.3112528	0.4978091	0.5192213	3.4551525	1.4544333	1.1404524	1.0006032	1.8519722	1.4319115	1.4335055	0.4204480	0.2865382	0.1273048
Q	0.7336137	0.5219592	0.8686854	1.0897076	0.7539717	0.8699276	0.8823444	0.9088473	1.1869054	1.0125343	0.9035938	1.6488612	0.4261867
R	3.0742440	0.5652703	0.3452887	0.6214132	0.5278076	0.5536460	0.5418587	0.4488368	0.5049665	0.4641284	0.5380144	0.6186088	0.3233531
S	0.8461167	3.6379199	0.7320981	0.7296578	1.6825914	1.6654248	0.9292277	1.0918145	0.9578273	0.9460572	1.2770287	1.2173743	0.2724035
T	0.6392235	2.5017407	1.0077338	1.0249693	0.9193057	0.9853333	0.9413952	0.9460242	1.1394108	1.3316330	0.9745540	1.8407042	0.3293851
V	0.6269415	1.3631617	1.6050558	0.8377263	1.3740944	0.7757738	1.1558898	0.7638266	1.0375678	0.9383107	1.2503173	1.2584002	0.4723702
W	0.3366372	0.3158553	3.4947730	0.2731205	0.9208449	1.0597815	0.3066901	0.9226450	0.3469226	0.4088673	1.6099001	0.4937895	39.9186603
Y	0.6634687	0.4514993	1.5782395	0.4171556	0.4613577	2.2972159	0.4671115	0.6553465	1.0393491	1.3739604	1.0069614	2.5051438	2.7242659
