##############
# B7301 PWM for 13-mers
#
# Copyright (2018) David Gfeller
##############
1.00000	22	2
A	0.5824885	0.5706901	0.8416619	1.0274743	1.4148505	1.4369420	1.0514020	1.0667800	1.2335853	1.2962449	1.1619170	1.7178779	2.1588432
C	0.7961795	0.4507474	0.8630303	0.9111351	0.8547863	0.9004691	0.8730997	0.8954379	0.9197887	0.9046952	0.9554091	0.7491489	0.6943729
D	1.4847880	0.5385683	0.4019015	0.9619831	0.9773079	0.8087345	1.7071149	1.5006985	1.1384534	1.4483126	1.3949101	0.6262646	0.5200939
E	0.6986970	0.7711272	0.3561024	0.8459176	0.8360222	1.3817280	0.7364709	0.8890853	0.9010394	0.9080790	0.8702907	0.7166680	0.5435656
F	0.9523481	0.3614739	3.3741003	1.0619853	0.4448577	0.4668680	0.6063909	0.4435520	0.8836646	0.5176968	1.0044415	0.5107208	0.4373023
G	0.7930337	0.4807802	0.8302254	1.3587412	4.0671432	1.4864310	2.1598058	2.2244057	1.8639857	1.4197959	1.0196575	0.7370140	0.7266513
H	0.8513846	0.7144758	0.4206252	0.5229965	0.4964814	0.5942558	0.5901128	0.5419161	0.5765791	0.5645644	0.5156772	0.5184154	0.4192038
I	0.5112916	0.3098529	2.1209466	0.8569449	0.7619367	0.5125105	0.5607289	0.8752202	0.5065576	1.1139908	1.1007754	0.9132642	0.6166732
K	1.0164510	1.8474815	0.4313607	0.8854526	0.7136664	1.0584164	0.9280528	0.9152381	0.7774628	0.6984273	0.6655939	0.8203192	0.6388593
L	0.4528914	0.4466599	1.5095294	1.1058683	0.4835099	0.5217261	0.4898003	0.5256898	0.6567966	0.7415873	1.0595523	0.8171413	0.7399785
M	0.5763320	0.6216941	2.0496716	0.8530726	0.6035708	1.0780746	0.6334750	0.6442837	0.6844562	1.6446329	1.3218118	0.8638186	1.1168214
N	6.2750379	0.8172193	0.7993854	0.7068113	0.7505279	1.5114436	0.8489614	1.9528771	1.9499374	2.1582789	1.4831843	0.7895953	0.5378153
P	0.2895947	0.2868538	0.2313576	1.4808021	0.6967156	0.7374586	1.1078675	0.7256278	0.3482401	0.6939905	0.3242463	0.3746601	4.2684750
Q	0.7332550	1.1172352	0.3951769	0.9073499	1.1834617	1.0879926	1.2165327	0.6604613	0.9818117	1.2264124	0.9158777	1.5693738	0.5343489
R	1.0976588	8.1521222	0.4205345	0.6253323	0.8958896	1.0631198	0.6570818	0.6403588	0.9846751	0.6222624	0.5987532	1.0326723	0.5140882
S	0.9070540	0.6778782	0.7075977	1.4660200	0.9819004	1.6222250	1.3754525	1.6083599	1.5397854	0.8081419	1.2365276	1.9215339	1.0711356
T	0.7715011	0.5921615	0.6537833	0.9966692	0.6375025	1.0491000	1.2137847	1.2802378	1.9678593	0.7244555	1.7055526	2.0993953	0.9814554
V	0.7372222	0.3732931	1.4598952	0.8268312	0.5681737	0.6945098	0.8293115	0.7804594	0.5716246	1.2047073	0.9629270	1.0951648	0.8031100
W	0.5540806	0.5137849	0.7967054	0.5962650	2.8471790	2.8511629	0.6205669	0.4468681	0.5241561	0.4687796	0.5396934	0.5022736	0.3849689
Y	1.1598967	0.5333840	1.1819255	1.1845151	0.5226199	0.5892092	1.6084533	0.4791921	0.6012036	0.5299268	0.6417362	0.5716646	0.4935455
