##############
# C0202 PWM for 13-mers
# Model trained on 12-mer peptides adding one non-specific position after P9.
# Copyright (2021) David Gfeller
##############
1.00000	132
A	1.2672121	4.4629900	1.5145033	0.9458640	1.3063284	2.1119234	1.5693897	1.1136684	1.0000000	1.0000000	1.0422580	0.9512239	0.3352252
C	0.7692121	0.6391102	0.6225125	0.6427992	0.6970403	0.7211386	0.6943168	0.7038204	1.0000000	1.0000000	0.7132904	0.3417142	0.3029361
D	0.3074869	0.3321689	0.4230519	3.3404782	0.8270586	1.3095115	1.1455060	0.7868417	1.0000000	1.0000000	0.5231789	0.6304099	0.3036275
E	0.3885895	0.3643246	0.3699244	1.2145719	0.7916959	1.1239938	0.9827150	0.6375275	1.0000000	1.0000000	0.8495031	0.7382859	0.3102371
F	3.8325749	0.6066561	2.0753916	0.5500285	0.4617679	0.6780193	0.8153440	0.9567069	1.0000000	1.0000000	0.7358030	2.1175185	6.9201547
G	0.6883924	0.7927517	0.5576570	1.3211047	1.2227557	0.9920009	1.4067617	1.4764251	1.0000000	1.0000000	0.6516325	0.9055471	0.2908543
H	0.7865806	0.3176456	0.9205240	0.6074329	1.1989289	0.9004608	1.2626470	0.8938081	1.0000000	1.0000000	0.9198947	0.6184411	0.6871625
I	1.2049108	1.4606718	2.0574454	0.5061000	0.8840251	0.6392010	0.5157112	1.4343524	1.0000000	1.0000000	1.1093110	0.8133317	0.8031805
K	0.6300625	0.4076015	1.3978595	1.0045122	0.6275336	1.1359383	0.9263418	0.8659472	1.0000000	1.0000000	0.8864461	0.6550108	0.4038352
L	0.8529901	0.6813486	0.6098172	0.5365496	0.6170067	0.6531698	0.7607314	1.4278143	1.0000000	1.0000000	0.9902520	1.3004610	1.5392849
M	0.7395255	0.8612358	1.0351032	0.7006154	0.9094417	0.4751472	0.6188666	1.2143008	1.0000000	1.0000000	0.7205210	1.0686302	2.5444381
N	0.4832876	0.3853824	1.0722897	1.6838252	0.7391770	1.0863418	1.4899930	0.7217680	1.0000000	1.0000000	1.4604109	0.8312311	0.2735038
P	0.2241085	0.2978189	0.4320490	1.0526476	3.6165598	0.7736435	0.8576823	0.7304172	1.0000000	1.0000000	0.7553772	0.2335798	0.2618250
Q	0.4503868	0.5701571	0.6986099	0.9783310	0.6060081	0.7752284	1.0515090	0.7910877	1.0000000	1.0000000	1.8367388	1.5061954	0.2788518
R	0.6492926	0.3299336	0.8884796	0.5799960	0.5126284	0.7458297	0.5787036	0.6112432	1.0000000	1.0000000	0.7568023	0.9496572	0.3593187
S	1.4566791	1.2834416	0.7855376	1.1432714	1.1207542	1.0801621	1.3386530	0.9626826	1.0000000	1.0000000	1.3802947	1.0929122	0.2773706
T	0.8492497	1.3127843	0.5494901	0.7019462	0.9317508	1.1786094	1.0203871	0.9064261	1.0000000	1.0000000	1.5675531	1.2195086	0.3481339
V	1.2189361	1.3525494	1.4780643	0.6079468	1.1155713	1.1846175	0.7888369	0.8944064	1.0000000	1.0000000	1.3130293	1.1245021	0.9284698
W	0.5479911	0.2795721	0.8282725	0.2699994	0.2563765	0.2784205	0.7193343	0.3585114	1.0000000	1.0000000	0.2994859	0.4390105	0.7816187
Y	3.4861660	0.3936074	2.0274326	0.7819885	0.6658976	0.5447809	0.8641684	1.6000642	1.0000000	1.0000000	0.7198130	2.3225086	5.7563838
