##############
# C0303 PWM for 13-mers
# Model trained on 12-mer peptides adding one non-specific position after P9.
# Copyright (2016) David Gfeller
##############
1.00000	20	0
A	1.0470709	1.9839873	0.6241736	0.7426893	0.9778912	1.8702747	0.8716505	1.0924458	1.3944130	1.0000000	1.1716503	1.5577995	0.5733021
C	0.7377310	0.7946020	0.6001853	0.9022060	0.8910787	0.9976780	0.9082147	1.0174845	0.9538365	1.0000000	0.9373682	0.7770694	0.6893777
D	0.9338754	0.5824021	0.4176690	1.4070349	1.3854104	1.0997949	1.8863188	0.5836629	0.9949597	1.0000000	1.1014384	1.5359453	0.3042779
E	0.5569152	0.6505984	0.6856105	0.8894351	0.7347056	1.0014907	0.6676047	0.7567783	0.6358200	1.0000000	0.7080713	1.2257767	0.3655743
F	3.1747383	0.5848942	1.7622229	0.6177862	0.4068150	0.5402718	0.9208251	1.0054613	0.5149842	1.0000000	1.5252514	0.4367597	1.9912585
G	1.0449437	0.7553977	0.3793932	2.1887819	1.8372253	2.0105350	3.1604636	2.2451239	2.3133732	1.0000000	0.7021809	1.1663185	0.3390228
H	1.2830183	0.4821564	0.6567945	0.5469104	1.1939224	0.6151458	0.5354359	0.4491472	1.8533269	1.0000000	1.3053021	0.5172838	0.3719403
I	0.7150764	1.2210482	2.1698830	0.7113346	0.6757477	0.4828535	0.4646647	0.9351367	0.7854740	1.0000000	0.5832877	0.7398391	1.5751729
K	0.5730369	0.7125534	1.0010901	0.9478177	0.8771458	1.2666073	0.8858840	0.6607613	1.2466015	1.0000000	1.1958589	0.9920553	0.4420600
L	0.9255371	1.1021949	1.4492584	1.0901691	0.4964585	0.6535639	0.7857804	0.9998156	0.7810601	1.0000000	0.7308531	0.5275826	3.7602732
M	1.3134650	0.9745397	1.6288100	0.8113567	0.6310431	0.6875652	0.6461687	0.8358364	1.1986529	1.0000000	0.7323451	0.6637368	2.2471359
N	0.7333853	0.7071300	0.4461210	1.1208459	0.8031738	1.1910317	1.6855846	0.6869318	1.1654333	1.0000000	1.9423031	0.8615031	0.3466992
P	0.2983151	0.3663782	0.2507074	1.1403670	2.0064718	0.3665249	0.7403656	1.1593796	0.3209094	1.0000000	1.1706545	1.2321861	0.2157145
Q	0.5477169	1.2524521	0.5432830	0.9525605	1.3050267	1.3660194	0.6042450	0.5801477	0.6999424	1.0000000	0.9942984	0.7354527	0.7256641
R	0.5425571	0.6359888	0.5927310	0.9904696	1.7075546	0.7884739	0.6100741	0.8884886	1.4265481	1.0000000	0.7588002	0.6738248	0.4768329
S	1.8614365	1.9080682	0.4943432	0.7192175	0.9749634	1.3424326	1.5633075	1.3612675	0.9927393	1.0000000	1.3878935	1.9169068	0.4085373
T	0.8038406	1.4386214	0.6218242	0.8846072	0.9256215	1.0165957	0.7510995	1.2602345	0.6847677	1.0000000	0.7775985	1.3906545	0.5762706
V	0.7979851	1.2421299	1.4957433	0.9113979	0.7023562	0.5674347	0.4587927	1.0371813	0.7890189	1.0000000	0.7124499	0.8077584	1.1255950
W	0.9556916	0.5077801	1.0790326	0.5660961	0.4401016	0.5801933	0.4995745	0.5290907	0.5114691	1.0000000	0.6533230	0.4448487	0.7156302
Y	2.3868258	0.5861264	3.8102855	1.1075639	0.5408744	1.1218989	0.5596319	0.6212419	0.6332893	1.0000000	1.4121061	0.5043208	0.8934249
