##############
# C0304 PWM for 13-mers
# Model trained on 12-mer peptides adding one non-specific position after P9.
# Copyright (2016) David Gfeller
##############
1.00000	151	0
A	1.0249987	3.9796788	0.9065100	0.7247697	1.0387434	1.2930032	1.0352215	1.0109284	1.0000000	1.0000000	0.8635180	1.9071072	0.4256025
C	0.5322237	0.5047819	0.3706429	0.8123970	0.8672317	0.8608826	0.8470032	0.8810107	1.0000000	1.0000000	0.8836212	0.5958276	0.4290693
D	0.4227770	0.3225876	1.4015376	2.5204958	1.1200598	1.3366608	1.8600500	1.0261212	1.0000000	1.0000000	0.5759593	0.7264897	0.4395367
E	0.4041294	0.3376832	0.8676224	1.5671560	0.9472549	1.2333852	0.8763964	0.6213113	1.0000000	1.0000000	0.7771845	0.9992180	0.2262635
F	4.3911145	0.4384930	1.8925942	1.1518815	0.4955922	0.4834617	0.6023081	0.8598682	1.0000000	1.0000000	0.6551563	0.8595803	2.0006032
G	0.5247734	0.7261964	0.5547999	1.2619904	1.8652767	1.7545728	1.1335334	1.7135334	1.0000000	1.0000000	0.9736712	0.6578784	0.4505083
H	1.3696613	0.2688950	1.3575930	0.7702840	0.4511801	0.7706780	1.5955457	1.1659851	1.0000000	1.0000000	0.9034018	0.4665512	0.2407518
I	1.2031541	1.3988842	1.4478058	0.3623545	0.5780432	0.4262950	0.5298278	1.0198965	1.0000000	1.0000000	1.2973228	1.0544335	0.9048034
K	0.4426186	0.3932484	0.8808577	0.7181956	0.6899202	1.1337212	0.9124791	0.7859386	1.0000000	1.0000000	0.8592804	0.5010257	0.5189010
L	1.1870566	0.7345205	1.0051064	0.5965739	0.8646179	0.7139893	0.7090784	0.8997544	1.0000000	1.0000000	1.0571932	0.8049295	4.9653648
M	1.0888137	0.5289913	0.7448884	0.8407226	0.6030877	0.4351224	0.7435975	0.6633177	1.0000000	1.0000000	1.0113263	0.6833096	2.3825606
N	0.4127549	0.3593097	0.7713851	0.6960674	0.6398624	1.2390023	1.4039788	1.2604163	1.0000000	1.0000000	1.6178399	0.8075086	0.2382062
P	0.1586393	1.9098442	0.3331643	2.3845919	2.5382526	0.8195767	1.4084643	1.1044235	1.0000000	1.0000000	0.3482387	0.9058937	0.2173641
Q	0.4817104	0.4297679	0.6505457	0.9839933	0.9349565	0.7453953	0.8871372	0.7424182	1.0000000	1.0000000	1.5887906	0.6783147	0.2651056
R	0.4736333	0.3291149	0.4598968	0.7130610	0.6178921	1.3886691	1.1284359	0.6218919	1.0000000	1.0000000	1.2197041	0.6147676	0.3034037
S	0.6581067	1.3091464	0.8190549	1.2203356	1.5838522	1.7477927	1.0293481	1.1774072	1.0000000	1.0000000	1.7907789	2.1720311	0.2775467
T	0.6564118	1.3242210	0.6289512	0.6286541	0.9975729	1.2136003	1.2452173	1.1908916	1.0000000	1.0000000	0.8287713	1.4120014	0.5005342
V	1.2248034	0.9480853	1.5099242	0.4483851	0.6967239	0.4868674	0.7800939	1.0511657	1.0000000	1.0000000	1.0879471	1.1992116	0.8889328
W	0.6960612	0.3016327	0.9678011	0.3288696	0.7461293	0.3118445	0.3186034	0.3614059	1.0000000	1.0000000	0.7898975	0.3553532	0.4594367
Y	4.1196503	0.4837574	2.7009328	0.7948827	0.4726242	0.4816064	0.6558610	1.0735569	1.0000000	1.0000000	0.5396491	0.9378727	0.9427924
