##############
# C0403 PWM for 13-mers
# Model trained on 12-mer peptides adding one non-specific position after P9.
# Copyright (2021) David Gfeller
##############
1.00000	60
A	0.7279004	1.5851572	0.4510875	0.8781056	1.1518954	1.1754697	0.8250172	1.0000000	1.0000000	1.0000000	0.8736043	0.8476746	0.5325243
C	0.6261228	0.5183425	0.2513176	0.7161233	0.7451632	0.7755955	0.7330768	1.0000000	1.0000000	1.0000000	0.7452167	0.7077849	0.4414766
D	0.2900999	0.3732271	8.5684034	2.0039278	0.9573819	1.2774351	0.5037692	1.0000000	1.0000000	1.0000000	0.8547268	0.9570268	0.2681234
E	0.3097157	0.3702774	1.6201786	1.4830262	0.9314256	0.7394720	0.9278019	1.0000000	1.0000000	1.0000000	1.0795074	0.9290912	0.2759613
F	3.7696949	3.8308600	0.2774401	0.4234639	0.9318731	0.9158022	1.0061380	1.0000000	1.0000000	1.0000000	0.9421857	1.2275986	5.7760153
G	0.3021973	0.8553674	0.6246013	0.8418822	1.2498057	1.0014924	1.1220554	1.0000000	1.0000000	1.0000000	0.5552045	0.6740686	0.2842639
H	0.7037864	0.4195688	0.5447736	0.4522148	1.0711278	1.0469415	1.4542023	1.0000000	1.0000000	1.0000000	1.6993945	1.1018362	0.4290353
I	2.5360583	1.4113819	0.2952055	0.9128888	1.0761701	1.4845455	0.7719868	1.0000000	1.0000000	1.0000000	1.0841704	1.0865827	1.2384121
K	0.4668215	0.4202777	0.5963975	0.5618084	0.5583315	0.6189905	0.6902612	1.0000000	1.0000000	1.0000000	0.7921645	0.7001895	0.3132882
L	1.0478963	0.9948681	0.2401741	0.8186568	0.8697990	1.0172147	0.8485735	1.0000000	1.0000000	1.0000000	1.0608599	1.4898466	2.6955613
M	0.9322708	1.0287331	0.3166382	0.8383186	0.6650397	0.7341889	0.6455282	1.0000000	1.0000000	1.0000000	0.7389791	1.2750668	1.3599035
N	0.3506850	0.4704475	1.1253633	0.7950958	0.7330582	0.9250613	0.9038120	1.0000000	1.0000000	1.0000000	1.2591368	1.0635041	0.4823521
P	0.2347607	0.2986143	1.1039656	2.8313283	1.6400559	1.0846481	2.0700468	1.0000000	1.0000000	1.0000000	0.8809684	0.4843100	0.3976216
Q	0.3408642	0.3931719	0.6391458	0.7307892	0.6817701	0.8139599	0.5513987	1.0000000	1.0000000	1.0000000	0.8919981	0.5625520	0.3013840
R	0.4757589	0.3714776	0.4377928	0.4398334	0.8472661	0.4427974	1.0314866	1.0000000	1.0000000	1.0000000	0.7830160	1.2979736	0.3216935
S	0.5012721	0.8378725	0.6254858	0.7999633	0.7981062	1.0636073	1.1241528	1.0000000	1.0000000	1.0000000	0.8836734	0.9200588	0.4356306
T	0.8207692	2.1829647	0.5204754	1.2123450	1.3185948	1.1328529	0.8697828	1.0000000	1.0000000	1.0000000	1.4687277	1.0868293	0.4730227
V	2.9100419	1.3389162	0.2961038	1.2735251	1.4236300	1.6298820	1.5423218	1.0000000	1.0000000	1.0000000	1.7201603	1.3792055	1.1493300
W	1.4070314	0.5670722	0.2365045	0.2950114	0.3969102	0.3557879	0.4430267	1.0000000	1.0000000	1.0000000	0.3920995	0.4402481	1.5437927
Y	1.7849004	1.2315358	0.3073067	0.4175410	1.0515071	0.5510677	1.6269141	1.0000000	1.0000000	1.0000000	0.8578513	1.1207971	1.8244088
