##############
# C0401 PWM for 13-mers
# Model trained on 12-mer peptides adding one non-specific position after P9.
# Copyright (2016) David Gfeller
##############
1.00000	46	0
A	0.8665498	0.4876119	0.5092946	1.0940817	1.5019554	1.4969854	0.9614911	0.9603494	1.0000000	1.0000000	0.7675941	1.0051230	0.6637096
C	0.7290430	0.4015596	0.3095739	0.7391496	0.7961414	0.8062955	0.7361042	0.7902247	1.0000000	1.0000000	0.8171979	0.7722746	0.6075150
D	0.6378569	0.5681009	7.7945484	1.5843896	0.6238134	0.5715908	1.2479076	1.1317617	1.0000000	1.0000000	1.2647942	0.9542777	0.4917446
E	0.4485685	0.5151395	2.4503720	1.2505512	1.3904824	0.6768010	1.1326435	0.7896888	1.0000000	1.0000000	0.7607059	0.8381320	0.3222248
F	2.3571984	4.9010057	0.2991030	1.0008250	1.2619137	0.9630230	0.3860936	0.7118567	1.0000000	1.0000000	1.0973099	1.2894272	2.3345125
G	0.4628662	0.3955786	0.5723094	1.1193153	1.3680082	2.2580998	1.7590744	1.9112550	1.0000000	1.0000000	1.0341974	0.9231921	0.5415946
H	2.1419427	0.5612702	0.5551839	0.8262692	0.8642623	1.1729958	1.1498679	0.7520751	1.0000000	1.0000000	1.0854707	1.1669850	0.3554939
I	1.2533190	0.5217471	0.3932689	0.6100492	0.8011707	0.4426794	0.6089620	0.7827135	1.0000000	1.0000000	1.6632496	0.9449074	1.5107072
K	0.6330148	0.4159995	0.7072774	0.7302912	0.9300906	0.7848828	1.0752716	0.8473861	1.0000000	1.0000000	0.5491660	1.1528513	0.4023518
L	1.2616328	0.6294090	0.2857163	0.9736558	0.8611390	0.7251430	0.5350046	1.0288305	1.0000000	1.0000000	1.2413643	1.1489318	3.0991052
M	1.2113202	0.6507522	0.3853375	0.6844185	1.0154050	0.6195524	0.5693468	1.0078632	1.0000000	1.0000000	0.9193046	1.6690811	2.5042714
N	0.9666059	0.4086708	1.1738364	1.0378117	0.8350250	0.9082084	1.3339460	0.8524302	1.0000000	1.0000000	0.7926615	1.2551865	0.3479083
P	0.2473114	2.8602482	0.3078985	2.1062350	0.5033358	1.1345672	1.9227882	1.5008692	1.0000000	1.0000000	0.2546962	0.2793756	0.4110364
Q	0.4836184	0.3704899	0.7748879	0.7654174	1.3753755	0.7626580	0.6462825	0.5485054	1.0000000	1.0000000	0.6867902	0.9733470	0.3733797
R	0.6803590	0.3874748	0.5470974	0.5295514	0.6260566	0.9335362	0.9725441	0.7138422	1.0000000	1.0000000	0.8376870	0.8234711	0.5840082
S	0.9397013	0.4642164	0.7166557	0.7807960	1.2042774	1.9275238	1.2947955	1.1472419	1.0000000	1.0000000	0.7273658	1.0321576	0.4102334
T	1.1945944	0.5935975	0.5481615	0.7347032	1.0785692	0.9987577	0.9437418	1.2087769	1.0000000	1.0000000	1.3252578	1.2104320	0.5373072
V	1.6220374	0.4670561	0.3172090	0.9070722	0.8091132	0.4855783	0.8586676	1.0675373	1.0000000	1.0000000	1.7025231	1.0508146	1.3471156
W	0.6865547	8.4462095	0.3304480	0.5074577	0.5850511	1.7669000	0.3913257	0.4377785	1.0000000	1.0000000	0.5317164	0.5599155	0.6745181
Y	1.5741059	3.5965561	0.3487635	1.1899447	1.2738986	0.9396293	0.4808476	0.5221972	1.0000000	1.0000000	0.9509897	0.9979785	1.1593786
