##############
# C0501 PWM for 13-mers
#
# Copyright (2018) David Gfeller
##############
1.00000	32	2
A	1.4144940	2.8800315	0.5186975	0.8690902	1.0791410	0.7857831	0.8816090	1.5343713	0.8178768	1.2567188	1.0734127	0.9825393	0.6953907
C	0.7872309	0.8111296	0.3251216	0.7410629	0.6841179	0.7189767	0.6644266	0.7207064	0.6821221	0.7531703	0.7592906	1.0622530	0.6422056
D	0.7412008	0.4496279	8.0602008	1.6887711	2.3324428	0.6540477	1.7751488	1.5149818	0.9875660	0.8940547	0.9151451	0.6987889	0.2851096
E	0.5072855	0.4997645	1.7400469	1.2953660	1.5983659	1.4510151	1.5996392	1.1722079	1.2235348	1.0266134	0.9650124	1.6460220	0.3081697
F	2.2694028	0.6105733	0.3030206	0.9389790	0.7674427	0.6158840	0.8028968	1.0260420	0.3926155	1.1753809	0.5088434	1.6355504	3.4537277
G	0.8475007	1.0018333	0.6527102	1.8878752	2.2565418	1.8735955	1.6552341	2.8809835	1.9697770	1.4386956	1.6853993	0.5462922	0.3486423
H	0.5118128	0.4129347	0.5932030	0.4890788	0.9991794	0.5509811	1.0116877	0.5258732	1.0031967	0.5681458	1.4095790	1.0709349	0.8091388
I	1.1491606	1.4189590	0.2837601	1.0693069	0.4580264	0.7252943	0.5241448	0.4034393	0.4362624	0.5755440	0.9374636	0.7413385	1.4167399
K	0.9483077	0.5710146	0.7118777	0.6193594	0.6987228	1.3131596	1.0981044	1.1909317	1.5611874	0.8897812	0.7309628	1.4354573	0.3686880
L	0.8601587	0.8032573	0.2665479	1.3572981	0.4240046	0.9417667	0.4731688	0.5390248	0.5448357	0.5273462	0.9518502	0.9629305	3.2146926
M	0.8318757	0.8868914	0.3743746	0.8810637	0.5497295	0.7792338	0.6060635	0.5660461	0.6063017	0.6662086	0.7934066	0.7973801	1.5114087
N	0.8442294	0.5097902	1.8547754	0.7251095	0.8661099	0.6890601	0.7977727	1.3409594	1.1054155	0.7165831	1.2761958	0.9388180	0.3370827
P	0.5603772	0.3333247	0.3196980	0.2941341	0.8766261	0.3023512	0.8670029	0.6058570	0.8866009	1.4345107	0.5826557	0.3078498	0.2005965
Q	0.5340037	0.7311662	0.7394733	0.8397580	0.9276959	0.7585581	1.2025791	0.6764644	1.0297286	1.5577684	1.1081782	0.7863947	0.3482074
R	1.0544752	0.4970576	0.5626113	0.5389540	0.5813622	1.6758033	0.9317371	0.6623864	1.7702870	0.6569919	1.0981653	1.2355759	0.4031098
S	0.9945668	1.1602702	0.7794542	1.0132613	1.3530139	1.1312535	1.0387292	1.4020983	1.5198648	1.5036538	1.3283137	1.1442872	0.4052307
T	1.0283775	0.9800657	0.5909817	1.3601492	0.8612572	1.0386052	1.0073678	0.6942881	1.2609452	1.0999213	1.0808261	1.0229462	0.5422827
V	1.1151439	2.0151899	0.2885765	0.7262552	0.6831919	1.1789190	0.8301704	0.4544716	0.5711489	0.8977242	1.0109436	0.7290423	1.3376094
W	2.4297482	0.5261404	0.3325505	0.5668068	0.5138658	0.5963062	2.2308904	0.4941118	0.4519697	0.6092122	0.4751478	0.7426473	0.7913322
Y	1.7267570	0.9674534	0.3520349	0.9792601	0.9588432	1.3442129	1.0342218	0.5706479	0.5101263	1.4596050	0.5793980	1.9923668	1.1645783
