##############
# C0602 PWM for 13-mers
#
# Copyright (2018) David Gfeller
##############
1.00000	13	2
A	0.9775648	0.9817753	0.9705021	1.0452557	0.8152995	1.1099404	1.3267766	1.4912344	1.2549725	1.2909762	0.7674979	1.0550422	0.6329773
C	0.9781121	0.4629606	0.7247975	0.7868637	0.7722389	0.7479831	0.7479831	0.8157566	0.8450062	0.8054122	0.7066056	0.9823634	0.6809723
D	0.4481983	0.5736570	0.5800682	2.4084358	1.7964392	2.5642066	0.9281967	1.4215635	0.6665460	0.6119431	0.6948176	1.1571996	0.3192720
E	0.4641688	0.7943543	0.6557345	1.1049279	0.6279542	1.2798497	1.0836218	1.0540758	0.9747372	0.5125953	0.8368951	0.6439800	0.3424186
F	3.2095216	0.7623316	2.7910914	1.1859518	0.5604268	1.1340452	0.4683503	1.1437983	0.4807484	1.1641312	0.4627298	1.6877062	1.8134503
G	0.5186024	0.5844233	0.5805529	0.6246546	2.4627302	0.7350834	1.3928855	1.4333799	1.8953425	4.4172856	1.2221804	0.6166073	0.3677837
H	1.6664207	0.8458706	1.6266118	0.5038166	0.4952494	0.6274293	0.6778535	0.6044202	0.4945151	1.4535540	0.6553340	0.6881359	0.4342727
I	1.1062389	0.3962794	0.8051811	0.7137009	1.2517140	0.5843415	0.6133577	0.5715743	0.8338808	0.5531095	0.6279185	0.8838625	1.8499767
K	0.5248855	1.5005428	1.3568312	0.6829093	0.6933453	1.1579328	1.1573189	0.7382816	1.1365696	0.6053143	1.8068083	0.6458515	0.4204437
L	0.8728888	0.5054955	0.7455870	0.6835010	0.9456671	0.5355028	0.7736134	0.5247351	0.6295099	0.5090800	0.6437904	1.4899798	2.3612345
M	0.9371954	0.6918800	0.8476275	1.3476568	0.8466696	0.6870178	0.7381064	0.6541296	0.7594997	0.6346520	1.3965102	1.0659507	1.4609214
N	0.6000210	0.8086421	1.2072796	0.8485892	1.4036013	1.5582382	3.0245995	1.9902130	0.7571517	0.8405212	1.4009119	1.2542595	0.3564253
P	0.2858719	0.3194429	0.9283936	1.6106155	0.3062534	0.3646858	0.9738672	0.9931876	0.9857657	0.3272231	0.3401819	0.3030718	0.8608234
Q	0.5049058	1.4278438	1.0923384	0.6641358	0.5894814	1.2329835	1.2112324	0.7011865	0.7282832	0.5518778	1.7789741	1.0193543	0.3877246
R	0.5216938	5.0183721	0.8097050	0.5770153	1.0625851	0.7932378	0.8137145	0.6340064	1.2203845	0.5330548	2.5566681	0.6147054	0.4270648
S	0.7696452	1.0300307	0.7025833	0.9209796	1.0424050	1.4531691	0.9315120	1.7295541	1.3917905	1.4034125	0.8857505	1.2426641	0.4394391
T	1.6998550	0.6913265	0.6606316	1.7804118	1.0851755	1.1843213	0.7659909	0.8925571	1.1939117	1.0919293	1.4338067	0.7747075	0.6225067
V	1.0731999	0.4690352	1.0849456	0.8930351	1.0331450	0.7807368	0.7985134	0.7858022	1.3428970	0.7514915	0.8160988	0.9685000	1.6024567
W	1.2451168	0.8453895	0.8930369	0.5343183	0.4926561	0.5413797	0.4686474	0.5321999	0.4834763	0.5964585	0.5307876	0.9140865	4.7154108
Y	3.8501889	2.3630571	2.0773232	0.6878695	0.5092394	0.6954448	0.5375856	0.6864033	0.5351420	0.7401634	0.5764395	2.5340178	1.8370038
