##############
# C0702 PWM for 13-mers
#
# Copyright (2018) David Gfeller
##############
1.00000	13	2
A	0.8520929	0.5831772	1.0313454	0.8292692	0.7169839	1.1152155	0.7380183	1.3272872	0.9698035	0.9673648	0.7640319	1.1418659	0.5949637
C	0.6539464	0.3745069	0.6571626	0.7582633	0.7988861	0.8551877	0.7276181	0.8341637	0.6948349	0.6559938	0.7678845	0.8971650	0.5506186
D	0.4612903	0.5375187	0.6815280	1.3425755	0.5155474	0.6686803	1.4317188	1.1489481	2.5990114	2.7110969	0.7152559	1.9910470	0.5217667
E	0.4537455	0.7453112	0.7941561	1.4122451	0.8292950	1.3171316	1.0294541	0.5675575	1.6561050	2.1199879	1.2619798	1.4261868	0.5936326
F	3.7495010	0.7790069	0.3890503	0.4634341	1.5345481	1.4835111	1.0061164	0.6993973	1.2733978	1.0692498	1.5741515	0.4903037	2.3360180
G	0.5008561	0.4881329	0.6381956	1.8242448	1.0851890	0.5837035	1.2803981	1.2582311	0.6606497	0.6698183	1.1542434	1.9220765	0.4795876
H	1.9717247	1.8350407	1.5703422	0.5318833	0.5326146	0.6091524	1.8396068	0.5384646	0.7410216	0.7281028	0.7029965	0.5556567	1.6272956
I	0.9333144	0.3660862	0.5192457	0.7909838	0.9219489	0.9200447	0.5683009	0.7377727	0.4455873	0.3944919	1.0422293	0.6492510	0.9124945
K	0.5067701	1.6148952	1.2549458	0.7686210	0.6542398	1.1270400	0.7124080	0.6070698	0.8619835	0.9720876	0.7499241	0.7381163	1.0608612
L	0.8087360	0.4933680	0.4820866	0.7920127	1.2482330	1.2515948	0.5164163	1.0990884	0.4844022	0.4464284	0.7220248	0.7845271	1.8974863
M	0.8651600	0.6683230	0.6415258	0.7306481	0.9622588	1.0018176	0.6553586	0.8212506	0.6365362	0.6209041	0.8056185	0.7336906	1.8392559
N	1.1090115	0.8217335	1.2864014	0.7902297	0.5468246	0.6669313	2.5683136	1.1807867	1.4965918	1.5291802	1.2232860	1.4719195	1.1727916
P	0.2481969	0.2899564	3.5087069	2.2344293	1.5365036	0.3261067	0.3168104	2.8444524	0.9764920	0.9836702	0.9291870	0.3545257	0.2605216
Q	0.5050477	1.0477077	1.6196779	1.1569248	0.5786159	0.7748738	0.7282419	0.5297810	1.6880510	2.2292747	0.7082306	0.7484264	1.0914085
R	0.5211356	6.0234810	1.3368668	0.6330829	1.0427002	1.2350014	0.6627879	0.5162524	0.7420962	0.8269475	1.1106381	0.6244941	1.2566480
S	0.5906969	0.6698642	0.8011324	1.0669917	0.6393558	1.2535395	1.1082591	0.7675018	0.8823746	0.8669296	0.9507916	1.2100559	0.5854010
T	0.5577681	0.5867509	0.6975025	1.0632167	0.9851937	0.7885867	1.0885506	0.6837475	1.0331664	0.6807829	0.7140673	1.4732112	0.6041482
V	0.7154324	0.4118160	0.7167771	0.6282731	1.1667300	1.1946010	0.7442588	0.8778673	0.4903546	0.4414127	1.1656764	0.8386285	0.7563002
W	1.7129878	0.8642367	0.4176806	0.4492789	4.6207859	0.7635512	0.9636708	0.5845710	0.6881541	0.5296086	0.8791133	0.4870216	0.9040371
Y	6.5619259	2.4593118	0.6191307	0.5010795	1.7496983	1.6611577	3.2986705	1.4031179	1.5772642	0.6884335	2.5071856	0.5078404	1.9785014
