##############
# C1202 PWM for 13-mers
# Model trained on 12-mer peptides adding one non-specific position after P9.
# Copyright (2021) David Gfeller
##############
1.00000	98
A	1.5224693	3.9835733	0.9200197	0.5940303	1.2095739	1.3229087	1.1017374	0.8551737	1.0000000	1.0000000	1.0155474	1.1010842	0.3619344
C	0.8043335	0.6894223	0.6366407	0.5979511	0.6996950	0.6733445	0.6874293	0.7387207	1.0000000	1.0000000	0.7407416	0.4002863	0.3291226
D	0.3896331	0.3605009	0.3334411	5.3347307	0.5356340	1.7465119	1.8285360	0.8060783	1.0000000	1.0000000	0.8371272	0.4361725	0.2335322
E	0.4302471	0.4045795	0.4026322	1.7014895	0.4991520	1.7627273	1.2676188	0.4640805	1.0000000	1.0000000	1.1044677	0.8509728	0.2715009
F	1.5694989	0.4613827	2.2975987	0.3551753	0.4587151	0.7962125	0.8577928	1.1798525	1.0000000	1.0000000	0.5620004	0.8885883	5.7429264
G	0.5002060	0.5460033	0.3182731	0.9690865	1.4092093	1.5290202	1.1509993	1.4577626	1.0000000	1.0000000	0.9809065	0.7623994	0.2371811
H	1.3251234	0.3511155	0.6645114	0.5237026	0.7943103	0.9188968	1.5385246	0.6219983	1.0000000	1.0000000	0.8804714	1.5739362	1.4835128
I	1.0800720	1.6018056	2.3399236	0.3108283	0.7065940	0.4699278	0.6130931	1.4380378	1.0000000	1.0000000	0.9611325	0.7851220	0.8707577
K	0.9862227	0.4512795	1.4164440	0.6263052	0.4716098	1.1615201	1.0976422	0.5679970	1.0000000	1.0000000	0.9574479	0.6687776	0.3848609
L	0.7624040	0.9849678	0.8357840	0.3186898	0.5441485	0.5128021	0.9724195	2.0771472	1.0000000	1.0000000	0.7956348	0.8463311	1.9026605
M	0.7990305	1.2140109	1.7912144	0.3510906	0.6253345	0.4540581	0.7303175	1.5001486	1.0000000	1.0000000	0.9456692	0.9725893	1.1729717
N	0.8450096	0.4130794	0.6357695	1.5008311	0.9369147	0.9885352	1.3230584	0.8189904	1.0000000	1.0000000	0.8429700	0.8741026	0.3098846
P	0.2791175	0.3252183	0.3683545	1.4228291	5.7005110	0.4285744	0.5381583	0.6305554	1.0000000	1.0000000	0.3055149	1.0606544	0.1809860
Q	0.7102560	0.6508361	1.0305315	1.1497061	0.7587381	0.8471565	0.7882455	0.7506662	1.0000000	1.0000000	1.7240934	0.8527202	0.3129177
R	1.2264295	0.3693421	1.0548548	0.4337749	0.4597892	1.2799462	0.8768446	0.3750261	1.0000000	1.0000000	0.6033908	0.8319244	0.4137953
S	1.4274499	1.3724547	0.5031990	0.8902567	1.0059693	1.2089823	0.8944503	1.2107364	1.0000000	1.0000000	2.0472779	1.3172337	0.3001313
T	1.1126816	1.0003025	0.7668935	0.4953575	0.6192981	0.9789297	0.8770007	0.7039850	1.0000000	1.0000000	1.7065556	1.3954651	0.3747640
V	1.5265715	1.4609776	1.5829071	0.3866735	0.8831569	0.5029711	0.8424466	0.7868834	1.0000000	1.0000000	1.0004778	1.6453719	0.7767846
W	0.4714419	0.3074239	1.0199329	1.3541963	0.2379405	0.3429413	0.8832901	0.4047408	1.0000000	1.0000000	0.8629229	0.4416744	0.9320632
Y	2.3796129	0.4270984	2.1093656	1.0658779	0.3801760	0.9766355	0.8590644	1.4076006	1.0000000	1.0000000	0.6376122	2.3678993	6.9017310
