##############
# C1402 PWM for 13-mers
# Model trained on 12-mer peptides adding one non-specific position after P9.
# Copyright (2021) David Gfeller
##############
1.00000	41
A	0.9211815	0.4251078	0.5458091	0.7808610	1.1358953	0.7810228	0.8811171	0.8329705	1.1936659	1.0000000	1.1801601	1.5739265	0.8151121
C	0.4468338	0.5554072	0.3836236	0.4325617	0.5463238	0.4939558	0.5635243	0.5246102	0.5549241	1.0000000	0.5771485	0.5099585	0.4244237
D	0.3982047	0.2820839	0.6614099	3.4391947	1.3956209	2.1525901	0.9549737	1.0065352	0.8386280	1.0000000	0.6054046	0.8243101	0.5335859
E	0.4289590	0.3339876	0.6528802	1.3500820	0.6208196	1.5641429	0.9565285	0.7150762	0.8672761	1.0000000	1.0184884	0.9070279	0.3855704
F	3.9755526	5.9608787	2.2529959	0.7552733	0.9838266	0.7947463	1.1859184	0.5448483	0.7955747	1.0000000	1.1305101	1.2109639	4.7713092
G	0.7876696	0.2940863	0.7591484	1.4598131	1.6579131	1.2442229	1.3903631	2.7860068	0.9035034	1.0000000	1.2793738	0.7779724	0.3548035
H	0.6934232	1.1104224	1.2168046	1.8428812	0.5289947	1.4288598	0.5318009	1.4023152	0.9671339	1.0000000	1.4221858	1.0683228	1.5424896
I	1.2463562	0.7192924	0.9539899	0.4103298	0.6425825	0.6648656	1.1047152	0.5365317	0.8174082	1.0000000	0.8387284	0.7792058	0.9067015
K	0.5551198	0.3658799	0.7374169	0.7975944	0.9679189	0.8749147	1.0163023	0.6646980	0.8915642	1.0000000	0.8374866	0.6874441	0.5419075
L	0.7640255	0.7519689	0.9248321	0.3592486	0.7930425	0.5475896	0.9471806	0.4679762	0.9515392	1.0000000	0.6739875	0.5350227	1.5533495
M	0.7777192	0.7464311	0.7347665	0.4511360	0.6318788	0.5582937	1.0265077	1.1153764	0.9752471	1.0000000	0.9582461	0.6389424	1.7977155
N	0.7248223	0.3850467	0.7771058	1.5451406	1.1394202	0.8054076	0.8306833	1.1917033	1.9508143	1.0000000	1.1266888	1.1602047	0.4263080
P	0.2796877	0.2214345	1.0823364	0.8568216	1.6634719	1.1454678	0.8531185	0.8631753	1.9209733	1.0000000	0.6164714	0.6439514	0.2452701
Q	0.6715370	0.3796960	0.9461637	0.6771182	0.9896818	0.7288727	0.5969536	0.9957920	0.9956876	1.0000000	1.0544924	1.0376010	0.4224582
R	1.1760782	0.3732590	1.0620591	0.8958507	1.2864499	1.2899821	0.9032461	1.0660204	0.5631643	1.0000000	1.1208426	0.9176965	0.4204846
S	0.7694177	0.3784629	0.6381131	0.6476325	1.0108404	1.2161564	0.7451577	1.0370087	0.8015251	1.0000000	1.3697341	1.8880848	0.4390527
T	0.8980634	0.4294032	0.8559528	0.5546888	0.8084864	0.8070263	1.2416907	1.2458406	0.9586901	1.0000000	1.0234747	1.1099673	0.4884597
V	1.2534556	0.6286127	0.7862960	0.5160363	0.9240329	0.7599700	1.3255627	0.7485073	0.8882964	1.0000000	1.1222693	1.0127333	0.7611124
W	0.8708968	1.5936520	2.0134990	3.7610186	0.3746387	0.4345660	1.6023337	1.5666705	2.6180034	1.0000000	0.4843968	0.5439016	2.1446897
Y	3.8234421	10.1857551	4.9225613	0.9847803	0.5480911	1.2369800	1.3068832	1.2201896	0.6262867	1.0000000	1.3350501	2.0081676	4.7325595
