##############
# C1502 PWM for 13-mers
# Model trained on 12-mer peptides adding one non-specific position after P9.
# Copyright (2021) David Gfeller
##############
1.00000	95
A	0.8024787	1.5403601	0.9279746	1.0090737	1.6028966	1.1280061	1.0078011	0.7543345	1.0000000	1.0000000	1.2040452	0.7873465	0.4791506
C	0.6913413	0.6309052	0.6537571	0.6656543	0.7086000	0.7262310	0.7257843	0.7044603	1.0000000	1.0000000	0.7586339	0.3828923	0.4709534
D	0.4047243	0.5253384	0.5430091	2.7061709	1.0236437	1.1056624	0.8861885	1.2738580	1.0000000	1.0000000	0.5115910	0.4643053	0.2212736
E	0.5542349	0.4773150	0.3919996	1.3817373	1.1712213	0.9653729	0.9583311	0.7605849	1.0000000	1.0000000	0.6466946	1.6768713	0.2545397
F	0.8849577	0.3988482	2.3669779	1.1649707	0.8499727	0.9074387	1.0472788	1.6785867	1.0000000	1.0000000	0.8128490	1.6550189	1.6326338
G	0.4496868	0.7151406	0.4877458	0.3940665	0.7122263	0.8521689	0.8492301	0.9967383	1.0000000	1.0000000	0.7530325	0.7093400	0.2250505
H	1.8124299	0.4303826	0.5120667	1.3372746	0.6730413	1.0708810	1.0660794	0.6231423	1.0000000	1.0000000	0.8235344	0.9264475	0.2827939
I	0.6538504	0.9147022	1.5803328	0.6626056	0.7860852	1.2463523	1.3752382	1.3473177	1.0000000	1.0000000	1.4145239	1.0859926	1.8165561
K	2.7930468	0.5288168	0.5397343	0.5851399	1.0401029	0.7759102	0.9886199	1.0052141	1.0000000	1.0000000	0.6347131	0.8923830	0.5449723
L	0.7662845	0.5718075	0.9762012	0.7946568	0.5885243	1.3689926	1.1647157	1.4722842	1.0000000	1.0000000	1.5074961	1.3842619	3.4206123
M	0.5634892	0.7430057	1.7755733	0.5090936	0.6898572	0.8645864	1.2065091	1.2482700	1.0000000	1.0000000	1.8198925	1.4510849	1.5062432
N	0.5502654	1.5060525	1.9579749	0.9610973	0.5267190	0.8858733	0.7600638	0.7209139	1.0000000	1.0000000	0.9409416	0.4625088	0.2567495
P	0.4093875	0.3402538	0.3852454	2.3500870	2.2394165	0.5322402	0.7943524	0.6366865	1.0000000	1.0000000	1.0429790	0.2656873	0.2002575
Q	0.9257564	0.6183493	0.5492594	0.7520768	1.1289506	0.9788741	0.9771184	0.6851038	1.0000000	1.0000000	0.6881214	1.0115392	0.3052042
R	3.7703276	0.5391888	0.7953277	0.5100114	0.8734571	1.1350067	0.7582512	0.6243806	1.0000000	1.0000000	0.7999184	0.4574646	0.3182750
S	0.6313904	3.3718139	1.5483228	0.8059350	1.2003726	1.1374956	1.2153859	0.7363952	1.0000000	1.0000000	1.1327191	0.8417419	0.3031720
T	0.5784182	2.5162614	0.7701578	0.7770107	0.9149568	0.8233199	1.0994405	0.8575308	1.0000000	1.0000000	1.0165411	1.2494816	0.5008593
V	0.8203097	1.1918224	1.1349826	0.7620715	0.6677255	1.2147262	1.0892388	1.0892067	1.0000000	1.0000000	1.3601351	1.3712110	3.1777778
W	0.3960708	0.2985191	0.5018133	0.3599014	1.9774225	0.3417315	0.8945184	2.5762892	1.0000000	1.0000000	0.8877972	0.4867331	0.4129372
Y	1.4458925	0.4114233	2.3254589	1.4171563	1.0388910	0.6784535	0.7076632	0.9747924	1.0000000	1.0000000	0.6782618	2.2634157	0.9718432
