##############
# C1505 PWM for 13-mers
# Model trained on 12-mer peptides adding one non-specific position after P9.
# Copyright (2021) David Gfeller
##############
1.00000	200
A	1.2178017	1.3483711	0.7033988	0.9029019	0.5367914	1.5212869	1.0000000	1.0000000	1.0000000	1.0000000	0.7875272	0.7515298	0.3092842
C	0.7150885	0.4881129	0.5529210	0.6387022	0.6200018	0.7160642	1.0000000	1.0000000	1.0000000	1.0000000	0.6879226	0.2601351	0.3187454
D	0.4758909	0.4109937	2.3236509	1.8572358	0.6610290	0.3634238	1.0000000	1.0000000	1.0000000	1.0000000	0.2613272	0.4916121	0.1619581
E	0.6392032	0.3688956	0.4414993	1.4748288	0.6121075	0.7125967	1.0000000	1.0000000	1.0000000	1.0000000	0.3098440	1.3718457	0.2315600
F	0.8483809	0.2880163	1.0917608	0.4985346	0.6099175	0.6709529	1.0000000	1.0000000	1.0000000	1.0000000	0.7500475	1.2963455	3.3016401
G	0.5178394	0.9581881	0.5932407	1.1313559	0.8434166	0.4392618	1.0000000	1.0000000	1.0000000	1.0000000	0.2480284	0.2714734	0.1651785
H	2.6029323	0.7350290	0.7714218	0.8400823	4.3932002	0.9006406	1.0000000	1.0000000	1.0000000	1.0000000	0.6724750	2.0263115	0.3746397
I	1.0774276	0.8408444	1.1251502	0.8110816	0.6233456	2.1176713	1.0000000	1.0000000	1.0000000	1.0000000	0.9194197	0.9007414	1.1902177
K	2.2614289	0.4414144	0.4607726	1.4632171	2.4064218	0.5535078	1.0000000	1.0000000	1.0000000	1.0000000	1.2946264	1.6473474	0.2222152
L	0.5029322	0.2923065	0.8238799	0.4120718	0.5840836	0.7728921	1.0000000	1.0000000	1.0000000	1.0000000	2.2101136	0.7351531	4.2747447
M	0.4093791	0.3660872	0.4027498	0.3486415	0.7581958	0.8682714	1.0000000	1.0000000	1.0000000	1.0000000	1.1896139	0.4525441	2.8800640
N	1.0818775	2.1171957	4.1236570	1.0528878	0.9612564	0.7003930	1.0000000	1.0000000	1.0000000	1.0000000	0.4795399	0.7017945	0.1898337
P	0.2217630	0.2452188	0.2056708	1.4270491	0.3513272	1.1329225	1.0000000	1.0000000	1.0000000	1.0000000	0.4781423	0.2121520	0.2815788
Q	0.8159816	0.5497803	0.6585426	1.0377021	1.1465794	1.0174555	1.0000000	1.0000000	1.0000000	1.0000000	0.7405810	2.2002304	0.2233381
R	1.3193244	1.2873962	0.3199824	0.6819904	1.7079969	0.6524447	1.0000000	1.0000000	1.0000000	1.0000000	1.8751986	1.0234294	0.3400562
S	1.7093579	4.1743503	1.6494704	1.4725489	0.8362978	1.1226510	1.0000000	1.0000000	1.0000000	1.0000000	0.9049098	0.9450167	0.2147922
T	0.8793563	1.9336524	1.3461914	1.4899094	0.9415255	1.4053990	1.0000000	1.0000000	1.0000000	1.0000000	1.8088868	1.5375085	0.3282848
V	0.8961225	0.7145142	0.5866462	0.5369310	0.9259388	2.2877972	1.0000000	1.0000000	1.0000000	1.0000000	1.4513422	1.2263757	1.6444385
W	0.2939956	0.2307017	0.5708219	0.5127649	0.2959572	0.2312986	1.0000000	1.0000000	1.0000000	1.0000000	0.2779119	0.3256700	0.3778847
Y	1.7019157	0.6338968	1.4445713	0.4176003	1.7441156	0.3542831	1.0000000	1.0000000	1.0000000	1.0000000	1.0150144	2.0784418	1.4437084
