##############
# C1601 PWM for 13-mers
# Model trained on 12-mer peptides adding one non-specific position after P9.
# Copyright (2016) David Gfeller
##############
1.00000	82	0
A	1.2375114	4.1037198	1.6042124	1.0579500	1.4678104	0.9799441	0.9469849	1.1572571	1.0000000	1.0000000	0.5585329	2.1774708	0.5926258
C	0.9078951	0.7878625	0.7801328	0.7982564	0.8247266	0.7985109	0.7836638	0.8340567	1.0000000	1.0000000	0.7937823	0.5552032	0.4710750
D	0.4939840	0.4333871	0.5696165	2.9318640	1.2634997	1.0340146	1.7737670	1.0138698	1.0000000	1.0000000	0.7203988	0.7263974	0.3842276
E	0.4860244	0.4495159	0.4654357	1.0722837	0.9726654	0.9020615	1.0067520	0.8851812	1.0000000	1.0000000	0.6117460	1.0334966	0.3807424
F	2.0800353	0.7170152	0.9372933	0.5477463	0.7302885	0.5931899	1.2200866	0.8378070	1.0000000	1.0000000	0.7421671	0.7532777	3.7703731
G	0.7810329	1.2079460	1.0179318	1.2307363	1.4872795	1.3356650	1.0784160	1.5976390	1.0000000	1.0000000	1.1559334	0.6488045	0.2955592
H	0.4716169	0.3633479	0.9094318	0.4304648	0.8606187	1.0960741	1.5391125	0.6860510	1.0000000	1.0000000	1.3045971	0.6051419	0.4974462
I	1.3689629	0.9246161	1.0401084	0.6361285	0.8216954	0.9355054	0.6471826	0.8541562	1.0000000	1.0000000	1.2190027	1.0425636	0.9465948
K	1.1253699	0.5178413	0.7959025	0.7426885	1.0150227	1.6753824	1.0117331	1.1208744	1.0000000	1.0000000	1.3136579	0.9410890	0.4295739
L	1.0391870	0.5553366	0.8075885	0.6732573	0.5651513	0.9146176	0.9118162	0.8717180	1.0000000	1.0000000	1.0567335	0.8774343	2.7245715
M	1.1650904	1.4634845	1.0860966	0.7498954	0.5478894	1.0338029	1.2232262	0.6389001	1.0000000	1.0000000	1.3194383	0.6934185	2.2853053
N	0.7074553	0.6416469	0.8235612	1.0838225	0.8567318	1.4060628	1.1523438	1.1264195	1.0000000	1.0000000	1.1177404	0.6512004	0.3084644
P	0.2235677	0.3052833	0.3856740	1.2530698	1.5050182	1.0004735	1.1138496	0.5056673	1.0000000	1.0000000	0.7391954	0.5227029	0.1721204
Q	0.4523219	0.5936070	0.8701047	1.0405323	0.7830403	0.9572429	0.9255357	1.1840031	1.0000000	1.0000000	1.3427642	0.7904288	0.3379717
R	1.0858153	0.4426006	0.6167142	0.6094868	0.7554230	0.8624123	0.7725529	0.7936088	1.0000000	1.0000000	2.0533893	0.9990527	0.3663147
S	0.7713654	1.6152603	1.9646607	1.2046003	1.2977671	1.1744352	1.0674349	1.0422640	1.0000000	1.0000000	0.8170740	1.0316066	0.3569895
T	0.8225902	1.4836461	1.1395039	0.9612628	0.9643235	0.7595135	0.6345397	1.1595833	1.0000000	1.0000000	1.2230677	1.5939850	0.4299059
V	1.3415123	0.8812738	1.0797746	0.9245448	0.7647568	0.7194273	0.7353924	1.0129009	1.0000000	1.0000000	0.7877300	1.4561807	0.9007781
W	0.7049726	0.4088251	1.3462848	0.3864970	1.1814396	0.4210086	0.4744974	0.5146981	1.0000000	1.0000000	0.4169653	0.4243955	0.9549111
Y	3.1005213	0.4729587	2.4027676	0.8138412	1.0900409	0.8798744	1.1843658	1.7368484	1.0000000	1.0000000	0.5195663	0.6992485	4.6182708
