##############
# C1602 PWM for 13-mers
# Model trained on 12-mer peptides adding one non-specific position after P9.
# Copyright (2021) David Gfeller
##############
1.00000	228
A	2.1353754	6.8424083	1.8175708	0.9518760	1.0898635	1.2670092	1.0000000	1.0000000	1.0000000	1.0000000	0.4254561	1.1938621	0.3187455
C	0.7720499	0.5645800	0.6131927	0.6194568	0.6647312	0.7118159	1.0000000	1.0000000	1.0000000	1.0000000	0.5713756	0.2655085	0.3019220
D	0.2932139	0.4006307	0.4074488	2.2782434	0.5280726	0.3003136	1.0000000	1.0000000	1.0000000	1.0000000	0.3546901	0.6396265	0.1515590
E	0.3690693	0.3159866	0.4162329	2.7819469	0.7653529	0.6740037	1.0000000	1.0000000	1.0000000	1.0000000	0.4527974	2.2208243	0.1772381
F	1.0278628	0.2455001	0.4596781	0.2834147	1.1658644	0.5215727	1.0000000	1.0000000	1.0000000	1.0000000	0.2588705	0.3437901	1.3207485
G	0.3128957	0.7954986	0.3408987	1.3581072	0.4373675	0.2734319	1.0000000	1.0000000	1.0000000	1.0000000	0.2685754	0.3394779	0.1553231
H	0.6541793	0.2659075	0.3373720	0.5665977	1.6953917	0.2342084	1.0000000	1.0000000	1.0000000	1.0000000	3.8775629	0.8055218	0.3221254
I	1.3620694	0.3523951	0.6909545	0.3354611	1.3849985	2.0739650	1.0000000	1.0000000	1.0000000	1.0000000	0.2529775	0.6749261	1.4184021
K	1.4463712	0.3456085	0.3900004	0.4090552	0.6160667	0.4332255	1.0000000	1.0000000	1.0000000	1.0000000	4.4435312	1.2238836	0.2102264
L	0.6604586	0.2900487	0.4067797	0.2144680	1.0685760	1.4424743	1.0000000	1.0000000	1.0000000	1.0000000	0.5449227	0.4367350	2.9709491
M	0.6607927	0.3466000	0.8257143	0.3837305	0.6905375	0.6705532	1.0000000	1.0000000	1.0000000	1.0000000	0.5617402	0.8302725	2.3548241
N	0.9498074	0.3976066	1.3543350	1.3206173	1.4619657	0.5878407	1.0000000	1.0000000	1.0000000	1.0000000	1.8292208	0.8164870	0.1846844
P	0.2098776	0.2605470	0.2316760	1.9904154	0.1822757	1.1341214	1.0000000	1.0000000	1.0000000	1.0000000	0.2041763	0.2209523	0.1376935
Q	1.0416301	0.3180199	2.2967062	1.0543708	1.3035310	1.1841973	1.0000000	1.0000000	1.0000000	1.0000000	1.5018263	2.7619423	0.2183836
R	0.4516392	0.2715935	0.3344432	0.3705538	0.7832356	0.4701295	1.0000000	1.0000000	1.0000000	1.0000000	3.4011368	0.6172950	0.2085704
S	1.9143878	1.7064149	2.4152290	1.6197579	0.6890797	0.4868917	1.0000000	1.0000000	1.0000000	1.0000000	0.4060738	1.6421975	0.2135002
T	1.1709479	1.1469081	4.0454274	1.1677732	1.3540135	0.9102131	1.0000000	1.0000000	1.0000000	1.0000000	0.3357301	1.8866938	0.3314661
V	1.6335947	0.7016365	0.6736433	0.4376945	1.6951084	3.5404646	1.0000000	1.0000000	1.0000000	1.0000000	0.3334112	1.3671214	3.2377834
W	0.2707512	0.2031970	0.2516052	0.1885213	0.3128845	0.2213505	1.0000000	1.0000000	1.0000000	1.0000000	0.2352483	0.2246276	0.4404456
Y	1.5515301	0.2746316	1.2908826	0.3519332	2.4631487	0.5149349	1.0000000	1.0000000	1.0000000	1.0000000	0.8601509	0.6062601	5.4802042
