##############
# C1701 PWM for 13-mers
# Model trained on 12-mer peptides adding one non-specific position after P9.
# Copyright (2016) David Gfeller
##############
1.00000	30	0
A	0.8031404	3.1578992	1.6468798	1.1594510	1.0275203	0.9843821	1.1860725	0.8311462	1.0000000	1.0000000	0.7503077	1.1389792	0.5398838
C	0.9744961	0.9414668	0.8608619	0.8979494	0.8373455	0.8869951	0.8972381	0.8881332	1.0000000	1.0000000	0.8628105	0.6171009	0.6625882
D	0.6490087	0.4778725	0.7348934	1.0783186	1.2024518	1.7139490	1.2004639	1.0032202	1.0000000	1.0000000	1.2161462	1.3649820	0.5604640
E	0.4190157	0.5133580	0.4855068	0.6862208	0.9203944	0.9649722	0.6153741	0.4773329	1.0000000	1.0000000	1.1246466	0.7918581	0.3266361
F	2.3149377	0.9115985	1.3992986	1.2214210	0.5598632	1.0243119	0.8656970	1.1409872	1.0000000	1.0000000	0.5693376	0.7262403	2.0345187
G	0.4275909	0.8145803	1.4569950	1.9740997	2.5850878	0.8339655	1.2155086	1.3329422	1.0000000	1.0000000	1.6758815	0.8203262	0.3236476
H	0.5216074	0.4107595	0.9464563	0.4278764	0.5290641	0.5330686	1.4629987	0.9553024	1.0000000	1.0000000	0.5028881	0.4943372	0.3399680
I	1.8728741	0.9170772	1.0732124	1.0324233	0.8648588	1.0641670	0.9234788	1.6070693	1.0000000	1.0000000	1.3979417	1.0833288	1.3631545
K	0.6692791	0.5864736	0.7130982	0.7597033	0.8578959	0.8089461	0.8130008	0.6877931	1.0000000	1.0000000	0.8113887	0.8249448	0.3861507
L	1.2730422	1.2241889	1.3421900	1.2976859	0.9538878	1.1797363	1.0045991	1.2772792	1.0000000	1.0000000	0.7951860	1.8158781	4.1346727
M	1.7595705	0.9285685	0.9212168	0.8706573	1.0814284	0.8660808	1.1495667	0.9273544	1.0000000	1.0000000	0.7728991	1.7876839	2.4402180
N	0.4683512	0.5497165	0.5711258	0.8911054	1.5440866	1.2557520	1.8658455	0.5768637	1.0000000	1.0000000	1.2517250	0.9073677	0.3400337
P	0.2398954	0.3550091	0.8854183	1.1653147	0.8773734	0.5885347	0.8945167	1.4458415	1.0000000	1.0000000	1.1773576	0.2858075	0.2041414
Q	0.4592395	0.5267090	0.4996386	0.5264786	0.6219564	0.6071485	0.8359711	0.4762349	1.0000000	1.0000000	0.8520314	1.0779723	0.3777115
R	0.7308403	0.5112907	0.5150803	0.7706952	1.0797936	0.8220412	0.6136469	0.4889171	1.0000000	1.0000000	0.5746831	0.8591364	0.4220107
S	0.8084285	1.6637966	1.0147419	0.7047440	0.8653527	0.8784469	1.2315541	0.7649964	1.0000000	1.0000000	1.0023823	0.8222318	0.3831997
T	0.6506623	0.8530744	0.8579389	0.9930227	0.6337089	1.2309467	1.0957454	0.9928069	1.0000000	1.0000000	1.0611628	0.8575512	0.5424043
V	1.6209260	1.4625450	1.0288587	0.9728795	0.7361056	1.1082610	0.7993655	1.0101295	1.0000000	1.0000000	1.1447055	1.1814671	1.0414160
W	2.6597762	0.5111399	0.6655017	0.5197177	0.5169047	0.6147967	0.4958073	0.6775264	1.0000000	1.0000000	0.5011520	0.5686899	0.6853880
Y	2.6499440	0.6227607	1.5807165	0.6311602	0.9121390	1.4602235	0.6561709	1.9359139	1.0000000	1.0000000	0.9312878	1.0055481	0.8511373
