##############
# G0101 PWM for 13-mers
# Model trained on 12-mer peptides adding one non-specific position after P9.
# Copyright (2021) David Gfeller
##############
1.00000	83
A	0.7081670	0.6461244	0.8260434	1.1202743	0.9970344	1.1474934	0.9130487	1.2948031	1.0000000	1.0000000	0.5247818	1.2464685	0.4174673
C	0.6841519	0.5487143	0.6391465	0.7124320	0.6838276	0.7020918	0.6991425	0.7292748	1.0000000	1.0000000	0.7571329	0.4227992	0.4755504
D	0.6966305	0.3286406	0.3593543	0.8814602	1.0348560	1.2998195	1.3727926	0.7019596	1.0000000	1.0000000	0.5000314	0.7010937	0.2055770
E	0.7017019	0.3326331	0.3537849	0.8829947	1.2399061	1.5344035	1.3325167	0.7251512	1.0000000	1.0000000	0.7421469	1.0160029	0.2328001
F	0.5706902	2.8234246	0.8851897	0.8524631	0.5610944	0.4291512	1.5455970	0.8304285	1.0000000	1.0000000	0.9963383	1.3273364	1.5490912
G	0.4807307	0.9442671	0.6572049	1.0808464	1.7824996	0.8555857	0.8180581	1.1549777	1.0000000	1.0000000	0.2996838	0.4936238	0.2145978
H	0.7719914	0.6287087	0.3244343	0.7082152	0.9521796	1.1958275	1.1878831	1.1874084	1.0000000	1.0000000	1.1278415	1.1621405	0.2781438
I	0.8234087	2.0887039	1.6341735	0.5478170	0.8983981	0.7039573	0.8044100	0.9657823	1.0000000	1.0000000	1.9215881	0.9923621	1.6087760
K	3.4644892	0.5889165	0.4136379	0.9530574	1.2753686	1.2020504	0.7957782	0.6232990	1.0000000	1.0000000	0.6333304	0.7237351	0.2926229
L	0.7548690	1.5430710	0.9772996	0.6984254	0.7890548	0.9853633	0.7367621	0.6146620	1.0000000	1.0000000	1.7003956	1.7114579	5.4798337
M	0.7704588	1.2193537	0.6078208	0.5175189	0.7337274	0.9651235	0.7737023	0.7564372	1.0000000	1.0000000	0.8674786	1.1839309	1.6364924
N	0.7271777	0.6604775	0.4955133	0.9997652	1.2615605	1.1383926	0.9699199	1.0597681	1.0000000	1.0000000	0.8176289	1.0336682	0.2365684
P	0.3034954	0.9599058	6.6427193	2.4825653	1.4577555	1.4685201	1.5903352	1.8803788	1.0000000	1.0000000	0.6812171	0.2779495	0.1924996
Q	0.7684411	0.5019599	0.3496282	0.9363205	0.9634432	0.7443666	1.0541724	0.7486652	1.0000000	1.0000000	0.7007913	1.1715309	0.2927647
R	3.7533044	0.8002773	0.3170504	1.1451927	0.8521940	0.8549277	0.5733246	0.9703733	1.0000000	1.0000000	0.8381875	1.0182185	0.3083943
S	0.6008755	0.6445863	0.5332146	1.6600143	0.8882890	1.2632278	0.9993703	1.0240082	1.0000000	1.0000000	0.5855400	0.6985777	0.2712310
T	0.6131319	0.8064812	0.6187098	1.2038206	1.0302701	0.8779543	0.9507362	1.0621061	1.0000000	1.0000000	1.0410318	1.2436218	0.4491762
V	0.6583360	1.4652431	1.3016790	0.5679835	0.5373490	0.6888722	1.2339136	1.2737793	1.0000000	1.0000000	2.4499608	1.3138912	1.0431787
W	0.3569089	1.0830811	0.2592339	0.3226304	0.3235818	0.3182131	0.3803951	1.0007195	1.0000000	1.0000000	0.4221895	0.9995521	0.4308974
Y	0.8638760	1.1683582	0.4428899	0.6681169	0.6363540	0.6439588	0.9895478	1.5146213	1.0000000	1.0000000	1.5593638	0.6062784	0.6127344
