##############
# A0101 PWM for 8-mers
#
# Copyright (2018) David Gfeller
##############
1.00000	275	2
A	0.9106079	0.7454236	0.4389838	0.5656090	1.0554544	0.5837114	0.6062250	0.3532275
C	1.6489680	0.9459791	0.5203051	0.9698092	0.9928836	0.9970585	0.9119880	0.3158459
D	1.1280960	0.2628779	10.9222982	1.0463147	0.9214129	1.2902114	0.5317254	0.5095990
E	0.6481685	0.2515976	2.4626440	1.4197682	0.6716965	0.6628993	1.4798278	0.5298167
F	2.1931923	0.4197034	0.2739016	1.5590628	1.6050143	0.8341065	1.8226211	2.0599918
G	0.4623013	0.2887344	0.3967086	0.5162323	0.9858737	0.9358996	0.3220304	0.3401795
H	1.1477176	0.1988607	0.2866050	1.1453046	1.1208327	1.0408336	0.9915545	0.5108399
I	0.8150242	1.0265202	0.1482540	1.0884791	1.1564697	1.0925902	0.5400215	0.5298787
K	0.5091865	0.2933801	0.3592741	1.1992761	0.5467128	0.8121417	1.2777596	0.8194106
L	1.6337453	1.6024103	0.1695044	1.1098406	1.0566095	1.5217834	2.0678305	1.3614307
M	1.3477708	0.9833408	0.1972258	0.8053020	0.6982614	1.3421821	0.9722345	1.0476565
N	1.0779212	0.3458753	0.8361932	0.7233043	1.0017573	1.3214773	0.9239977	0.3141440
P	0.1743917	0.1640781	0.1601634	1.1984386	1.6576793	0.6037776	0.3171971	0.1203924
Q	0.7370604	0.3921091	0.5075144	0.9936306	0.8189499	1.3877622	0.9950371	1.0068752
R	0.3621107	0.3188601	0.2818586	1.0732622	0.6218773	0.6573673	1.2325042	0.7426366
S	0.7275442	3.0174117	0.4214935	1.0590494	1.2343022	1.2428783	0.6144819	0.6968624
T	0.8308258	4.8956771	0.4238292	0.6730067	0.9508140	1.3641083	0.6956917	0.5443604
V	1.0661802	1.2430150	0.1562134	0.7984237	0.7485184	0.8584183	0.5773965	0.6341333
W	0.6718145	0.2462263	0.1738018	0.5725116	1.3742892	0.2608619	2.0044663	2.6153078
Y	3.4116061	0.2781470	0.1866435	1.3750697	0.9536736	0.6499067	2.3518505	10.4425505
