##############
# A0206 PWM for 8-mers
# Model trained on 9-mer peptides removing position 5.
# Copyright (2021) David Gfeller
##############
1.00000	2485
A	1.6290028	0.9647160	1.0281368	0.4844668	0.4209814	0.6445567	0.8992115	0.8755571
C	0.6895823	0.1974010	0.6544462	0.9095101	0.9284792	0.9211668	0.6247091	0.3099903
D	0.0559320	0.0734047	0.9048869	3.2509834	0.5307356	0.5436958	0.2790585	0.0250897
E	0.1946167	0.0567362	0.2256585	3.6625589	0.2926805	1.8243178	2.0844010	0.0279855
F	1.5931118	0.0883703	0.9518768	0.2066619	3.2682387	0.9931182	0.4112785	0.1398175
G	0.7648070	0.1654027	0.1269201	0.9878272	0.1488762	0.0603414	0.8265491	0.0390236
H	1.1735058	0.0402363	0.8708174	0.6897274	0.4063637	3.0588615	1.5071856	0.0265881
I	0.7376603	2.0157770	3.0180458	0.1845883	2.4357340	1.2922110	0.1046788	1.8525494
K	1.9782833	0.0525022	0.1365074	1.0484804	0.2493252	0.6566516	2.3998623	0.0394149
L	0.4724084	2.0199366	1.9141139	0.1978889	2.7712814	0.6726684	0.3809300	3.4529162
M	0.7096370	1.0562607	1.7807321	0.2178021	1.0475495	0.6191719	0.3266638	0.5157722
N	0.9713629	0.0617479	0.2619548	0.8246691	0.5077414	0.8118053	1.1047612	0.0283259
P	0.0544932	0.0655742	1.8278933	2.3273411	0.3568104	1.9895662	0.1538553	0.0238062
Q	1.0843580	4.9064653	0.5693657	1.0349706	0.5221211	1.6275592	2.3742194	0.0326031
R	1.5129097	0.0680230	0.2317158	0.5342750	0.3112513	0.5800142	1.5689930	0.0313567
S	2.0964551	0.2830807	0.3424572	0.8575716	0.3164274	0.5802556	1.3759429	0.0622072
T	1.1652851	1.7328009	0.8475116	0.7710791	0.7728843	1.0170418	1.7510279	0.1615010
V	0.7854322	3.8594299	1.8347910	0.3067086	2.2241858	1.4805827	0.3810594	6.8012882
W	0.1687913	0.0362211	0.7572078	0.2450619	0.3240025	1.3348347	0.0382959	0.0368214
Y	1.8202587	0.0515932	1.0388997	0.2706637	0.4204704	1.1355425	0.9285026	0.0534048
