##############
# A0203 PWM for 8-mers
#
# Copyright (2018) David Gfeller
##############
1.00000	26	2
A	1.5054882	0.5682031	0.8192626	0.6514381	0.7825701	0.7302208	1.4678025	0.9624657
C	1.0058316	0.8165340	0.8302036	0.9751183	1.3368727	1.2088166	0.9702603	0.9697375
D	0.4056961	0.2704600	0.4734441	0.9456861	0.3344915	0.4888621	0.8168037	0.3072878
E	0.4347454	0.2990086	0.4016089	0.8254081	0.3391777	0.7274154	1.6896144	0.3297119
F	2.6436792	1.0766873	4.3507136	0.8183957	0.7448605	0.9871664	0.5819851	0.7770160
G	0.8740779	0.3113329	3.4330972	0.5687287	0.3643802	0.4456032	1.9703451	0.3680187
H	0.6895499	0.3154458	1.6043066	2.7428725	0.2737164	0.4314702	0.6589958	0.2641826
I	1.2111228	1.9116160	0.5083741	0.4364178	2.7203699	1.6669546	0.4539024	2.6131223
K	0.5420011	0.3918070	0.4959636	2.5828604	0.4129937	0.9448879	0.8250981	0.3966037
L	0.9431406	4.1516544	0.6265665	0.4693828	1.3594698	1.1755166	0.6009280	1.5342009
M	0.8838324	2.5919694	0.6705206	0.6403115	1.2334452	1.0274634	0.6429966	1.3002581
N	0.5078744	0.3043169	0.9268455	1.1625565	0.3766405	0.5868563	1.3974355	0.3375788
P	0.2801466	0.2112012	0.2294269	0.3204611	0.5806101	0.2902317	0.3465225	0.2415638
Q	0.4830590	0.3842317	0.4361367	1.1989378	0.3793181	0.8835667	1.3190145	0.3710490
R	0.7622649	0.4246825	0.7317843	2.7763612	0.3864302	1.7389561	0.9669439	0.3804266
S	0.8648601	0.3795740	0.6063613	0.8949911	0.5326680	0.7290743	1.2462264	0.4906733
T	1.0525291	0.5789397	0.4895867	0.8401005	1.1709778	1.9390230	1.3381650	0.7728602
V	0.9762270	1.2421554	0.4662731	0.5592799	3.3495461	1.7942573	0.5349572	3.7687617
W	1.1518322	0.6082318	2.9591250	2.5414564	0.4815373	0.5389476	0.6240291	0.4927689
Y	4.2898416	0.6668474	1.9033319	0.8358850	0.6002625	0.6526105	1.4756528	0.6175495
