##############
# A0201 PWM for 8-mers
#
# Copyright (2018) David Gfeller
##############
1.00000	276	2
A	1.5250977	0.3209829	1.3656659	0.8878288	1.2227047	0.9279356	1.4317212	1.0894496
C	0.8507486	0.4919898	0.8085701	1.0652875	1.1222015	1.0974044	0.8735116	0.5928374
D	0.3236591	0.1467402	1.8133455	1.8706011	0.7397202	0.5518819	0.4961158	0.1539602
E	0.3213512	0.1759342	0.5598334	1.2971852	0.6834718	1.0560336	1.3492693	0.1714039
F	2.8234390	0.4763181	1.6037389	0.6425472	1.2016085	1.3528124	0.8532729	1.0235697
G	0.9796711	0.1611534	2.9645822	1.2207853	0.9159645	0.3251176	0.8124996	0.1937811
H	0.5198797	0.1623595	0.4117142	0.8727081	0.8278512	1.2047234	0.9777643	0.3431832
I	1.0426084	1.4046187	0.7638010	0.5346408	1.5810875	1.2368282	0.7523390	1.5568836
K	1.2280659	0.2133414	0.3235203	1.7365974	0.6478538	0.6651876	1.4514716	0.3731248
L	1.2929181	5.8706181	1.3489093	0.7173612	1.0870186	1.2279333	1.1835489	2.8475800
M	1.0501387	2.1272306	0.7925927	0.5270260	0.4511495	0.8437699	1.1109853	1.2552696
N	0.5028912	0.1678447	0.6759151	1.1188946	0.6760427	0.6130711	0.7150275	0.1771433
P	0.1365729	0.1071313	0.4597964	1.3886264	0.8683241	1.1840243	0.7032711	0.1175369
Q	0.4490931	1.0520389	1.1616911	0.8913798	0.6223338	1.1234505	1.5486141	0.1982156
R	0.9420966	0.2244606	0.3502546	0.8528290	0.6580984	0.6779081	0.6997807	0.3118520
S	1.1063402	0.2468823	0.7715354	1.1056415	0.6375631	0.5037904	0.8638872	0.2514438
T	0.8556819	0.6030841	0.6125954	0.9468248	1.1255038	0.9301113	0.8606207	0.6432078
V	0.9664886	1.0851681	0.5630243	0.6053366	2.0245774	1.5552808	0.8611760	3.7694583
W	0.6512841	0.2813010	1.1084736	0.7763048	0.5457312	3.2949463	0.8462323	0.2946263
Y	2.2987496	0.3119721	0.9234519	0.5310240	0.9213261	1.4761648	1.5972796	1.0241123
