##############
# A0204 PWM for 8-mers
#
# Copyright (2018) David Gfeller
##############
1.00000	22	2
A	1.4349370	0.5764933	0.7719403	0.8811965	1.2582394	0.4664380	1.9241269	0.6590718
C	1.0607046	0.8283053	0.8454950	1.0401208	1.2905307	0.9615452	1.0056267	0.9174103
D	0.5011145	0.2732804	0.5159912	0.6549008	0.3655862	1.0736822	1.4267671	0.2797204
E	0.4695639	0.2983153	0.6010571	1.2175633	0.3595931	0.4565507	1.3071106	0.3070025
F	1.8847880	1.1001789	3.5118542	0.9252635	1.1850776	3.6352040	0.5212539	1.0075496
G	2.1333960	0.3133469	5.0300416	0.5535165	0.4618973	0.4427588	0.7509318	0.3230624
H	0.4412075	0.3137195	0.4577346	1.1868010	0.3254866	1.7961737	0.6263550	0.2911889
I	1.1494499	2.0037813	0.5059340	0.9079903	2.8749122	0.6023115	0.4898111	2.0277166
K	0.5939270	0.3919489	0.4717718	2.4795993	0.4472970	0.4081066	1.7717416	0.3888027
L	1.0757789	4.1046293	0.7390853	0.9354415	1.4955214	0.6803201	0.6550928	3.4361815
M	0.9000737	2.2943092	0.6563574	0.8242507	1.2163861	0.7340843	0.6992031	1.7232347
N	0.6404363	0.3064200	0.6332286	0.7225478	0.3902885	0.5163502	0.8097293	0.3135392
P	0.3065042	0.2143939	0.6352968	0.7202981	1.0405668	0.1796330	0.3833196	0.2221407
Q	0.5099132	0.3801403	0.4238462	1.2081443	0.3905963	0.4169020	1.4485132	0.3723708
R	0.8193643	0.4231195	0.4098168	2.0161244	0.3952836	0.4406662	1.2364399	0.4102790
S	1.4799811	0.3804269	0.6340149	0.8929364	0.5942324	0.4467762	1.3057491	0.4077992
T	1.0054359	0.5876550	0.4964691	0.6662400	0.9330249	0.4563642	0.9993274	0.6512722
V	1.1156305	1.2910397	0.4620723	0.6524002	1.8917277	0.6435271	0.5811124	2.1742072
W	0.6294055	0.6142664	0.7888326	0.5349686	0.5330071	22.0046635	0.5604577	0.5766980
Y	0.8215361	0.6777712	1.1085190	0.6992501	0.6861583	2.9533598	1.0913010	0.6628838
