##############
# A0207 PWM for 8-mers
#
# Copyright (2018) David Gfeller
##############
1.00000	34	2
A	1.2185705	0.6178022	0.7873327	0.6578201	0.8222531	0.8570517	1.2913706	0.6839142
C	0.9579079	0.8095985	0.8383100	1.0086559	1.2103687	1.0944082	0.9580433	0.9109557
D	0.4648129	0.3038873	1.7744088	1.7034566	0.3691591	0.4046609	0.9095651	0.2712708
E	0.5583577	0.3401706	0.7572835	1.4697635	0.3972741	0.6157964	1.1924140	0.3019393
F	1.8327039	0.9258554	0.4476340	0.7267563	0.7379579	3.5324251	0.4871394	0.8947528
G	1.0411926	0.3311793	0.7664617	0.7885816	0.6608146	0.4424320	1.3776957	0.3163043
H	0.4768304	0.3142804	0.4371342	0.9498327	0.3644085	0.9793521	1.8193783	0.2676613
I	1.1322251	2.0574024	0.4774777	0.4107169	1.9996062	0.9415950	0.5645881	1.8630438
K	2.2419951	0.4206369	0.5828173	0.8322407	0.4971882	0.8400365	1.2710475	0.3726676
L	1.4108701	3.3174042	0.6760101	0.6303197	1.5993593	0.8874439	0.8469676	3.0721602
M	0.9428859	2.2175152	0.8697988	0.5418705	1.0793180	0.8422854	0.7260507	1.5309022
N	0.5650360	0.3508139	0.5947846	1.2020339	0.4088962	0.4656845	1.0072416	0.3058898
P	0.2960626	0.2235780	5.5643361	3.9694371	1.8170915	0.7586510	0.3203091	0.2167212
Q	0.6455118	0.6175839	0.5075482	0.6640814	0.6378878	0.7071227	1.4071597	0.3584926
R	1.0614952	0.4315276	0.4564820	0.5738311	0.6550712	0.7607612	1.2077861	0.3880790
S	0.8000443	0.4526991	0.6371464	0.8326966	0.6475838	0.5488764	1.1969777	0.4106864
T	0.7972473	0.9632549	0.5806121	0.7762345	0.6527321	0.7254788	1.0252352	0.6622805
V	0.8766156	1.7723058	0.5634293	0.4195335	1.9251763	1.2343019	0.7714781	2.9656625
W	0.6420357	0.5542715	1.9577524	0.4314111	2.0822799	5.6640994	2.0700094	0.5269365
Y	1.1655276	0.6268279	0.8519451	0.9131241	0.9786738	2.7919660	0.6487979	0.6221891
