##############
# A0202 PWM for 8-mers
# Model trained on 9-mer peptides removing position 5.
# Copyright (2021) David Gfeller
##############
1.00000	2351
A	1.5254010	0.1556247	3.6725146	0.6219949	0.5485551	0.8904947	0.7205343	0.6738505
C	0.6916624	0.2004218	0.6753950	0.9110088	0.9461070	0.9240428	0.6251874	0.3087862
D	0.0457194	0.0398780	0.1653722	3.3301984	0.4773780	1.4173804	0.1994922	0.0246670
E	0.1344148	0.0286023	0.1568006	3.9299910	0.9711619	2.3167720	1.6621225	0.0280153
F	2.2303310	0.1463213	1.2200104	0.2278282	0.6141823	0.4863882	0.8994525	0.1499768
G	0.7129548	0.0312571	0.4320717	0.8309017	0.2639850	0.1038002	0.5097268	0.0332477
H	1.1772837	0.0318298	1.6104852	0.9825514	0.8411879	3.9903025	2.0481117	0.0297061
I	0.9467689	0.8900109	0.7437603	0.1537619	2.4760272	0.5657380	0.1687892	1.1524910
K	1.5706215	0.0550440	0.9049757	0.8738552	0.3987358	0.6126780	2.2163824	0.0474970
L	0.8751921	8.1825210	0.1139463	0.1536548	1.6712399	0.2340761	0.6538085	6.8988495
M	0.8046452	2.9252114	1.1497181	0.1963092	0.4457596	0.4273503	0.6523608	1.0158514
N	0.5421698	0.0380126	1.9032272	1.0366478	1.3706867	1.5835763	1.4224124	0.0280205
P	0.0476379	0.0227456	0.4832703	1.5965229	0.4994773	0.6303518	0.1287648	0.0235521
Q	0.6980470	0.2830987	0.5890272	1.1035948	1.4371391	2.5964858	2.5027759	0.0342840
R	1.0028974	0.0362754	0.3030933	0.3983862	0.4243636	0.5489850	1.9334464	0.0416515
S	1.8845860	0.0651394	3.1244114	1.2545821	0.7266807	0.9440404	0.9737963	0.0361084
T	1.0007464	0.3633487	0.5665669	0.7258227	1.3562475	1.1629292	1.2148711	0.0713871
V	0.9234555	0.5619710	0.3519365	0.2697452	2.1313048	0.8533862	0.3797570	2.6460878
W	0.2832118	0.0445049	0.1437751	0.4534183	0.2404912	1.0887085	0.1114671	0.0423027
Y	3.0012094	0.0863899	1.0406637	0.2337643	0.8268326	1.2685726	1.6412431	0.0580084
