##############
# A0211 PWM for 8-mers
# Model trained on 9-mer peptides removing position 5.
# Copyright (2016) David Gfeller
##############
1.00000	199	0
A	0.9541302	0.4239043	1.2099335	0.9495542	0.7904341	1.0515146	1.1362981	0.9541873
C	0.7338756	0.4808317	0.4148171	0.8454941	0.5955612	1.6563465	0.7301130	0.6548703
D	0.4865725	0.2014542	1.5832159	2.4168082	0.7994426	0.6196227	0.6008473	0.2073575
E	0.5582221	0.3736646	0.6120166	2.2027224	0.6117190	0.8662201	1.1053778	0.3278620
F	2.3202433	0.9732685	1.3081561	0.7195374	1.1067359	1.9965144	1.1330081	1.1664348
G	1.0487754	0.3451868	0.8473975	1.2845147	0.8774815	0.5215018	1.2253064	0.2652355
H	0.8463049	0.2338727	0.9647897	0.3508954	1.6236949	1.6397066	2.0289011	0.2238734
I	0.8946218	1.5029485	0.8452831	0.7076390	1.7290923	1.5898419	0.6594618	1.7835134
K	1.1126850	0.2719102	0.6620246	0.8691009	0.5369548	0.6317118	0.7934152	0.5137717
L	0.8940394	3.9340583	0.9620892	0.4898501	1.4842207	0.8678104	0.6923850	2.5494975
M	1.2956551	4.9835449	1.3946659	0.8158628	1.3691123	0.8223656	1.2422703	1.4236997
N	0.9192230	0.2974763	0.7970568	1.0875084	0.6288968	0.7552162	0.7462829	0.3724008
P	0.2588075	0.4412211	1.0415272	1.2728016	0.6099285	1.3192217	0.9838029	0.3108338
Q	0.4998542	0.6562475	1.2637473	1.0481210	0.8629783	0.9408038	0.8472700	0.4884096
R	0.9288419	0.3757108	0.6146487	0.5276801	0.5948114	0.3592360	0.8161258	0.2536851
S	1.1268313	0.4040080	0.5095328	0.9435083	1.0655874	0.5835099	1.1699486	0.4333307
T	0.7885711	0.9365506	0.9349757	0.4932428	0.9078794	1.0548572	1.1971007	0.9169292
V	1.1626381	1.2761831	0.7853737	0.3819142	1.3054357	0.9468743	0.8445826	3.4776108
W	1.6158173	0.6011178	3.0979864	2.9902927	2.1266613	3.3693645	2.1340621	0.5944179
Y	3.1465028	0.6220642	2.8675226	0.8972377	1.3188516	1.6137049	1.6501966	0.9574916
