##############
# A0217 PWM for 8-mers
# Model trained on 9-mer peptides removing position 4.
# Copyright (2016) David Gfeller
##############
1.00000	139	0
A	1.0019875	0.6037127	1.3447607	1.3607136	0.7573062	0.8872305	1.3027811	1.1398034
C	0.7659476	0.4064309	0.5584551	0.7683208	0.9957372	0.3329868	0.3503605	0.4435692
D	0.3612617	0.2070903	0.9647379	0.6465118	0.5516235	0.3808758	0.5889680	0.2097274
E	0.3302407	0.2391002	0.3189256	0.3190022	0.3679043	0.6282142	0.5519887	0.2320953
F	1.7137946	0.6917702	1.6494181	1.5621927	0.8449140	1.6374555	2.3137758	0.5941345
G	0.6313160	0.2155044	0.6641207	2.2022161	0.4160861	0.4246602	0.7572486	0.2409880
H	0.5275192	0.2522359	0.3286780	0.4795267	0.9167386	0.9549061	0.6623908	0.2096150
I	1.6274043	1.7866733	1.2630336	1.0662776	1.9993642	1.6637199	0.8854492	2.2766387
K	1.0246565	0.2960462	0.5275098	0.7390915	0.3428093	0.4244346	0.7773156	0.2758536
L	1.7149385	4.0534903	1.7532234	1.2223137	2.0074378	1.2100635	1.1739035	2.7443486
M	2.3145658	5.8833105	3.6101179	0.7081859	2.2090077	1.4833006	0.8523553	1.2006108
N	0.3394796	0.2378527	0.8950195	0.4845758	0.8908819	0.3304843	0.4024372	0.2319102
P	0.2117846	0.1812783	0.6787350	0.5113173	1.2548841	1.8191679	1.3762820	0.1938685
Q	0.8510998	0.4991179	0.3380996	0.4358730	0.5236941	0.3467788	0.5705549	0.2685557
R	0.7601711	0.2911800	0.3149526	0.4050484	0.3806201	0.6157322	0.5121268	0.2565512
S	0.7263066	0.3032040	0.7294001	0.6342232	0.7254189	0.7763261	1.3125373	0.4389874
T	0.9522780	0.8624950	0.5118680	1.5981998	1.1956491	1.0858042	1.6361808	0.6354932
V	1.3066957	1.4533725	0.9197354	1.3039673	1.9399405	1.2496270	0.8837029	4.2339001
W	1.2523908	0.3373010	5.6847906	1.5889276	0.3009656	7.3251992	2.4233569	0.2941571
Y	2.3888425	0.4460903	1.0111553	1.3400558	0.5856150	1.3406944	1.3019165	0.4201126
