##############
# A0220 PWM for 8-mers
# Model trained on 9-mer peptides removing position 5.
# Copyright (2016) David Gfeller
##############
1.00000	652	0
A	0.6627886	0.2634377	1.1697859	0.7685406	0.6300674	0.9300424	1.1690571	1.0440911
C	0.7481811	0.3715233	0.7634073	1.0454991	1.1021800	1.0682464	0.8182911	0.4774690
D	0.1693487	0.0875857	1.1462632	2.3239484	0.4338253	0.4916526	0.3331633	0.0805238
E	0.2921597	0.0968006	0.2142952	3.4523969	0.7061051	1.4508702	2.2682323	0.0892177
F	0.1037168	0.2768125	1.5151260	0.0978976	0.4111702	0.7483338	0.4300933	0.2279160
G	0.4797999	0.0963817	0.6327192	1.0163868	0.2999423	0.1896842	0.7690339	0.1034335
H	1.0301844	0.1760971	1.1068572	1.2066665	0.5052150	4.0087389	1.4364116	0.0763274
I	0.4461721	1.7269975	1.0838812	0.1728804	2.0079248	0.8932571	0.2361241	1.3072552
K	8.7740841	0.1184351	0.3932716	1.4295975	0.4704698	0.6703956	1.6304405	0.1086447
L	0.2382730	5.0260938	1.9359626	0.1062215	1.5890517	0.6434955	0.3707460	3.5210021
M	0.5496575	2.1883117	2.9839934	0.2522717	0.8130239	0.6314737	0.2878153	0.6027987
N	0.2125025	0.1610659	0.9801056	1.1944693	1.1075621	1.0272939	1.0371300	0.0895453
P	0.1845290	0.0631385	0.4013656	1.3317514	1.2755593	1.7334851	0.1592113	0.0641580
Q	0.4656589	0.6525592	1.7256301	1.7753629	1.0241385	1.5625109	2.2162116	0.1026883
R	2.5856639	0.1212215	0.4312750	0.8148025	0.3459419	0.4783559	1.3567170	0.1085766
S	0.6166326	0.2772655	0.6038056	1.1986226	0.8037430	0.6625033	1.6512029	0.1526324
T	0.4566829	1.2725518	0.5640305	0.7350096	0.9295036	1.1181304	2.2561602	0.2129610
V	0.4408996	2.1559833	0.5389302	0.2925286	2.6266103	1.1286611	0.3071755	5.4058909
W	0.1258381	0.1514526	2.6662414	0.2458264	0.1327914	0.8019985	0.1514944	0.1406877
Y	0.1915470	0.1722209	1.9713877	0.1805590	0.2894054	1.3104724	1.1913935	0.1670812
