##############
# A0301 PWM for 8-mers
#
# Copyright (2021) David Gfeller
##############
1.00000	158
A	1.1151009	0.6541351	1.0068772	0.5708555	0.8413845	0.6464803	0.9753924	0.4010157
C	0.6699695	0.5736527	0.6942814	0.8447186	0.8793553	0.8875242	0.9775669	0.2269408
D	0.4300465	0.2668659	1.0915938	0.7411291	0.4096260	0.5308707	0.4197021	0.4051641
E	0.5094820	0.5114781	0.8392128	0.7585663	0.5237559	0.4515308	1.2767621	0.5937757
F	0.6431252	0.9343139	2.8708191	0.9350022	0.7855866	0.8525592	0.6843869	0.4033081
G	0.5138660	0.2392685	1.0423644	0.9090287	1.6627176	0.5146327	0.7600950	0.3186456
H	1.7367104	0.4229815	0.9491638	1.0954963	0.9265569	0.6241578	0.5378001	1.5147285
I	0.9409262	2.6672455	0.6756822	0.9248461	1.5739351	2.1538473	0.7176654	0.2662949
K	2.9518384	0.4349911	0.9702208	1.8163314	0.7505678	1.1077597	0.9806550	7.5970854
L	0.5489626	2.7379342	0.4834467	0.9456709	1.1922211	1.6661169	1.4356049	0.2703865
M	0.6068046	1.0861278	0.5823050	0.6270424	0.9466986	0.7757241	0.5281293	0.3748342
N	0.5456707	0.5577142	0.8353093	1.0139347	0.7391720	0.8780522	1.3706570	0.5222705
P	0.3336610	0.1962751	0.3810268	2.0120996	1.5020617	0.6364247	1.1767740	0.2747011
Q	0.8816515	0.8377191	0.7425379	1.2168938	1.1577081	0.7290526	1.3223553	0.8127453
R	2.3782062	0.3649753	0.7774871	0.8564055	0.8312178	1.4044030	0.8891550	2.3328121
S	1.0799116	0.7666668	0.6591709	0.7190906	1.2810852	0.6949766	1.3916383	0.4444948
T	0.9220464	1.4375154	0.6513845	0.8189473	0.5794214	1.2863791	1.3204678	0.4693335
V	1.2855999	1.9012707	0.8332754	1.3743651	1.1104612	1.3810402	0.7289712	0.2819440
W	0.2886050	0.3037413	1.2637065	0.6315084	0.6393189	1.0176047	0.2895747	0.6632086
Y	0.9312947	0.6827535	5.0842700	0.7906819	0.7757703	0.9259878	1.0104742	1.4233437
