##############
# A1101 PWM for 8-mers
#
# Copyright (2018) David Gfeller
##############
1.00000	28	2
A	1.3807517	1.0965794	0.8594182	1.0609240	0.8854108	0.6714456	1.2917864	0.6809855
C	0.9092456	0.8293565	1.0854396	1.0115497	1.0722086	1.0479755	1.0781524	0.3846570
D	0.6936409	0.6346986	1.2057528	0.6539854	0.8254504	0.4895094	0.8982813	0.6601087
E	1.7476124	1.3030469	0.8532434	1.0111352	0.4683772	0.4947153	0.6386905	0.9546965
F	1.8933695	0.6335434	1.0493704	1.3059289	0.9798677	1.7440447	0.9712243	0.4839299
G	0.5817473	0.5271417	0.8708285	1.1930215	1.4388054	0.4824384	1.2642822	0.5824044
H	0.5397811	0.4461938	2.0936715	0.5918286	0.4422974	0.4833369	0.5481669	0.6817815
I	0.8594605	1.6047091	1.0762142	0.6594155	1.4750253	1.3332217	0.6811293	0.3687262
K	1.0247858	0.6372104	0.8785863	1.6229348	0.5616993	0.6972118	1.0351849	5.5149114
L	0.6653801	1.3774260	0.7699322	0.6134097	1.2038794	1.6417540	1.1100378	0.4229754
M	0.7545162	1.0368838	0.7802649	1.0689804	1.2866648	1.4304750	0.8265188	0.6086568
N	0.6379041	0.9034951	1.3399940	1.2683314	1.4738666	1.1507696	1.3017892	0.8183245
P	0.6305530	0.3119683	0.2937770	0.9468056	0.8939129	0.5700284	0.6299374	0.3801187
Q	0.7856174	0.8891433	1.1532887	0.9652891	0.4970629	0.8073046	1.1131449	1.1527904
R	1.7160764	0.5655413	0.9193799	0.7947270	0.7494475	1.6134140	0.6732082	2.2296795
S	1.2015430	1.0882591	1.1624721	0.9567348	0.9641191	1.0565797	1.6813093	0.7597040
T	0.7198177	1.7505478	0.8868147	1.2762692	0.8962127	0.8847768	0.7893997	0.6372085
V	1.1742442	1.6340707	0.9398710	0.9788282	1.3761888	1.1078258	0.8734342	0.3963607
W	0.6000215	0.4978282	2.5319702	0.6567001	2.3875442	2.4909006	2.4534733	0.5899267
Y	0.8256709	0.5705637	1.6928065	1.5818595	0.6526357	0.8446396	1.1118260	1.4553121
