##############
# A1102 PWM for 8-mers
# Model trained on 9-mer peptides removing position 5.
# Copyright (2021) David Gfeller
##############
1.00000	1384
A	3.0680632	0.8326032	1.1533635	0.8434754	0.8162202	0.6256800	0.9501427	0.1008280
C	0.6058714	0.3239028	0.8424509	0.7396862	0.7559333	0.7521141	0.6914992	0.0787092
D	0.0852729	0.0841930	0.5383861	1.8573883	0.3035536	0.1615922	0.2278999	0.0932333
E	0.1846195	0.0943607	0.3137289	1.8472932	0.2724275	0.3090409	1.1786724	0.1475252
F	0.2117973	0.1070763	2.7596252	0.5143207	2.1556046	2.6138031	0.6625900	0.0581894
G	1.7629171	0.1840135	0.7108243	1.1752734	0.7142024	0.2551119	0.7439107	0.1014385
H	0.3979664	0.0612162	0.3368862	0.6797954	0.5175373	1.0807265	0.8091793	0.9482808
I	0.4569369	1.7211016	1.4775244	0.3764825	2.0529461	2.3089322	0.3578365	0.0602653
K	0.9534463	0.0814055	0.1453336	0.8276743	0.4953407	0.4585859	1.1647852	12.0332479
L	0.2996247	0.5903336	1.4652371	0.4773640	1.3074697	1.4634661	1.1840314	0.1230281
M	0.3406930	0.3004724	2.6846036	0.2778920	1.0599021	0.9836319	0.4916535	0.0848740
N	0.2285347	0.1677285	0.9591037	1.1343692	0.5925986	0.5533643	1.3230646	0.1190016
P	0.0613983	0.0941482	0.3645463	2.4892071	1.5814130	1.2604028	2.2308861	0.1156446
Q	0.7273486	0.8135406	1.6600306	1.1869791	0.8769626	0.6711693	1.7438759	0.1847419
R	1.1442735	0.0705855	0.0961531	0.5407733	0.3336964	0.5204448	0.8723091	2.4769205
S	3.7823832	2.1415833	1.2577622	1.3894052	0.9741609	0.5219487	1.0007358	0.1016938
T	1.0797980	5.2383751	0.7009905	1.0939438	1.3177981	1.2218581	1.3096480	0.1172783
V	1.0461334	4.1116785	0.9207061	0.4936050	1.6760563	2.1049413	0.7561442	0.0833468
W	0.0571100	0.0581375	0.4195441	0.8676445	0.6158255	1.3198079	0.2301958	0.0599213
Y	0.1430509	0.0819105	2.1783811	0.6773108	0.9546137	1.1406226	1.3792832	0.7938634
