##############
# A2402 PWM for 8-mers
#
# Copyright (2018) David Gfeller
##############
1.00000	133	2
A	0.5715966	0.6748739	0.7695052	0.7166036	0.8784354	1.1940251	0.8694363	0.3376226
C	0.8835997	0.4459770	0.7225256	0.8796471	0.9149381	0.8901706	0.8004337	0.4288959
D	0.6745351	0.3471399	0.8533462	1.2009817	0.5917521	0.4895736	0.6633965	0.2008364
E	0.4297379	0.2888890	0.7047453	0.7795869	0.4085399	1.0086917	1.0288010	0.2011240
F	1.7050200	2.3349161	1.3835016	0.9019439	1.6863091	2.1324256	1.3185826	7.4126144
G	0.4097249	0.5385729	3.5002786	1.0341840	1.4078007	0.5503188	0.3647521	0.2386617
H	0.9403491	1.1059618	1.0974366	1.2725303	1.2230832	1.7600395	2.3821861	0.3078918
I	1.1893655	0.9180937	0.6013394	0.7822654	1.1002708	0.5717185	0.6828018	1.6627391
K	1.0084322	0.4011044	0.8820068	1.5362783	0.6630905	0.9233666	1.4480531	0.2348596
L	0.8238116	0.8574246	0.4562118	0.6816838	1.0238536	0.7948860	1.2706006	2.1438078
M	1.0550416	0.8858348	0.7483077	0.9748458	0.8984018	0.8557367	1.2435533	1.7945359
N	0.6993611	0.5280458	0.9882729	1.0733229	0.5970296	0.9211515	0.6681515	0.3319131
P	0.7768221	0.7590456	1.3002676	1.3826214	1.6145955	0.9544216	0.2920285	0.1243720
Q	0.6810913	0.3295731	0.5897670	1.0368871	0.6464832	1.4030797	0.8856399	0.2173895
R	0.7529286	0.4170198	0.3958573	0.7455911	0.7041993	0.6196462	1.3598598	0.2554085
S	0.9910503	0.5517699	1.0200711	0.9926233	0.7664806	0.9802739	1.0446614	0.2696732
T	1.1676587	0.5167156	1.3128244	1.1135767	1.1635035	0.8830445	1.1885564	0.4180717
V	1.0658026	0.6203835	0.7749788	1.0237184	1.2562379	0.9223453	0.9675911	0.7524864
W	0.7096390	2.5959402	0.8807489	2.3678392	2.4104090	3.9822273	0.4572265	4.2756622
Y	5.5941971	10.8721887	0.7521590	0.9046715	0.9860157	1.6652454	1.5755545	1.7423955
