##############
# A2406 PWM for 8-mers
# Model trained on 9-mer peptides removing position 7.
# Copyright (2016) David Gfeller
##############
1.00000	112	0
A	0.7782599	0.4258497	1.2746918	0.9125659	0.7133694	0.9808484	0.7393925	0.3486763
C	0.9347447	0.4262578	0.8135291	0.8494045	0.9393728	0.9607127	0.7837627	0.4489238
D	0.9963457	0.2305000	0.3802499	2.3536107	0.7912238	0.6710134	0.6408323	0.2048387
E	0.7152452	0.2836608	0.3939678	1.7869449	0.7061872	0.5954940	1.2769762	0.2030967
F	0.4901215	4.1539355	0.7429618	0.3118732	0.8055265	1.7862797	0.4625865	8.2354901
G	0.3751904	0.2663609	1.1733896	1.1086607	0.6461670	0.6657064	0.6354064	0.2465445
H	0.7018319	0.8100473	1.0058139	1.1214870	1.7112277	0.5128826	2.3337660	0.3176556
I	1.8996679	0.5503353	1.4621674	0.5212147	1.7328146	1.3384367	0.3923586	1.8093199
K	1.5206946	0.3207388	0.8148604	1.7073792	1.2796306	0.6423490	2.0045881	0.2352266
L	0.9353253	0.7964973	0.5432094	0.3774211	0.9456712	1.0247773	0.7256906	2.1695548
M	0.6752509	0.6115982	1.1060262	0.4373960	1.0240641	0.8407895	0.8717269	0.9222675
N	1.0081985	0.3094457	0.6642667	1.0723435	0.8982573	0.7534889	1.4887039	0.2393750
P	0.6989928	0.1549521	2.0628645	1.1146185	0.6926359	1.3663576	0.2473078	0.1283529
Q	0.4643086	0.5368801	0.9345956	1.4557631	0.6658347	0.7061985	1.0646060	0.2097455
R	1.0647416	0.3375421	0.4204505	0.7834059	0.8572713	0.4874195	1.9932215	0.2581875
S	0.9712738	0.3294578	1.2301251	1.1958371	0.8249438	1.1195212	1.4970176	0.2719584
T	1.0887003	0.3424709	1.2673405	0.7473963	1.0707798	1.3244958	1.6637682	0.3564315
V	1.7713713	0.5005729	1.5961063	0.6340157	1.8604804	1.6045998	0.6119281	0.7096555
W	0.4013302	3.2147845	0.9242877	0.3387260	0.3829070	0.4526578	0.3679373	2.5598315
Y	1.2371937	13.5922657	0.4608989	0.7081557	0.6656071	1.2082413	0.4839106	1.6560992
