##############
# A2407 PWM for 8-mers
# Model trained on 9-mer peptides removing position 5.
# Copyright (2021) David Gfeller
##############
1.00000	953
A	0.8204111	0.1509303	0.5261768	0.6490655	0.9845741	0.8554579	0.4584082	0.0891711
C	0.7209477	0.2479345	0.4176081	0.7100329	0.7212784	0.7195800	0.6486623	0.1623810
D	0.1545079	0.0594912	0.4914843	2.2113847	0.2751641	0.6179959	0.2035252	0.0540938
E	0.5538211	0.0850300	0.3334940	1.5549050	0.2152300	1.0475951	1.1023977	0.0704473
F	0.6153398	7.6914137	0.7664885	0.5439099	2.8121876	1.8458738	0.9644270	11.2413194
G	0.1690845	0.1026510	0.4140387	0.7508990	0.7850880	0.1450490	0.2371858	0.0587359
H	0.7035784	0.2163858	1.5410872	1.4633167	3.3946522	3.1695253	1.8205030	0.0905569
I	1.9140131	0.2041324	2.1553348	0.5539963	0.6235544	0.7296448	0.4970520	2.1098887
K	1.3800287	0.0769823	0.7336045	1.0395159	0.5680846	0.4318130	1.6769655	0.0622553
L	0.8796958	0.5304323	1.4804823	0.5804138	0.6890215	1.5452170	1.5804183	2.7683344
M	0.3259695	0.5796092	1.2877871	0.3856878	0.4874422	0.5842546	0.6282768	0.2796736
N	0.9578986	0.0797958	0.9327223	1.1374186	0.5877297	1.4062820	0.7882490	0.0847696
P	0.7472372	0.0650463	1.9809498	2.9973983	2.6337188	1.3835141	0.1265896	0.0403642
Q	0.7529701	0.1032619	1.0077825	0.8576288	1.1577916	1.3287433	1.3306409	0.0584671
R	1.6377905	0.0783823	0.2605254	0.4710218	0.7749021	0.2277987	1.2747577	0.0654000
S	0.9614360	0.1224406	1.1212430	1.1275583	0.9235871	0.7505240	0.8079221	0.0681970
T	1.0294070	0.1264232	1.9765826	0.9856996	1.1025633	0.6405751	2.5181458	0.0974114
V	2.4304908	0.1648069	1.0449629	0.4968339	1.1411411	0.9632258	1.2423711	0.2662694
W	0.1021942	1.9232972	0.4756321	0.6893357	0.4088758	0.8810732	0.1796259	5.3316423
Y	2.1053820	16.9247064	0.5718973	0.7320885	0.9215824	2.4559063	1.5078786	0.3822376
