##############
# A2413 PWM for 8-mers
# Model trained on 9-mer peptides removing position 7.
# Copyright (2016) David Gfeller
##############
1.00000	146	0
A	0.7036614	0.3882384	0.7424909	0.7922068	0.7393107	1.0529274	0.5892629	0.3305938
C	0.9068462	0.4029951	0.7930949	0.8400824	0.8765615	0.9230879	0.7810134	0.4356697
D	0.7257733	0.2072431	0.4856318	2.8722026	0.7940398	0.5846338	0.5973609	0.3532305
E	0.8356320	0.2510727	0.6268969	1.6540531	0.6800743	0.4992253	0.9005453	0.1956891
F	0.5807851	3.8828135	0.5449510	0.5636358	0.5350484	1.2542660	0.6660001	7.1042881
G	0.6578745	0.3138136	0.7631822	0.8684313	1.2622904	0.8017189	0.4511518	0.2204098
H	0.6124105	0.7572751	0.6891724	1.5177338	2.6048449	2.0026829	2.0891850	0.2596762
I	1.4645842	0.5555020	2.8439254	0.3943938	0.9524929	1.0391732	0.5343155	1.8089551
K	1.9484414	0.2876046	0.6758793	1.3424332	1.8763278	0.7943007	1.9390179	0.2878076
L	0.8576811	0.6602812	1.4589704	0.3684866	0.6226656	0.9695865	0.9624972	3.0370923
M	0.5780302	0.5421909	0.8727028	0.3833535	0.6569520	0.5788204	0.5343665	0.9159220
N	1.3447033	0.2812581	0.7158095	1.3296033	0.9310593	0.6822954	1.2469801	0.2226211
P	0.7454336	0.1424233	0.8822460	1.1521804	0.8206058	1.5116582	0.2142553	0.1231649
Q	0.8075566	0.3840222	0.8859469	0.9804229	1.0175373	1.1968630	1.3424826	0.2045552
R	0.7324777	0.3012773	0.3485568	0.9655928	1.4622649	0.7139826	1.7530774	0.2473458
S	1.0515047	0.2995013	0.9269034	1.3527566	0.7548970	0.6457674	1.2311696	0.2499883
T	1.0934862	0.3130171	0.8777636	1.0735597	0.7781621	1.3955078	2.0402248	0.3373096
V	1.8049088	0.5983816	1.8232186	0.4963502	1.5121464	1.6763627	0.8759156	0.7711548
W	0.3383476	1.3640520	0.3239027	0.3029098	0.3309503	0.3566987	0.3748483	0.6386056
Y	0.7936134	15.5418292	0.3974255	0.5150782	0.5808735	0.6347604	0.9964390	1.0209026
