##############
# A2501 PWM for 8-mers
# Model trained on 9-mer peptides removing position 5.
# Copyright (2016) David Gfeller
##############
1.00000	649	0
A	0.4281859	0.6841203	1.1490431	0.7819836	0.3713180	1.4376942	1.1980335	0.1469892
C	0.6898138	0.3797747	0.5254144	0.6354951	0.6812247	0.6611859	0.1571211	0.1299334
D	3.3671095	0.1102292	0.1205690	2.4733552	0.1287426	0.4581470	0.3555423	0.1554680
E	8.0163080	0.1096752	0.1300782	2.2886738	0.1239536	1.3457033	1.5298301	0.0898312
F	0.3748677	0.1839226	0.2666717	0.1946591	1.7498602	0.2274560	0.2122627	6.4295937
G	0.3248512	0.1220454	0.1953630	1.2860362	0.5405200	0.9864302	1.1208579	0.2098813
H	1.4119126	0.0857176	0.8097203	0.8598596	0.7850126	1.1569687	1.3567003	0.1622619
I	0.1468976	1.5590104	4.2433847	0.2581315	3.2362507	0.5240929	0.3576347	0.8766104
K	0.2714240	0.1301259	1.6815733	1.9493999	0.2141776	0.8911905	1.4704880	0.1001398
L	0.1271876	0.8719983	0.3407172	0.2766416	1.7717684	1.1326613	0.3378827	1.7109708
M	0.1924382	0.3036592	0.8157945	0.2669972	1.8683413	0.9068476	0.4556312	0.5433557
N	0.7520552	0.3414679	0.5223863	0.6800126	0.4786794	1.3762213	0.8561278	0.0997138
P	0.0946295	0.1434102	0.7187004	0.7540657	0.0658608	1.0583886	0.1638928	0.0478632
Q	0.4590751	0.2481266	0.4939038	1.5601680	0.2464406	1.6518420	2.3949576	0.2555902
R	0.2001925	0.1220938	0.5917718	1.4284868	0.4996583	1.2968799	0.8303899	0.1086459
S	0.8348756	0.4648266	0.6048442	1.4572451	0.6202039	1.7604457	3.4272227	0.2548081
T	0.4743045	3.8253731	0.9191468	1.0948028	1.1524069	1.0345562	1.7069996	0.2685619
V	0.1890199	5.8321857	2.6781846	0.3063108	1.6837205	0.4634986	0.5664987	0.2437502
W	0.1310201	0.1324750	0.1326624	0.7763757	0.2101350	0.3940707	0.1337492	20.6162014
Y	0.5363660	0.2020261	0.3373327	0.1420537	3.0223042	0.3287356	0.3754286	5.4179776
