##############
# A2603 PWM for 8-mers
# Model trained on 9-mer peptides removing position 5.
# Copyright (2016) David Gfeller
##############
1.00000	53	0
A	1.3455562	0.6530615	0.8928988	0.8940510	0.9478669	1.6305877	1.6129868	0.4653515
C	0.3852403	0.5421993	0.4176652	1.3026600	1.3235713	0.9399491	0.4381409	0.3479610
D	1.1647092	0.3746032	0.3869407	1.4719069	1.3369551	0.5054425	0.6865613	0.3568012
E	1.9655767	0.3813798	0.4311016	1.5283088	0.6123219	0.7038374	0.4830990	0.4770796
F	1.3826747	0.9698942	2.1685614	1.0177871	1.8509120	0.8577442	1.3834384	2.5311580
G	0.4722971	0.6515918	0.3722812	1.5144330	1.3496899	1.7315953	2.2169762	0.3213507
H	1.2931768	0.3771004	1.9232012	1.1599117	0.8581024	0.4896067	0.8034088	1.0882777
I	0.6473958	1.8130610	2.0565600	0.6279373	0.9214248	1.6063056	0.6421796	0.7302412
K	0.8281366	0.4562867	0.7534042	0.6990986	0.5162265	0.8982524	0.6651699	1.4190954
L	0.4900826	1.5524674	0.9015827	1.0942651	1.0871681	0.9804549	0.7369344	1.3041994
M	0.5709755	1.2192154	1.5406254	0.8900537	0.6929852	0.9629066	0.8163185	2.0299879
N	0.7995457	0.6352846	0.8247466	0.9795615	1.1059707	1.0814446	1.2936447	0.4784117
P	0.3282481	0.2852353	0.2652313	1.1531897	0.7062629	0.5374169	2.0093822	0.2605952
Q	1.0679176	0.5996071	0.6684648	0.6152848	0.6522424	0.5308271	0.6654693	0.6248938
R	1.1748297	0.5566152	0.9318882	0.6356576	0.7324996	0.6397167	0.6086976	2.4412082
S	0.9372584	0.6758419	0.5844509	0.8747559	0.6709767	1.1341239	0.9612584	0.4423828
T	0.8605141	2.2429892	0.6830382	0.5766896	0.9499222	0.7864779	0.7360272	0.4902190
V	0.7621058	2.8224833	1.1299954	0.7612859	0.8593048	0.9436593	0.5713972	0.6386485
W	4.2326074	1.3680625	2.5880515	1.3449909	2.3896843	0.4537422	1.3307084	0.9124893
Y	2.4482271	1.1651837	3.9916736	1.1520259	2.1414146	1.3654075	0.9035567	5.3570300
