##############
# A2601 PWM for 8-mers
# Model trained on 9-mer peptides removing position 5.
# Copyright (2016) David Gfeller
##############
1.00000	696	0
A	0.5047131	0.4902040	1.6787916	0.8489699	0.6356495	1.4508836	1.1417524	0.3026658
C	0.4594644	0.5101761	0.6324162	0.8019628	0.8530320	0.8380823	0.3406543	0.1801832
D	3.3541574	0.0994715	0.1177292	2.8184557	0.1699769	0.3265242	0.5520072	0.0852996
E	8.2683721	0.1187056	0.1489650	2.6599070	0.1768627	0.7784990	1.4192081	0.1376670
F	0.3858716	0.1794693	0.9265274	0.3294991	1.1606675	0.3535765	0.6142491	5.3947788
G	0.1649909	0.1294298	0.2163851	1.2065146	0.4906217	0.9714318	1.1730394	0.0970609
H	1.5086577	0.0783140	0.6922737	0.8112009	0.5968104	0.7900631	1.2371447	1.3027827
I	0.0870958	1.8986774	3.2499078	0.2074789	3.6100842	0.4636468	0.2775822	0.3525889
K	0.2407333	0.1188165	1.9736325	1.0272451	0.2824573	0.6405862	2.3372425	0.2370021
L	0.1098124	1.0583820	0.3624959	0.2208961	1.8093615	1.0261896	0.9878824	1.0623683
M	0.5382885	0.5518962	1.1057964	0.2964059	1.9181951	0.8515487	0.5500440	3.7184439
N	0.4880716	0.2308601	0.4413420	0.8855207	0.4754596	0.9578025	0.8097537	0.1673054
P	0.0899497	0.2365370	0.7802402	1.4063885	0.1052158	1.9213016	0.2089534	0.0758320
Q	0.6200248	0.1407080	0.3242410	1.4016506	0.2928053	1.3296609	1.9872820	0.1167505
R	0.1929590	0.1121941	0.5935854	0.8024521	0.4017533	0.4974234	1.7794528	0.3619332
S	0.8514150	0.4075567	0.7195534	1.3549806	0.5123131	2.5995356	1.5129868	0.1976703
T	0.3835497	3.3780361	0.9085111	1.0949402	1.1786331	1.7103835	0.6870650	0.1304749
V	0.1469698	5.7766476	2.0469662	0.2863804	2.0287247	0.5484393	0.4217068	0.6649012
W	0.2522293	0.1255080	0.1450577	0.7333171	0.5296054	0.1238132	0.1436095	0.6436920
Y	0.7141191	0.1507016	1.0239454	0.5800896	1.2359293	0.4275949	0.9771005	11.9731211
