##############
# A2902 PWM for 8-mers
#
# Copyright (2018) David Gfeller
##############
1.00000	139	2
A	0.7486155	1.2740723	0.8576979	0.6224468	0.9797354	0.7289019	0.7833208	0.3345985
C	1.7451310	1.3661442	0.6376265	0.9090326	0.9020394	0.9097520	1.1825426	0.3325788
D	0.5523481	0.3137437	1.5395550	0.9278268	0.5618205	0.7369435	0.5752675	0.2106173
E	0.5079270	0.4405270	1.0296041	1.1928806	0.5304953	0.6795318	1.2414055	0.2644077
F	1.5397377	1.6076616	1.1113882	0.7428259	0.9747136	1.5506151	0.9763729	2.6118311
G	0.4691658	0.5890637	1.4180240	0.8208673	1.7992471	0.3867239	0.8968378	0.2371849
H	0.8974381	0.9469748	1.7154426	2.2924982	2.4168348	2.3073068	2.4367985	0.8963798
I	1.5457993	1.0778696	0.6791261	1.1377565	0.7133788	0.7549230	0.7153372	0.3958215
K	0.4861675	0.4299740	0.8101762	0.9400463	0.8040153	0.5639243	1.1053487	0.3050531
L	1.4684924	1.6432416	0.9594136	1.1889410	0.6761382	2.3587081	1.4778321	0.4944118
M	1.0027407	1.5791295	0.9789695	1.0470783	0.6303320	0.7192072	0.7482623	0.5036343
N	0.5472196	0.8260232	1.0861229	1.0384236	1.1321901	0.4879614	0.7447757	0.2955339
P	0.4984385	0.5854309	0.6136038	0.6040137	1.6547915	0.5808676	0.2778347	0.1492499
Q	0.7966227	0.6240260	1.1196930	1.1276366	1.0798630	0.8664125	1.0520811	0.3204657
R	0.4251132	0.4295661	1.0155545	1.1091137	1.2424854	1.2902652	1.7730521	0.3196973
S	0.9516759	1.0990589	0.9911195	0.8265752	1.0288640	0.5775202	1.1024894	0.3068823
T	1.2890050	1.0120828	1.2245756	1.0747431	0.7921892	0.8111065	0.5731990	0.3102384
V	1.9038210	1.0859357	0.6045817	0.9238536	0.7790436	0.4911273	0.6226534	0.3768923
W	0.4738909	1.9588763	1.3719916	0.8796075	0.8575599	1.0398488	0.4472170	1.5646249
Y	2.0175578	2.7544607	1.0518792	1.1832411	1.0447201	3.0919395	1.7520885	18.9570216
