##############
# A3001 PWM for 8-mers
#
# Copyright (2021) David Gfeller
##############
1.00000	52
A	0.7443708	1.1620389	0.6259747	0.8582601	0.9243455	0.5960130	0.9128400	0.6747189
C	1.0787446	0.8944993	0.4764287	0.7527330	0.7312214	0.7270136	0.8937844	0.4617471
D	0.5412844	0.4303152	0.4365903	0.6254030	0.5104175	0.5170588	0.5820492	0.3888285
E	0.6997991	0.5866962	0.5401312	1.4729782	0.7792140	0.8945131	0.8085150	0.5260667
F	0.4255125	1.8692000	1.4908277	0.4987544	0.9370115	1.0610028	1.2026638	0.6732640
G	0.6139431	0.4333783	0.5379051	0.4467571	1.6725264	0.4011972	0.6216908	0.3525042
H	1.2326016	0.5207145	1.2002794	1.2198383	1.8372085	1.5570660	0.9222520	0.4222928
I	0.9152456	1.5514904	1.3373878	0.7818628	0.9964680	1.5047327	0.7413721	1.2895793
K	3.0546317	0.5066227	1.7420740	1.3991710	1.3128746	1.1077298	0.7989831	2.8188317
L	0.6850114	1.0168929	1.1374446	0.8094049	0.9223339	1.0484826	0.8774880	2.2935633
M	0.8951472	1.0816658	1.0047977	0.9344271	1.4284964	0.7415983	0.6791804	1.3042357
N	0.8785797	0.5213418	0.7147599	1.0101125	0.7919355	0.9442661	1.8848666	0.4677309
P	0.3581522	0.5327111	1.8060126	1.2110099	1.3946212	2.0578895	1.5960721	0.3061504
Q	1.1603474	0.9887597	0.9576270	1.2302804	0.9473741	0.7757879	1.2780825	0.6372678
R	2.4186854	0.4445849	1.7263084	0.9623541	0.8970245	1.1766644	1.3053208	0.9480202
S	1.2922764	1.3103722	0.6030975	1.0735663	0.8094162	1.0480827	1.1083053	0.4789337
T	0.6711151	1.6190405	0.5470910	1.5947218	0.9830306	0.8907650	0.7959254	0.5930941
V	0.8895976	1.7987360	0.7170817	1.4429207	0.8605145	0.9688000	1.2965150	1.8638265
W	0.3571741	0.5666262	3.1837611	0.3780519	0.3879128	1.3520702	0.4290723	1.3059257
Y	0.5214913	2.1169334	1.0355421	0.8111354	0.6138716	1.2230002	1.1694336	0.5616310
