##############
# A3002 PWM for 8-mers
# Model trained on 9-mer peptides removing position 5.
# Copyright (2016) David Gfeller
##############
1.00000	622	0
A	1.2186144	1.0397356	1.4596112	0.9736596	0.8141614	1.1577749	1.0262470	0.6541760
C	1.4241318	1.1965564	0.3081248	0.4825637	0.4778760	0.4242090	1.1845205	0.1754770
D	0.4877564	0.3761525	1.5609879	1.1116315	1.0897850	0.7685860	0.8831854	0.2276276
E	0.8063678	0.3477715	0.9818438	0.7730687	0.6682320	0.5428397	0.9849004	0.2250746
F	0.8229142	1.2434822	1.3220236	1.0711370	1.6279281	1.4933406	1.2770358	1.4533255
G	0.8469925	1.1834748	0.8025280	1.1835947	1.2043815	1.4373504	1.0265314	0.2778871
H	1.0780410	0.7942287	0.7480148	1.0327932	0.8916085	1.6205361	0.7945150	0.4473169
I	1.1424303	0.6129970	0.9961323	0.9454658	0.9949654	0.7279584	0.4823525	0.7653679
K	1.3927115	0.4068936	0.7337596	0.8115915	0.7948146	0.4538215	0.8128179	0.2182323
L	1.0366340	0.6273767	0.7029696	0.8221169	0.8591108	1.0247606	0.9200140	0.7641977
M	1.4051199	2.4654252	1.2205933	1.2800450	0.9031725	1.3930015	1.4951882	0.9223434
N	0.7722507	0.5369565	1.5736323	1.1448855	1.5070624	1.2839816	1.1415199	0.2761828
P	0.4477398	0.3665750	0.6656774	1.0654548	0.9294872	0.8997809	0.7700218	0.1317615
Q	0.8181887	1.3013217	1.3928458	1.1160760	1.3170604	0.8690847	1.0526460	0.2722225
R	0.6873166	0.2976468	0.6328042	0.6768884	0.8750726	0.6394734	0.7028610	0.1511769
S	1.2048461	1.6742974	1.5342292	1.1875292	1.3643331	0.8832951	1.2102289	0.3951715
T	1.0626789	2.2078666	0.5989539	1.1097737	0.9112156	1.0011838	1.2831542	0.3758795
V	1.1333891	1.2216723	0.7754677	1.0336770	0.6536489	0.8938122	0.9662791	0.8450259
W	1.4073257	2.3514036	1.0526946	1.4020913	1.7504443	1.8821499	1.5256332	1.5524455
Y	1.5522464	2.6604317	0.9182404	1.2804522	1.1138416	2.0769023	1.6044163	17.8366445
