##############
# A3101 PWM for 8-mers
#
# Copyright (2018) David Gfeller
##############
1.00000	30	2
A	1.1519860	1.2970987	0.5656293	0.7077259	0.8303246	1.0309699	0.6859855	0.5577532
C	0.8074744	0.9308551	1.0739743	1.0932542	0.9699721	1.0554946	1.0349869	0.3378691
D	0.5697751	0.5577435	0.5287820	0.5408411	0.8025882	0.5478072	0.6694219	0.5309374
E	0.6966793	0.5059073	0.5262487	0.8394356	0.7291926	0.6373000	0.8280694	0.7671757
F	0.4863576	0.6827646	2.4393604	0.7269557	0.7422294	1.8774020	1.6500511	0.3457547
G	0.5877931	0.9040521	0.7701540	0.4616409	0.7865237	0.5603244	1.1225963	0.4716112
H	1.5071734	0.4924394	1.0611416	0.9271932	0.4136018	2.3979013	0.6415776	0.6891284
I	0.7537971	1.0041595	0.7195000	1.6040278	0.9361525	1.0965415	0.7232133	0.3018459
K	2.2346596	0.5861599	0.9481783	0.7653818	0.7865969	1.1809251	1.0772613	2.0909205
L	0.8557853	1.0577785	1.4210076	1.3458271	0.7953849	0.8581499	1.1278535	0.4278720
M	1.1287049	0.8578791	0.9212780	1.0150444	0.6573365	0.8707062	0.8570837	0.5940432
N	1.0081233	1.2045519	1.6710302	1.1153512	0.5305711	0.9581279	2.0674851	0.7919499
P	0.3231118	1.2085283	0.5309971	0.5681318	5.2849816	0.2974887	0.2820246	0.2872327
Q	0.8568080	0.5360784	1.0199383	0.5737626	0.7568459	1.3434944	1.6020125	1.0978302
R	2.9703586	0.5269978	0.8823163	0.8082562	0.5202100	0.7240136	0.9757573	8.1211619
S	1.0486011	1.5678168	0.5926826	0.8083069	0.6566369	1.1530334	0.9967010	0.6648782
T	0.8807316	1.7518489	0.7536753	1.4437693	0.7930290	1.0848680	0.8680707	0.5779039
V	0.8546448	1.3865059	0.7269155	1.7860432	0.6177732	1.3410895	0.9655645	0.3617570
W	0.4926407	0.5786242	6.0677119	2.3231844	0.3686412	0.6207324	0.6928590	0.4904722
Y	0.6135738	1.4031736	1.9257278	1.0792011	0.5150165	0.9761651	1.6054382	0.5133541
