##############
# A3201 PWM for 8-mers
# Model trained on 9-mer peptides removing position 5.
# Copyright (2021) David Gfeller
##############
1.00000	1499
A	0.9560927	0.5408417	1.0742342	0.8235052	0.6346605	0.9350139	1.2460919	0.0575284
C	0.0536921	0.0820923	0.4424814	0.4055160	0.4128120	0.4107336	0.3281487	0.0525865
D	0.0781326	0.0803148	0.1618344	1.9086337	0.2464079	0.5268543	0.1179340	0.0601660
E	0.1273325	0.0654411	0.1324043	2.0972677	0.5089543	1.4519745	1.3905493	0.0435142
F	0.1178058	0.1955895	4.3323646	0.4979538	0.8463906	1.9256153	0.1746949	5.8179797
G	0.2711685	0.1251058	0.2767180	0.8200787	0.3881670	0.1810474	0.7486961	0.0435051
H	0.4129571	0.0818745	1.6479778	0.7555433	1.6110787	2.7183437	1.2767551	0.1107562
I	0.5360863	1.8637258	0.5520248	0.3371644	1.7407754	0.8336343	0.4192492	0.9267825
K	5.8455354	0.0843190	0.8245359	1.3714368	0.8115189	0.5029986	0.8523056	0.0786414
L	0.2196127	2.7961406	1.0930488	0.6062265	0.7031315	0.6557408	0.4650126	1.6824417
M	0.5221254	2.6068661	1.6778388	0.3921516	0.7249104	0.7689335	0.6642859	0.3555495
N	0.1734538	0.0994883	1.8131928	1.2226188	0.6413454	1.2272368	0.9949497	0.0463776
P	0.0539362	0.0568242	0.5303837	1.7396787	0.8144189	0.8402031	0.2156683	0.0260694
Q	0.6342779	1.8072404	1.2427300	1.0599355	0.9108504	1.1779018	1.2601117	0.0483144
R	5.5297757	0.2566123	0.6947513	0.7273960	3.2911474	0.7084627	0.7797873	0.2510641
S	0.8309031	0.9258765	0.8498924	1.4569570	0.9780804	1.2841541	3.3714160	0.0474101
T	0.4152393	3.3371154	0.4447238	0.9830567	1.5393111	1.0187577	2.4861453	0.0612608
V	0.6282502	2.4375145	0.4776163	0.6114302	1.4746122	0.9631273	1.1724421	0.1498114
W	0.0544110	0.0604780	4.5244210	0.5605948	0.6222741	2.0135956	0.2602319	26.0986326
Y	0.2602235	0.2072637	2.3427817	0.5744372	0.8838548	2.5779321	0.2467994	5.3719239
