##############
# A3301 PWM for 8-mers
#
# Copyright (2021) David Gfeller
##############
1.00000	110
A	0.5381872	1.9190080	0.5318513	0.5615618	0.6094206	0.7819256	1.1648764	0.3874065
C	0.6831048	0.7817885	1.0701289	1.1942477	1.1336420	1.1739443	1.1063764	0.2152180
D	5.8817142	0.5305266	0.4261704	0.3547137	0.4539816	0.5386806	0.6008962	0.3780963
E	1.9038123	0.3771902	0.6084051	0.6099695	0.3524213	0.4638426	0.7534662	0.5552488
F	0.4103370	0.6390355	2.3326891	0.7568254	0.5793340	1.8996020	1.1158035	0.2753522
G	0.3905931	0.6845624	0.4987331	0.2968072	0.8124350	0.3210162	0.9157111	0.3002603
H	1.8571158	0.4193274	0.8723726	0.9471287	0.5056736	2.1093199	1.8507954	0.5610146
I	0.4492195	0.9812905	1.1532776	2.2322001	1.6309123	1.4817728	0.5335503	0.2657177
K	0.5086480	0.4207013	0.9116005	1.2301768	0.5590932	0.8729937	0.8656090	1.4766654
L	0.4674375	1.0494308	1.2186789	1.1019685	0.5473872	0.7995168	0.8373069	0.3744200
M	0.8912795	1.4589444	0.9559565	0.8792552	0.6322583	1.1360139	0.5106089	0.4338822
N	1.4352552	2.3200216	2.3847509	0.7440596	0.5914837	0.6509537	2.3940203	0.5773827
P	0.2744440	0.6187942	0.2195013	0.5876607	7.3293615	0.6934636	1.0726347	0.2453686
Q	0.6782196	0.4079974	0.7708516	0.6793328	0.3521353	0.7479914	0.9275297	0.8104115
R	0.4087131	0.3659686	1.3093926	1.6019347	0.4961133	0.9364777	0.7220618	10.2028580
S	0.7791326	1.1644493	0.6284095	0.8129373	0.4503738	0.8276238	1.3235210	0.4528901
T	0.7166263	1.4951402	0.7878542	1.0244089	0.9564603	1.1581237	1.1114028	0.4309800
V	0.5520623	1.8708412	0.7606865	2.3829393	0.8327880	1.9918973	0.5934855	0.3099496
W	0.7971116	0.3443791	4.7419092	0.3263006	0.2172310	2.7919231	0.3897448	0.3020725
Y	1.3847528	1.2481717	1.8447804	0.7996537	0.3656128	1.1715740	1.8245563	0.3820285
