##############
# A3303 PWM for 8-mers
#
# Copyright (2021) David Gfeller
##############
1.00000	57
A	0.5472966	1.8632342	0.5979584	0.6304235	0.5704640	1.0845031	1.0389546	0.4637924
C	0.6890662	0.8447608	1.0642202	1.1884806	1.0926035	1.2000491	1.0862678	0.2563743
D	1.8360490	0.5065681	0.4729142	0.4365754	0.4189272	0.4482298	0.5663729	0.4539793
E	3.5796953	0.4579768	0.4739986	0.8114743	0.4075198	0.5104685	0.6655017	0.6670422
F	0.7743013	0.8696457	1.8897583	0.5701985	0.7805662	1.5710635	1.2791489	0.3267423
G	0.4082074	0.8203704	0.8151880	0.4981576	0.3667042	0.4303414	0.4818138	0.3602604
H	2.8972721	0.5309111	0.9615768	0.7338936	0.3646555	2.3395975	1.8797873	0.6823007
I	0.4799230	0.9250812	0.8585826	2.2106895	1.5957947	1.5175649	0.6062131	0.3079015
K	0.7380246	0.5175851	0.8529011	1.2937669	0.4746927	1.0011663	1.0754710	1.5442415
L	0.4902604	0.8385698	1.2530191	1.1711383	0.5325116	0.8449981	0.8863551	0.3860419
M	1.9558408	0.9324745	2.6404100	0.8606449	0.5310051	0.7660588	0.6496448	0.5130979
N	1.0894329	1.6102255	1.8709258	0.5087905	0.5676812	0.7467013	1.9916130	0.6991568
P	0.3364181	0.5476266	0.4600757	0.4961930	8.4917456	0.5154858	0.9095227	0.2933035
Q	1.2299745	0.4981662	1.1530144	0.5841856	0.3873839	1.0220035	0.9281921	0.9806521
R	0.6030030	0.4465503	0.6616013	1.6826660	0.3460733	0.8203952	1.1439901	8.9572674
S	0.7981141	1.1592968	0.5267025	0.9719974	0.5020381	0.9995056	1.1159917	0.5455759
T	0.6812920	2.3142242	0.7857001	0.9013447	0.6732265	1.6386089	1.2449984	0.5181181
V	0.5651010	1.4313034	0.7658069	2.1897994	0.7906362	1.6762126	0.7644557	0.3662856
W	0.4735983	0.4811223	3.1086879	0.3556603	0.2408427	0.4232446	0.5255117	0.3646534
Y	1.6818388	1.8427146	2.8470214	0.5145309	0.4502442	0.7586376	2.2138516	0.4597078
