##############
# A3402 PWM for 8-mers
#
# Copyright (2021) David Gfeller
##############
1.00000	69
A	0.8266956	1.6240822	1.1054593	0.9951624	0.8174409	0.6361687	0.9521943	0.5253044
C	0.7251759	0.6891592	0.6495035	0.7232285	0.7294316	0.7183632	0.3740964	0.2624591
D	2.2180278	0.3854218	0.8016268	1.2259713	0.7679696	0.7948888	0.8709020	0.5356808
E	3.4352638	0.5047503	0.4050835	1.2527978	1.0518307	1.2136404	1.4097740	0.7871282
F	0.4156758	0.5797926	2.1035562	0.8030722	2.5408132	1.3163912	0.9148407	0.3286510
G	0.7934341	0.4206264	1.4895248	0.5436793	0.8814099	0.7441388	0.4260178	0.4187856
H	0.5741353	0.3480279	0.8465882	0.7245126	0.7500623	1.3229637	1.1375275	1.4349349
I	0.7132844	2.2318358	1.0892004	0.8601076	1.3056317	1.4165383	0.8015693	0.3346398
K	0.6827444	0.4562709	0.5729223	1.2730206	0.5896949	0.7708355	1.2551301	5.6243912
L	0.5337410	1.3371126	1.1580582	0.9871885	1.1833304	1.3761803	0.9436453	0.3506584
M	1.3961419	0.8787945	0.9230577	0.6362007	0.9432243	0.7645303	1.2933811	0.4914005
N	1.0147992	0.4560282	0.8012320	0.7325132	0.9722128	1.0092818	1.5038005	0.7063162
P	0.3402781	0.4828095	0.2690395	2.0097722	1.1259049	0.6270219	1.3378978	0.3599142
Q	1.0919604	0.7194166	0.4413069	0.5996163	0.6369121	0.9995731	1.3860288	0.9881049
R	0.5327729	0.3912328	0.8977330	0.9077978	0.5471158	0.9894305	1.0990534	3.4685700
S	0.9155445	1.0553213	0.6976603	1.0186938	1.1900808	0.9498503	0.8424767	0.5884972
T	1.3650493	2.1170776	0.9637812	1.2604414	0.8083460	1.0179425	0.8029314	0.5349039
V	0.7982489	2.3127686	0.9397071	1.1192085	1.0503729	1.0743312	0.8422420	0.3623795
W	0.3439464	0.3455208	1.3589906	1.0420187	0.4730885	1.1477815	0.4249930	0.3478640
Y	0.6553611	0.4871436	3.4549543	0.5120843	1.2063747	1.0957825	1.4747196	0.7173679
