##############
# A3401 PWM for 8-mers
#
# Copyright (2021) David Gfeller
##############
1.00000	84
A	0.7419511	1.7590929	1.1953892	0.7803867	1.6867339	1.2923784	1.2375127	0.4202596
C	0.6612860	0.6607575	0.6297546	0.7463230	0.7512570	0.7633226	0.3925065	0.2397199
D	2.5938927	0.3446007	0.3472237	0.7014742	0.4361074	0.4196528	0.5998682	0.4040985
E	5.1334463	0.4433982	0.4508725	1.1828968	0.4749305	0.5370299	0.8627425	0.5905182
F	0.4969670	0.5503580	4.4466221	0.9733196	0.8243098	0.6510792	0.8901413	0.4917258
G	0.4975485	0.8098987	0.7831773	0.5611910	4.0907489	1.0286790	1.0728771	0.3234622
H	0.5967840	0.3180545	1.0035776	0.6556362	0.3835207	1.3542472	1.4949212	0.6155412
I	0.4015215	1.7268596	0.7698449	1.1456843	0.8256210	1.2034586	0.6651048	0.3119275
K	0.7176154	0.4053485	0.6810583	0.6966094	0.4692245	1.0667285	0.9036029	1.4263145
L	0.4544903	1.4570076	0.8175396	1.2059132	0.4173754	1.3169041	1.1076322	0.4374987
M	0.4401587	1.0244574	1.4249250	0.7192740	0.6640063	1.3031151	1.0230516	0.6826750
N	0.9639345	0.5259865	0.6818955	0.7472933	0.5571675	0.9068464	0.9542656	0.6172548
P	0.3311028	0.7153435	0.6758787	1.2935632	1.0165115	0.4332910	1.6536921	0.2633180
Q	1.0214474	0.5152108	0.4067846	1.1539248	0.5481445	0.7694858	1.0657926	0.8630179
R	0.5407735	0.3486419	0.7138005	0.7707603	0.5766357	1.2421055	0.7116906	9.2890023
S	0.9003374	0.8514970	0.7043125	0.8214471	1.3668978	1.0850545	1.1249530	0.4867892
T	0.6324629	1.3072365	0.7802458	1.2617988	0.8604769	1.1722781	1.0718325	0.4676129
V	0.7004777	2.9325593	0.9783279	2.1283924	0.9048946	1.4572493	0.7181427	0.3528601
W	0.3178548	0.3224786	1.8840275	0.9620393	0.3240439	0.3402997	0.4225614	0.3545043
Y	0.6055374	0.4549743	3.1889824	0.7265317	0.4150892	0.5038087	1.7791263	0.6446398
