##############
# A3601 PWM for 8-mers
#
# Copyright (2021) David Gfeller
##############
1.00000	58
A	0.8479123	1.2002537	0.5458455	0.7070552	1.4960781	0.7185915	0.8257968	0.4389021
C	0.7967932	0.6902268	0.5031461	0.7284366	0.7590930	0.8020324	0.3790066	0.3144840
D	0.4202485	1.1366538	8.8023077	1.0284773	0.7247891	0.6855686	0.7048138	0.2895413
E	0.5180508	0.5050550	1.0706371	1.2521726	0.7799940	0.5532637	1.1746169	0.3817987
F	0.6163673	0.5443471	0.3010903	0.7163483	0.6034473	0.7731429	0.8333305	2.2737840
G	0.3814177	0.4856769	0.7888592	1.1058627	1.0945218	0.3284965	0.5574974	0.2818518
H	1.1088797	0.4078293	0.5363227	1.0939267	1.1195482	1.0210567	1.8386523	1.2842754
I	1.8425189	1.5219827	0.3513955	1.6331858	0.9620977	2.0247234	0.7651135	0.6179553
K	1.7804379	0.5217861	0.6758841	1.6769208	0.6970511	0.4642037	2.0356143	0.7524251
L	1.1868009	1.0833340	0.2798554	1.0331574	0.4809185	2.8498601	1.4982450	0.5732823
M	1.0640479	1.2686762	0.5792254	0.9846299	0.7852405	2.3516582	1.2456508	0.6258386
N	0.7025126	0.6611207	1.3234913	0.7825869	1.2989630	0.6010540	0.9540864	0.4063123
P	0.3055256	0.3595464	0.3342036	0.3213916	3.1298598	0.2625603	0.5179130	0.2447532
Q	0.7857151	0.5073358	0.5952861	0.9606970	1.0331434	1.2475419	0.8927790	0.4693910
R	2.0441915	0.4440327	0.4394573	0.6288902	0.4880335	0.4341647	1.5770984	0.4515240
S	0.7269253	1.8127502	0.6377636	0.8590859	1.3389484	0.6275566	0.8380077	0.3949485
T	0.9786591	3.1565307	0.5338235	1.1013639	0.9210256	0.7039051	0.5721523	0.4339331
V	1.6245655	1.3944332	0.4219409	1.3566308	0.8111711	1.4388662	0.6168425	0.7490709
W	0.4119565	0.3571067	0.2463966	0.3655538	0.3125397	0.4040536	0.4551298	1.6311247
Y	1.0612588	0.4836161	0.3122637	0.5353392	0.4949634	0.5799758	1.3906120	14.6591205
