##############
# A6801 PWM for 8-mers
#
# Copyright (2021) David Gfeller
##############
1.00000	71
A	1.4600863	2.0585578	1.4798934	0.9546308	1.0098747	1.3900582	0.9503376	0.4623497
C	0.9871625	0.7412187	1.0534981	0.9974008	1.0153560	1.0558627	0.7143864	0.2717543
D	1.4312407	0.4729496	1.5771696	0.6326083	0.7046267	0.4094721	0.5581432	0.4539568
E	1.5345785	0.6586023	0.7356214	0.9760365	0.5369154	0.6068214	1.2264735	0.6677141
F	0.5842394	0.4685820	0.7705415	0.5222003	0.7360008	1.2621088	0.5049377	0.3130611
G	0.7352535	1.2364201	1.1802255	0.8854591	1.1071862	0.4032665	1.0414094	0.3595194
H	0.4671784	0.4149121	0.7054921	1.5077394	0.9463620	0.4050380	2.4418182	0.6283517
I	0.8481156	1.3585940	1.1058568	1.4379925	1.9796637	1.7438947	0.6001118	0.3183086
K	0.5701038	0.5384632	0.6262023	0.8183808	0.7536058	0.7726622	1.4273687	2.5905099
L	0.5570964	0.9115677	0.5863327	0.7957841	0.9467571	0.8970331	0.8648904	0.4372481
M	0.5766980	0.8856244	0.7897111	0.8799052	0.9449707	1.2029399	0.6272351	0.5016763
N	1.2537384	0.7067918	1.0469941	0.8514508	0.9533721	1.0291065	0.7911460	0.6652607
P	0.5154972	0.8387450	1.2969517	1.2891151	0.9456166	0.2875064	0.6605925	0.2985769
Q	0.5968153	0.6412778	0.9210255	0.8183111	0.7379468	0.6070339	1.9471533	0.9386650
R	0.4623006	0.6714910	0.5599731	0.5949113	0.4316027	0.7941927	0.7636638	7.8403021
S	1.5682609	1.8514038	1.1350495	1.3114745	1.0432681	0.8072106	1.3549338	0.5329308
T	2.4101733	1.4710715	1.2641066	1.1772107	1.1574211	1.1757944	0.9446745	0.5034373
V	1.3095993	1.1959730	1.2286154	1.7146474	1.8402958	2.7664992	1.0347254	0.3615633
W	0.3248547	0.3279607	1.0130581	0.3598152	0.3714005	1.0799913	0.3976044	0.3402813
Y	0.4495983	0.4426421	0.4928630	0.9493370	0.9505109	0.8159912	1.2387211	0.4371259
