##############
# A6802 PWM for 8-mers
#
# Copyright (2018) David Gfeller
##############
1.00000	6	2
A	0.7844084	2.0446001	1.3629160	0.7908239	0.7051341	0.6445024	0.6825376	0.6102545
C	0.9862108	1.0570993	1.1279112	1.2287568	1.0217915	1.1080271	0.9863720	0.7971735
D	2.1234742	0.4594730	0.7032913	0.4046123	0.7546758	0.4983084	0.4726009	0.2842584
E	2.2310536	0.4978915	0.6864077	0.4151392	1.5406434	0.5423133	0.5840906	0.3231587
F	1.2147505	0.7174137	1.9181204	0.7246856	0.5660208	2.2380191	1.4259373	1.2218630
G	0.6059166	0.7062220	1.9940239	0.4294332	0.5056820	0.4910975	0.4620316	0.3340712
H	0.9982131	0.3869364	0.6263977	0.3373567	0.6397984	4.4629431	2.8161204	0.3359701
I	0.4413043	1.3872664	0.8041006	1.8722834	1.6491164	0.9304114	1.4226407	1.6480616
K	0.8521755	0.5844896	0.7338635	0.5043490	1.7457148	0.5663496	1.2716689	0.4196372
L	0.4866090	1.4579553	0.7060153	1.5409302	0.8721086	1.8109859	0.8849265	4.1829413
M	0.6304867	1.1918120	0.8225537	1.2031045	0.9789277	1.2359279	0.9693264	2.1212733
N	0.9243220	0.5351727	1.8191080	0.4093596	0.7270050	0.7314475	0.6367906	0.3221484
P	0.3593505	0.3590642	0.3187726	2.9151871	0.3352761	0.2804346	0.2918135	0.2283303
Q	0.9733196	0.5352261	1.4434603	0.4328153	1.8028618	0.6097146	0.6852212	0.4073240
R	0.7172641	0.5322293	0.6792325	0.4399524	2.0275556	0.6206988	0.7919386	0.4695359
S	1.2865756	0.9641933	0.8723742	0.5578152	0.7087451	0.6859582	0.5921520	0.3993629
T	0.7523832	1.5477360	0.7464962	0.7446652	0.7081877	1.2759813	0.6465173	0.6119366
V	0.4861766	1.9457312	1.0943266	1.9910190	1.0401379	0.7867955	1.3405351	1.2481645
W	1.1852443	0.5505217	0.6847506	0.4611706	0.5387527	0.8180480	1.2552910	0.6747842
Y	4.0797910	0.6374269	0.9444091	0.5994049	0.6166150	1.4378597	4.3849921	0.7345870
