##############
# B0702 PWM for 8-mers
#
# Copyright (2018) David Gfeller
##############
1.00000	433	1
A	1.9025521	0.6975447	2.1294279	0.7964557	0.9218114	1.2261365	2.1277198	0.2314662
C	0.7631521	0.2953435	0.4878397	0.6877920	0.6740704	0.6988964	0.7087405	0.4977221
D	0.2057051	0.1878902	0.4241365	0.4866283	0.2632235	0.2732375	0.3270375	0.0996730
E	0.2364664	0.1890928	0.6048038	0.8711291	0.2666593	0.4046042	1.2974113	0.1113103
F	0.4750049	0.1449373	0.9107251	0.8162014	0.3972116	0.4525146	0.3666770	0.9731035
G	0.4241430	0.2239412	1.0321380	0.6840248	2.3755510	0.7034235	1.1815451	0.1464019
H	0.3833335	0.1418157	1.4375903	0.8018682	1.8399874	0.9740831	0.2383128	0.1817086
I	0.5374655	0.2091453	0.5499459	0.7786049	0.5681422	0.9284995	0.6039978	0.8178466
K	1.1984004	0.3440839	0.7763774	1.4503808	1.7185129	0.7505246	0.6991984	0.1725086
L	0.6922390	0.1710211	0.7820302	1.6779194	1.4162792	1.3476375	1.1667257	7.0629746
M	0.4929536	0.1576965	0.9424070	0.4039863	0.4345626	0.3784683	0.4557874	1.3671879
N	0.3909024	0.2171100	0.8347181	0.7636610	0.4946063	0.9711779	0.3252536	0.1153204
P	0.3739708	12.6058844	0.2117352	1.2746449	1.1800273	2.3181641	0.3417509	0.1401347
Q	0.6238343	0.1747024	1.4390339	1.2390234	0.4205316	0.7871797	1.2012123	0.1815330
R	4.4035588	0.3104001	2.6136449	0.9520670	2.6799086	1.2749163	0.8622341	0.2251738
S	3.1150556	0.2724290	1.4039372	1.2394418	0.9627478	1.8499124	2.0805127	0.1714414
T	0.7434607	0.2855595	1.1951384	0.9230209	0.7450525	1.0361051	1.4063469	0.3995021
V	0.7460196	0.2153965	0.6880369	1.0478818	0.4874683	0.8430435	1.3948321	0.8322134
W	0.1869823	0.0897689	0.3900073	0.9515475	0.7394694	1.1087671	0.1833408	0.2332393
Y	0.5695366	0.1454619	0.6673004	1.0191391	0.2201744	0.3988708	0.4430844	0.6243811
