##############
# B0704 PWM for 8-mers
#
# Copyright (2021) David Gfeller
##############
1.00000	64
A	1.3691980	0.6647387	0.9725663	0.8294777	0.7380089	0.8101596	1.0245977	0.5516628
C	0.7699438	0.3762606	0.6069840	0.7061772	0.6280496	0.6554810	0.8564179	0.6613752
D	0.5007558	0.4320222	0.4661833	0.4972695	0.4499493	0.4888174	0.5287358	0.2272377
E	0.5611944	0.4419073	0.5779745	0.7666549	0.5355389	0.5656691	1.1801402	0.2566592
F	0.8401802	0.2633902	1.1434320	0.7436557	0.5633347	0.6230576	0.4770936	1.5107927
G	0.7684055	0.3865388	0.6786833	0.4060841	1.5663143	0.5532604	0.8281928	0.2426921
H	1.3789016	0.3629982	2.0052271	0.5029706	0.7594970	1.9357499	0.4726112	0.2991957
I	0.6730863	0.4093952	1.1103978	1.3683963	0.4644281	0.6458349	0.8026570	1.8374241
K	1.1664995	0.5077889	2.3354597	2.0666158	2.0738137	2.0115678	1.2915343	0.3194595
L	0.9422000	0.4026552	0.6879459	1.2042289	0.9099540	0.7660752	1.0521940	4.6898244
M	1.1024463	0.3769558	0.6430690	0.9787931	0.5561858	1.0344589	0.7069341	1.9186971
N	0.8250021	0.4029957	0.9092203	1.1820151	0.5604201	1.0640404	0.5987729	0.2602586
P	0.3428405	11.2296939	0.4947698	1.4137081	3.3735441	2.6599461	0.5119787	0.2131492
Q	0.8004867	0.4056348	0.9710324	1.0752803	0.6388213	0.7965541	0.9468650	0.3208263
R	2.2876335	0.3560581	1.7783017	0.9398737	2.3574576	1.5933975	1.4962942	0.3298509
S	2.1394726	0.5226373	0.6667492	0.7523632	0.5543286	0.6850420	1.5771785	0.3119872
T	1.0671773	0.5315878	0.9065537	1.0699862	0.6321540	1.1381342	1.2628873	0.5008611
V	0.6874066	0.5757125	0.9861471	1.1937691	0.4578669	0.7083034	1.6108659	1.3972672
W	0.3745526	0.1717500	1.2270423	0.3846052	0.3117281	1.8546604	1.1016307	0.4524201
Y	0.5662057	0.3435615	1.6290204	0.9980711	0.4495709	0.5847288	0.4851422	0.6465350
