##############
# B0801 PWM for 8-mers
#
# Copyright (2018) David Gfeller
##############
1.00000	351	1
A	0.8154873	1.9092635	0.4982206	0.6310513	0.4833381	0.5778086	1.2153824	0.2320132
C	0.5731810	0.4996344	0.3474014	0.7772657	0.7042320	0.7561451	0.8476244	0.3618897
D	3.0557751	0.2669665	0.3220068	0.4035569	0.2653727	0.4546519	0.5420421	0.1110940
E	2.8552991	0.3854380	0.3700159	1.0692791	0.3965371	0.9350855	1.5450290	0.1254803
F	0.8195526	0.4115810	0.7091829	0.6564269	0.2554123	0.6891690	0.2567863	1.1911383
G	0.3211431	1.0957500	0.4042420	0.3159774	0.5331865	0.2768416	0.6595373	0.1289353
H	1.9507180	0.1889953	2.1617967	0.5736764	1.8588389	2.8848076	0.6693098	0.2819317
I	0.7208194	1.0590610	0.9611681	1.4955836	0.3155431	0.6578689	0.6000034	0.9513982
K	0.4558901	0.3915118	5.3238251	1.7457955	7.6666257	0.7332321	1.1251942	0.1942142
L	0.6139537	2.3575979	1.0980832	1.7254014	0.2327297	0.5620629	0.8813316	7.0251901
M	0.3706117	0.9403511	0.6883192	0.8486679	0.4310696	0.8336349	0.4232659	1.5143372
N	2.0022602	1.6456784	0.8275148	0.6436252	0.4815983	2.2411092	0.8922744	0.1271640
P	0.2071271	1.1858341	0.2069153	0.1990327	0.3731426	0.5410837	0.1792238	0.0859258
Q	1.4094876	1.1495275	0.7131195	2.1212304	0.6910922	2.9469734	2.9102519	0.2067278
R	0.3230885	0.3999065	1.5517486	1.0222144	3.0782318	0.6830008	0.6540983	0.1768172
S	0.8832310	0.9404773	0.3814094	0.6823343	0.4781228	1.0164207	1.7392387	0.1554317
T	0.6919633	1.0120536	0.5242216	1.4476335	0.4161264	1.6829816	2.1576105	0.2326996
V	0.6550896	0.8488678	0.5533835	1.2718317	0.3653250	1.2590529	1.0653102	0.7848456
W	0.4541270	0.2049572	1.3834051	0.4480809	0.1984839	1.8066174	0.2062475	0.2684539
Y	1.1254875	0.2343407	1.5127152	0.4770811	0.3191190	1.1620449	0.3767698	0.4544712
