##############
# B1301 PWM for 8-mers
# Model trained on 9-mer peptides removing position 6.
# Copyright (2021) David Gfeller
##############
1.00000	2359
A	1.5323079	0.1504046	1.4170216	0.9439181	0.6873533	0.6514142	0.7340686	0.0442739
C	0.6164233	0.2532583	0.4293873	0.5401595	0.5465158	0.5432743	0.0405700	0.0470205
D	0.0630714	0.0669882	3.0777295	1.6453546	1.5686011	1.7631660	0.4403907	0.0241301
E	0.1580060	0.2257387	0.9577195	2.3215453	2.1331831	2.9975068	1.2577179	0.0259985
F	0.6608612	0.0652407	1.3281112	0.5645556	0.6850120	0.6764304	0.7509887	3.9744741
G	0.8686245	0.0570095	0.2744120	0.9440323	0.9428772	0.1499296	0.6634258	0.0313842
H	2.5181978	0.0834802	1.6037161	1.0472876	0.8649379	2.0914038	1.6940139	0.0349212
I	0.5490184	1.5381059	1.2804358	0.5633402	1.3689724	0.7572261	0.3731140	3.6128161
K	2.2867501	0.0685065	0.1706119	1.3410497	0.9044279	0.3000789	2.1664895	0.0640853
L	0.4174411	3.6039959	0.6332187	0.5030035	1.0588676	1.3129462	1.1564043	4.4350116
M	0.2761864	1.7160971	1.0229600	0.4086253	0.5921960	0.5913221	0.5294685	1.5889644
N	0.1382708	0.0964436	0.7554367	1.0619410	0.5143031	0.7567071	0.8619837	0.0369446
P	0.0329140	0.0362984	0.4089984	1.6554121	0.6847845	0.8496336	0.0892400	0.0198343
Q	0.7666534	9.7089372	1.3446226	1.5549976	0.8025450	1.8051527	1.7085987	0.0512881
R	5.8400390	0.0700902	0.1525063	0.7944882	0.4391390	0.4041639	1.8959452	0.0390935
S	0.8397816	0.1853377	1.7974496	1.0517777	0.8713328	0.7217979	1.1570314	0.0308967
T	0.3351345	0.2621779	0.7882863	0.6260000	1.1268431	0.7468829	1.4038797	0.0488228
V	0.3695333	1.0977733	0.9564435	0.6654846	1.5211029	1.1225373	0.8720360	0.3823804
W	0.3339720	0.0401414	0.8100257	0.6236647	0.3677473	0.7951563	0.2086903	9.2369552
Y	0.9847868	0.0697017	1.1255922	0.4170168	0.8008297	1.0497156	0.9534698	0.1570566
