##############
# B1302 PWM for 8-mers
#
# Copyright (2021) David Gfeller
##############
1.00000	270
A	1.0577716	0.6360400	0.5631729	0.6532668	1.5511964	0.5947910	1.0353384	0.3910417
C	0.6754752	0.3809082	0.5593114	0.6389834	0.6787171	0.6163923	0.2163239	0.3153757
D	0.2673524	0.3205727	0.3512132	0.4147028	0.3742190	0.7994832	0.5384006	0.1412891
E	0.3337918	0.6181534	0.2590168	0.9502449	0.4571024	1.1268035	1.3175623	0.1442343
F	0.7029458	0.2250262	2.2789899	0.8196511	0.8034847	1.4345673	0.5355712	0.4884398
G	1.5597719	0.4396323	0.6298871	0.5331126	1.0287042	0.2240215	0.5424134	0.1377712
H	1.6952431	0.3731412	1.2376354	0.3627432	0.5343748	1.7081623	1.5374308	0.1403216
I	0.5991526	0.8456664	2.4327109	1.5930512	1.7016277	0.7749269	0.3661691	5.7785874
K	1.9581818	0.4990516	0.6141352	2.1174693	0.3644019	0.5822367	2.6655085	0.1763040
L	0.4150343	0.8663072	1.7810676	1.3809742	2.1833801	0.9480636	0.8660828	1.4139633
M	0.4183647	0.6293929	1.3088012	0.6339698	1.5938834	0.4723360	0.6563454	0.6441628
N	0.4221202	0.4305130	0.5390954	0.4656813	0.3794610	1.4330757	1.2631238	0.1540715
P	0.1797472	0.1843918	0.4776818	1.6145123	0.5504073	1.9393735	0.1918635	0.1288436
Q	1.2569631	11.2404688	0.7372740	1.2673049	1.6241587	1.8142924	1.6772821	0.1677952
R	4.0153269	0.4437127	0.5645110	1.0013315	0.4807696	0.9016302	1.4681488	0.1586364
S	1.1840445	0.7996093	0.4842499	0.6708360	1.0046441	0.6088789	1.0779235	0.1946870
T	0.6048616	0.8161745	1.0983703	0.7912437	0.5710229	1.0080679	1.1893947	0.3990262
V	0.6863383	1.1131473	1.5536151	1.4110175	1.2952159	0.9929803	0.7867407	5.1838865
W	0.2303017	0.2029450	1.9079304	0.2132134	0.4545337	3.0459371	0.2264110	0.2023241
Y	1.0855903	0.2909728	1.3061384	0.7339304	0.5724053	1.7853396	1.1001411	0.3033159
