##############
# B1402 PWM for 8-mers
#
# Copyright (2018) David Gfeller
##############
1.00000	60	2
A	0.6895620	0.5289663	1.2353572	0.7750482	0.7247759	1.2369810	1.8979568	0.4892879
C	0.8212514	0.4294849	0.7878263	0.8608614	0.7112247	0.8656257	0.6140700	0.6148312
D	3.9986127	0.5249283	0.5133319	0.7575935	0.5041252	0.5810003	0.5792910	0.2299483
E	1.4605453	0.8733509	0.3874280	0.7215146	0.6050166	0.9258402	1.3309422	0.2560382
F	0.4627733	0.3068605	2.9808128	0.6665174	0.4000529	0.9065572	0.8441545	1.1352290
G	0.6886280	0.4412089	0.4334768	0.4151952	0.7790174	0.7107215	0.7558650	0.2669573
H	1.0772934	1.4486472	1.0680256	1.5397867	4.6611689	1.0721222	0.7102639	0.2687378
I	0.4932298	0.2741613	1.3182300	1.2669467	0.6398464	0.6773829	0.8497127	1.6468974
K	0.6546227	1.4696825	0.4275687	1.0441927	1.2369836	0.6981218	0.6435126	0.3322055
L	0.7591850	0.3703352	1.0556480	1.8165576	0.4283056	1.0840517	0.8790824	5.0317559
M	1.3070180	0.5409146	1.8219162	0.9382821	0.5621717	1.2209652	0.7295971	1.8610603
N	1.3584006	0.7120371	0.6025395	0.6975479	1.0511948	1.4710948	0.6201138	0.2590747
P	0.2815053	0.9155745	0.2275413	0.5715560	0.7405901	0.6043515	0.3097152	0.1814386
Q	1.2686876	2.4593551	0.5653577	0.8628975	0.7705086	1.6947907	0.9244328	0.3211289
R	0.7090861	6.8583783	0.4175781	1.3180289	4.7358015	1.1972078	0.8448120	0.3654020
S	1.1758540	0.7092798	0.7438777	0.7528618	0.7003846	1.5809424	1.8832187	0.3215193
T	1.0809729	0.5301450	0.9271546	1.0506242	0.6363326	1.1474548	1.8132534	0.4945786
V	0.6919366	0.3252219	1.5711933	1.2946454	0.5759891	0.8115833	1.2262644	1.1177415
W	0.4427141	0.4265183	0.8729117	0.5289462	0.4492903	0.5123202	0.4550962	0.5402148
Y	0.9667978	0.5113789	3.4561243	1.3369027	0.7042465	1.0904373	0.5549014	0.6082506
