##############
# B1501 PWM for 8-mers
#
# Copyright (2018) David Gfeller
##############
1.00000	290	1
A	1.6033008	0.9733149	0.8015898	1.0245098	1.1231933	1.1456014	1.3933635	0.2689735
C	0.5699269	0.3390822	0.5903494	0.9125848	0.9542901	0.9035480	0.7382169	0.2717029
D	0.2356213	0.3166543	0.2848894	0.5219520	0.2784919	0.5057882	0.6535552	0.1394770
E	0.3808975	0.5764334	0.4880861	1.2488433	0.3062906	1.3538389	1.6566491	0.1657291
F	1.4965332	0.7454924	1.1234880	0.5678979	0.4102238	0.5499295	0.5462896	3.9775602
G	1.3502203	0.7549889	0.6506741	0.4215831	1.1985696	0.7534317	0.7147271	0.1619172
H	1.7031805	0.3367808	2.0679991	0.6604204	1.8916650	1.4505544	1.2671807	0.5304660
I	0.8752369	0.6258088	0.7937769	0.9593629	2.6544192	0.6014357	0.6172268	0.3932642
K	1.0981728	0.6405026	3.5696123	1.2802269	0.4273967	1.3953674	0.9361466	0.1939158
L	0.9515019	0.6012246	0.5040585	1.4198759	0.8916239	0.9354392	0.7554210	1.9590940
M	1.1887740	0.6871596	0.9243261	0.7207758	0.9412186	0.6608651	0.8615233	1.3660717
N	0.4580873	0.5865618	1.3447899	0.9035601	0.5623886	0.9559066	0.6715787	0.1841749
P	0.3624026	0.2857662	0.6344324	1.1595104	0.4029524	0.5506711	0.3761542	0.0977364
Q	1.3391586	10.4865604	1.1453328	1.4824450	0.7149409	1.5178703	1.5647622	0.1978275
R	0.7854900	0.4532134	2.4283092	0.9469964	0.5346310	1.2638318	0.5641309	0.2075389
S	1.0196993	1.0515034	0.5240270	0.8562940	1.4591060	1.6473763	1.7355979	0.2004054
T	0.8391701	0.4184208	0.5140486	0.8843556	1.3850494	1.2037402	1.4777856	0.2256902
V	1.3489503	0.6385203	0.6030454	1.5003429	1.8371571	0.8704590	1.4998117	0.4231476
W	0.5860511	0.2663244	0.5405130	0.2432478	0.2338048	0.2562195	0.5110179	1.0847420
Y	1.9398708	0.8868624	1.1673792	0.6935727	0.3009055	0.9519733	0.7057976	13.9266965
