##############
# B1503 PWM for 8-mers
#
# Copyright (2018) David Gfeller
##############
1.00000	33	2
A	1.5982328	1.0056194	1.0910780	0.7150474	1.5351689	0.6393316	1.7641853	0.4823086
C	0.7372356	0.4881507	0.8373309	1.0071428	1.0854946	0.8981591	0.9818886	0.4585971
D	0.5155611	0.7225062	0.7196701	0.5316464	0.5603258	0.5358349	0.5435071	0.3195360
E	0.5822738	1.2368766	0.5368833	0.8826816	0.5357201	0.8430060	0.7275028	0.3840529
F	1.6545182	0.3138085	1.2189804	0.9379064	0.8251284	0.4944503	0.6130158	4.0846739
G	1.6927196	0.8911736	0.5112160	0.9967928	1.7000133	0.4797674	1.1551383	0.3562009
H	0.6660449	0.6637722	2.7790029	0.4586584	2.2110932	1.4198718	0.9150733	1.9370710
I	0.4347202	0.3527625	1.5683749	1.3050915	0.9271833	0.7456653	1.3269362	0.6645913
K	1.2079584	4.2079312	1.0557758	1.4401675	0.6267730	2.2135632	1.1211139	0.4294123
L	0.5047027	0.4071828	0.9186472	1.4174226	0.7447429	0.9210051	0.9773872	0.9929666
M	0.6256501	0.6338093	1.2155198	0.9420818	1.0763774	0.7761010	1.1984689	1.1754992
N	0.6862600	0.8313914	0.6232363	0.5780749	0.9778501	0.6905117	0.8723354	0.4443678
P	0.3106282	0.3742281	0.2842179	1.3723864	0.5882164	0.5631351	0.3204170	0.2087218
Q	0.6909954	3.0926338	0.5851748	0.8406444	0.5824586	0.8688089	0.8354667	0.4504835
R	2.5562633	1.4833826	0.6241095	0.6929041	0.7859035	3.7181352	0.6462340	0.4623610
S	1.4614931	0.9587903	0.9311801	0.9308460	1.6451686	0.7843716	1.2110152	0.4409872
T	0.6879176	0.6738724	1.0025858	1.1817805	1.2885184	0.7954288	1.0948317	0.4547514
V	0.4989455	0.4095931	1.2145519	1.0315635	1.0315977	0.9067634	1.3089719	0.5899144
W	0.8305752	0.4551218	0.8095860	0.5425426	0.5094729	2.1138520	0.5349382	1.8925928
Y	2.7104684	0.5239560	2.8079976	0.9878637	0.7026954	0.6369609	0.9732014	9.6515394
