##############
# B1502 PWM for 8-mers
#
# Copyright (2021) David Gfeller
##############
1.00000	173
A	0.3877445	1.5101199	0.5656663	0.9310356	1.6042136	0.7717427	1.2015499	0.3018981
C	0.4978954	0.4256731	0.4984327	0.7915240	0.8495358	0.8006410	0.6300853	0.2914498
D	4.0253964	0.7200567	0.3909105	0.3353530	0.4456375	0.4124179	0.5980251	0.1889398
E	0.9996225	0.3690439	0.3573655	1.0585416	0.3691358	0.7992918	2.4671046	0.2389367
F	2.7011919	1.4112233	2.1988333	0.4726316	0.4886109	0.8684210	0.3128132	2.4976143
G	0.2789874	0.4106504	0.3491918	0.3283241	0.5987646	0.3976556	0.4322824	0.1916536
H	1.6344838	0.6059057	1.1317077	0.7478086	3.5901670	1.3184899	0.7863223	0.7780219
I	0.7673135	1.2380197	0.9979456	1.1943266	2.4634062	1.6487272	0.6755357	0.5117850
K	0.3468804	0.3741102	0.9184349	2.3043684	0.3864558	0.9254111	0.9159380	0.2745882
L	1.0998204	1.0700813	1.5440468	1.7645805	0.5912315	1.1979319	0.5711826	0.6891951
M	2.1711776	2.2824691	1.0900263	0.7203072	0.7981997	1.0655709	0.4617016	4.3192681
N	1.0601974	0.4139802	0.4914288	0.4471400	0.8579142	1.0304385	0.5957342	0.2605677
P	0.2772994	2.5918539	0.2604919	0.6958958	0.5323677	0.6885629	0.7345408	0.1594262
Q	0.5380971	2.2954705	0.3723611	1.5293416	0.5001474	1.1482220	1.7667652	0.3062151
R	0.3005235	0.3208528	2.3620270	1.3150878	0.2971977	1.4055380	0.5399726	0.2738868
S	0.7147488	0.5449131	0.4236276	0.4879271	1.2882124	1.1337070	1.2778967	0.2652924
T	0.7531655	0.6111992	0.7935371	0.9038382	0.8403419	1.2428690	1.6197851	0.3069875
V	0.7719436	1.7002696	0.9857981	1.4031092	2.5369791	1.3324825	2.1979030	0.4570139
W	0.3594040	0.2812294	2.4980925	0.2585715	0.2566995	0.2951249	0.2425457	1.0108951
Y	1.7433305	0.8023013	4.4104910	0.4839489	0.5622424	1.1264651	0.4650810	16.0684588
