##############
# B1518 PWM for 8-mers
#
# Copyright (2021) David Gfeller
##############
1.00000	50
A	0.8396703	0.4890959	0.8057743	1.0361389	0.9249230	0.7251424	0.8782811	0.4295723
C	0.5354721	0.3531637	0.6298831	0.8681755	0.8710340	0.8331425	0.6673545	0.3988047
D	2.2380121	0.6055337	0.4249599	0.6784391	0.4766196	0.7559208	0.6987969	0.2700687
E	2.2609084	1.1142998	0.4430567	0.7040282	0.5861701	0.8566066	1.6093857	0.3229637
F	0.7552123	0.5662814	1.9780934	0.7825624	1.7326437	0.5282174	0.4391091	5.2545889
G	0.4795872	0.5823108	1.0470989	0.6044747	1.0580817	0.4500907	0.6474210	0.2803192
H	4.1612372	12.2241192	1.6242525	1.1896627	2.1946552	2.2731286	1.6456019	1.0045792
I	0.5902013	0.3509055	1.4652096	1.3883978	2.0633496	0.9637933	1.0258132	0.8123576
K	0.6924206	0.8323032	0.5523645	1.4703839	0.6173979	0.8289555	1.6175134	0.3575008
L	0.5886021	0.4425146	0.9413672	0.9876017	0.8823577	1.2484448	0.6125558	1.0290661
M	0.5563089	0.5489900	0.7656485	0.7714750	1.3143114	0.7736844	0.9099321	1.0513360
N	1.7784168	0.8725646	0.7512069	0.7988965	1.1185130	1.4318610	1.1193028	0.3634906
P	0.3422019	0.7552449	0.2919308	0.7847730	0.5156908	0.9935257	0.3750891	0.2186086
Q	1.1486398	1.6789382	0.6733133	1.1376075	0.8429309	1.3416805	2.0172504	0.3750964
R	0.5912575	1.0131888	1.0799112	0.9474100	0.4604060	1.3644230	0.9160317	0.3639687
S	0.7687554	0.5509421	0.9828923	0.8733407	0.9533760	1.1506066	1.3358736	0.3675787
T	0.8472124	0.4560999	1.4169626	1.7256606	0.7760745	1.4688226	1.6423032	0.4373456
V	0.5914416	0.3364872	1.1154197	1.3264878	1.6502933	0.9947246	0.7702742	0.8737914
W	0.4350189	1.4203592	2.5108043	0.4044807	0.4445350	0.3707842	0.3695278	1.4275150
Y	1.2944177	1.5120770	2.5753622	0.8665458	0.7907761	0.5997489	0.5555658	9.7245191
