##############
# B1510 PWM for 8-mers
#
# Copyright (2018) David Gfeller
##############
1.00000	28	2
A	0.7238016	1.8158109	1.0441231	0.7126657	1.9446897	0.8867858	1.1268865	0.5785335
C	0.6459602	0.5942086	0.8402532	0.9965837	1.0211286	0.9403287	0.8709827	0.7301833
D	1.1125244	0.6795455	0.7805478	1.1659555	0.8645734	0.5837859	0.9661738	0.2802828
E	0.6382607	1.0476715	0.5082370	1.0275891	0.6043705	0.8986024	1.1381577	0.3097010
F	1.2028365	0.4898751	2.3331300	0.5476498	0.4788472	0.4533123	0.4316410	1.3909609
G	0.5039431	0.7167923	1.4852591	0.4959323	3.7402164	0.5459883	0.6289471	0.3233609
H	5.3525780	7.2270425	1.1106681	0.4550858	1.5205012	1.5574581	0.5416235	0.3242305
I	0.5792087	0.3758988	1.0037874	1.2489810	0.5426385	0.6092549	0.7307092	1.5811938
K	0.6041067	0.8264570	0.9296981	1.8129615	0.6851368	1.3992871	2.3821358	0.3975707
L	0.7461713	0.4230224	0.9852634	1.2344788	0.4359547	0.8019968	0.5765549	4.0638682
M	1.4746070	0.6471203	0.8428475	0.9096774	0.5675757	0.7430403	1.0627730	2.4914853
N	1.0553373	0.9079629	0.6356763	0.6616421	0.7549464	0.7167176	0.7904705	0.3250759
P	0.2659271	0.3415481	0.2868530	1.2514103	0.6402539	1.5613003	0.6751177	0.2148066
Q	0.9071975	2.0888324	0.5337582	0.7153163	1.0856629	1.3090681	0.8806387	0.3898795
R	0.6298327	0.8154157	0.5799157	1.0639263	0.8335265	2.9192086	1.7842845	0.4319747
S	0.6291742	1.1621523	1.0296150	0.8549911	1.1675254	1.1580894	1.4648507	0.4151174
T	0.7367888	0.6520349	1.2583923	1.2709859	0.6614013	0.7000673	1.3704782	0.7779477
V	0.6495311	0.4490985	0.8587310	1.1760916	0.5194833	0.9167437	0.8680708	1.2611238
W	2.9944967	0.5577741	0.9103607	0.4544731	0.5344342	0.4626201	0.4604240	0.6328850
Y	4.6800064	1.0847423	2.7895847	0.5280625	0.9903342	0.6065023	0.5215012	0.7296813
