##############
# B1517 PWM for 8-mers
#
# Copyright (2021) David Gfeller
##############
1.00000	81
A	0.8275530	1.5513714	0.9516845	0.6756793	2.8025392	0.5907463	1.0222516	0.4129816
C	0.6062242	0.6250378	0.5830902	0.7449468	0.9257037	0.9149841	0.6690507	0.4825951
D	0.3905644	0.5245729	0.4647551	0.6748685	0.4141923	0.2305683	0.4769304	0.2201501
E	0.5519045	0.4993209	0.3656859	1.2883878	0.4316866	0.2600035	1.1536956	0.2368933
F	2.0312430	0.4065083	2.4393288	0.3793199	0.3599253	0.8687609	0.5138184	3.1415067
G	0.6833154	0.7658428	1.3206202	0.5074333	0.9494621	0.2416640	0.8234330	0.2275834
H	0.9639423	0.4196603	1.2698674	2.4706507	0.3659683	0.7711373	0.7106594	0.3526117
I	1.4030161	0.6813437	0.7983257	0.6934033	0.7835144	2.0533349	0.7147642	2.6317411
K	1.3817276	0.5495035	0.4946718	3.5655223	0.6626787	0.4063055	1.9583509	0.2874331
L	1.3117974	0.5258499	1.0242828	0.5307467	0.4619566	4.8565270	1.3308645	3.3134594
M	1.1443968	0.7711721	1.2551475	0.7203905	0.5177255	1.5594861	1.0908399	1.7720193
N	0.4985177	0.7071207	0.5759430	0.7738327	0.5939100	0.2708199	0.5421945	0.2547983
P	0.2747165	0.3791946	0.6898497	1.0755667	3.5814960	0.2097653	0.3076806	0.1885909
Q	0.9249913	0.5269976	0.5295022	0.9155123	0.4404351	0.3224197	0.7686029	0.2836356
R	1.6417252	0.4592532	0.4844059	1.6325771	0.3973257	0.3307997	1.5084635	0.2905263
S	1.0391645	3.2984661	0.7041328	0.6635969	0.8753223	0.3855715	1.1019050	0.2863234
T	1.0507890	3.8510252	0.8905191	1.1294517	1.6067278	0.4774017	1.1814545	0.4528163
V	0.9504875	0.9685464	1.1411853	0.5516253	1.2534078	1.0859320	1.2207885	1.2440250
W	0.4728615	0.3200321	4.3979226	0.3316131	0.2698344	0.3940333	0.9917222	2.4426597
Y	1.4959158	0.4291386	3.6819921	0.7195905	0.3925435	0.5458400	0.8850232	1.6832625
