##############
# B1803 PWM for 8-mers
#
# Copyright (2018) David Gfeller
##############
1.00000	120	2
A	0.4040904	0.6074831	0.7441857	0.6397002	0.6617108	0.9131815	1.8357168	0.3935972
C	0.6981972	0.2421734	0.5890171	0.8328223	0.9055212	0.7926489	0.9642135	0.4587844
D	6.7601837	1.1942005	0.3423630	0.4001203	0.3339205	0.5995021	0.5413657	0.2071274
E	1.2656603	8.0996737	0.3882471	1.2412402	0.3682321	1.2759504	1.4611980	0.2371293
F	0.5220867	0.4722528	1.8459800	0.9278129	1.0599728	0.5518326	0.3832826	2.0545573
G	0.4227857	0.5456128	0.4319234	0.3237362	0.5152659	0.4114680	0.7948768	0.2341356
H	1.1012633	0.7088773	1.8716281	0.3432480	0.9703810	2.9060032	0.8562614	0.6364868
I	0.5779983	0.2148209	0.9585069	1.6020240	1.3069338	0.5939081	0.8288795	1.3376366
K	0.4767692	0.7849395	0.8657510	1.4446763	0.8514643	0.7742994	1.1184393	0.5124773
L	0.7054877	0.2577671	1.2556457	1.9970064	1.3375598	0.5184176	0.9105487	4.5263822
M	0.7615862	0.3728629	1.0046274	0.7769622	0.9204220	0.4807533	0.7720948	1.9773925
N	1.6009299	0.5932720	1.0590026	0.9113154	0.7206797	1.6726433	0.4613168	0.2466521
P	0.2192489	0.2613381	0.1863903	0.6552053	0.2024550	2.6349865	0.5138805	0.1511190
Q	0.6965056	1.7024511	0.7726128	0.7924396	1.1090620	1.4581168	1.2463903	0.2915419
R	0.4063601	0.6153342	2.9448734	1.5926042	0.7006664	1.0489332	1.0525281	0.4239333
S	0.6030314	0.5817459	0.5138149	0.5011904	0.8227613	0.6773869	1.1688440	0.2840218
T	0.9788618	0.4347000	0.9102570	0.7678577	1.9882834	1.0216044	1.0009470	0.3936290
V	0.3998859	0.2694542	1.3724103	1.2185218	2.6156454	0.9842966	1.6543028	0.9125166
W	0.3837931	0.3487017	2.6708256	0.3883243	0.4196898	0.8806449	0.3537857	0.5779564
Y	1.6047090	0.3861739	1.1192131	0.6100988	0.9703974	0.4977402	0.5657829	2.0345680
