##############
# B1801 PWM for 8-mers
#
# Copyright (2018) David Gfeller
##############
1.00000	324	1
A	0.2812969	0.2966662	1.0724833	0.5138751	1.7415560	1.0981979	1.3462423	0.3258729
C	0.6773642	0.1426723	0.5047813	0.7454702	0.8215484	0.7387297	0.8496090	0.2276497
D	4.3025017	1.0466652	0.7776545	0.3306587	0.2909896	0.4966345	0.6183823	0.1426637
E	1.3727324	11.2651782	0.7579985	1.9244559	0.3069794	1.7094136	1.5039446	0.1685784
F	0.3220263	0.1461612	0.9802849	0.7430815	1.5953901	0.8088424	0.2648451	3.2702126
G	0.2785028	0.2620033	0.6293847	0.3361013	0.9505392	0.4166817	0.5904418	0.1604533
H	3.3948759	0.4122918	2.0283259	1.0175072	0.9525234	2.9198788	1.9725743	1.9416263
I	0.4633426	0.1251877	1.3502102	1.3808213	1.5283223	0.6945744	0.2987881	0.6130068
K	0.3924619	0.4806820	1.0934747	1.9429845	0.3754947	1.0160328	1.8749011	0.2673032
L	0.6044159	0.1485195	0.9354251	1.3637396	0.8298031	0.4157452	0.6364439	1.8368160
M	0.9967389	0.2155994	1.7584422	0.8535796	0.8758654	0.5893330	0.5037434	3.1855025
N	3.3602688	0.6295037	0.9551592	0.6947292	0.5488326	1.5634619	0.8080626	0.1903404
P	0.1368152	0.2432602	0.1282046	0.5374583	0.2490467	0.7057017	0.1504470	0.0957965
Q	1.0856009	0.6695963	0.8773366	1.4195887	0.3232251	2.2928286	1.5551004	0.2030320
R	0.2927737	0.3708240	0.7751326	1.0992509	0.2598220	1.0452917	1.4354681	0.2091388
S	1.2225313	0.4284709	0.7330908	0.7580279	1.1246102	0.9077314	1.5680470	0.2009378
T	1.0600397	0.3085303	1.3061877	1.1710820	1.6066708	1.2608009	1.8098076	0.3059785
V	0.4931225	0.1591443	1.7634833	0.9507554	2.9254147	0.9902181	1.0144175	0.7280610
W	0.2114957	0.2027051	0.7425667	0.2442051	0.2441366	0.2417151	0.2208550	0.6493438
Y	0.6558860	0.2143060	1.0057591	0.8131130	0.3265200	0.8464320	0.4964869	10.9366360
