##############
# B2707 PWM for 8-mers
# Model trained on 9-mer peptides removing position 4.
# Copyright (2016) David Gfeller
##############
1.00000	1086	0
A	1.7372351	0.0981414	0.7650816	0.5983539	0.7238926	0.6534303	0.8034420	0.1591617
C	0.1053628	0.0601354	0.1558835	0.4628161	0.4620132	0.4583881	0.4696040	0.1199113
D	0.1388056	0.0929078	1.0123865	0.7088380	0.5734941	0.8478507	0.5646992	0.0491950
E	0.5920522	0.1334337	0.1984172	0.9367230	1.0908945	1.3415948	1.2548691	0.0529605
F	0.7332628	0.0625398	3.2490037	1.5179593	1.5677644	2.1791895	1.1163722	3.7166304
G	2.1211417	0.0826630	0.2531873	0.8293833	0.4814422	0.2658942	1.5174103	0.0715516
H	1.9333724	0.1238226	1.3364154	0.4784285	0.3416210	0.5996239	0.9742724	0.0605770
I	0.9166793	0.0535619	1.4360108	1.6104361	1.5109830	1.3487578	0.2906931	1.2825534
K	0.8671553	0.3184365	0.4409449	0.5546012	0.6620500	0.1646709	1.0673263	0.0801041
L	0.4926263	0.0770823	1.5316548	1.7578809	1.5833174	1.1107918	1.2301792	5.6306182
M	1.1932325	0.1066180	1.5152329	1.1219607	0.9790257	0.7562235	0.5646939	2.1845349
N	0.4744402	0.1412425	1.3648933	0.6305183	0.8435278	1.1681707	1.6905731	0.0563443
P	0.0711630	0.0499260	0.0877826	0.9776728	0.9529748	1.2015011	0.0967483	0.0503064
Q	1.8422462	0.2355540	0.8993795	1.1461314	1.6905240	1.6253729	1.8581096	0.0633925
R	1.4067195	17.7572528	0.2262547	0.2760452	0.6073402	0.2125233	1.0160892	0.0876034
S	2.1029658	0.1171688	0.8396735	0.6598086	0.6526851	0.7732736	1.2414335	0.0700023
T	0.9362827	0.1023441	0.8885698	0.7936943	0.9326035	0.8712889	1.5750832	0.1475365
V	0.6991277	0.0646651	0.9641233	1.4432644	1.3233745	1.3988616	0.6225136	1.4900801
W	0.2694623	0.0883938	3.9582590	1.3488399	1.5935361	2.4266927	0.6859018	0.1307661
Y	1.0130748	0.0921829	2.1318945	1.5149371	1.0466919	1.7249073	1.1768796	0.2604179
