##############
# B2709 PWM for 8-mers
# Model trained on 9-mer peptides removing position 5.
# Copyright (2016) David Gfeller
##############
1.00000	1004	0
A	1.3855601	0.1049261	0.6941808	0.6175561	0.7559263	0.5909127	0.7512133	0.2315551
C	0.1076236	0.0644410	0.1627652	0.4542226	0.4699705	0.4683720	0.4716899	0.1269588
D	0.1624915	0.1166490	0.6389793	1.5605789	0.6654704	0.5473211	0.5607786	0.0533451
E	0.5620711	0.1437664	0.3042958	1.2272298	0.7512068	1.2003581	1.3474901	0.0578037
F	0.9371697	0.0669184	3.6112926	1.4328826	1.4987717	2.1550972	1.1337447	4.0200374
G	2.1268202	0.0885064	0.3271262	1.2673066	0.6529808	0.1935997	1.3888165	0.0780663
H	2.0512385	0.1324677	1.3770326	0.5817211	0.4875229	0.5850388	0.9955483	0.0673994
I	0.9753157	0.0575117	1.3242085	0.5628288	1.6792932	1.3858985	0.2396551	1.2621850
K	0.9160847	0.3542289	0.2594715	0.8446080	0.6966242	0.1980558	1.0827891	0.0725526
L	0.5747104	0.0918350	1.8964079	1.2404039	1.4799673	1.4667826	0.9998060	5.1699872
M	1.2761703	0.1519045	1.3672991	0.7103939	1.2378678	1.2774547	0.6362983	3.1239688
N	0.5252809	0.1506850	1.3742723	0.8381571	0.6638683	1.0038032	1.8394776	0.0612692
P	0.0738064	0.0533404	0.0466046	2.0226681	0.9087911	1.0870485	0.1491992	0.0539891
Q	1.5522658	0.3405450	0.5383296	1.1554203	1.6862164	1.0608727	2.2716960	0.0693088
R	1.7599857	17.5413563	0.1493033	0.4126616	0.5338331	0.1717564	1.1910469	0.1474849
S	1.8104937	0.1255092	0.7216808	0.8768111	0.8482183	0.6679067	1.2919042	0.0765701
T	0.8171608	0.1257816	0.8520050	0.5900382	1.0377648	0.8883343	1.3842785	0.1415928
V	0.5601817	0.0692055	0.9051441	0.6741156	1.1914031	1.5108008	0.5681106	1.4163343
W	0.5672327	0.1837819	5.4352287	2.4120533	1.6312302	3.0807286	0.5626183	0.1437890
Y	1.6566377	0.0986018	2.1482916	1.0804555	0.9746946	2.1298008	1.3819333	0.3741377
