##############
# B2703 PWM for 8-mers
# Model trained on 9-mer peptides removing position 5.
# Copyright (2016) David Gfeller
##############
1.00000	464	0
A	1.0454033	0.1891166	0.6716513	0.7067898	0.9378652	0.5964606	0.9303665	0.2102296
C	0.1710063	0.1171292	0.2477599	0.5040622	0.5343818	0.5288191	0.5298807	0.1926176
D	0.2408677	0.1780260	0.9226348	1.5149682	0.4512531	0.5062190	0.5002160	0.1108829
E	0.3497844	0.2561115	0.1816890	1.1471142	0.8190126	0.7963024	1.2051455	0.1291043
F	1.0674287	0.2956261	4.4296407	1.5709320	1.8249223	2.5367938	0.6815067	5.0142302
G	1.6411704	0.1592415	0.3075083	1.2991066	0.6135636	0.1924276	1.4831635	0.1537782
H	4.2200477	0.2438330	0.5344065	0.7120161	0.4681481	0.6482136	1.0831715	0.3135126
I	0.4740350	0.1064541	1.2322059	0.3679164	1.7912556	1.2856919	0.2606868	0.8342071
K	2.0193358	0.6050401	0.2748974	0.8488746	0.6980547	0.3612227	0.9676737	0.6764340
L	0.4079749	0.1520860	1.9196115	0.9884413	1.1841181	1.4727510	1.1497697	2.9206665
M	0.3067470	0.2081886	1.5658702	0.6713022	0.8206682	1.1082892	0.6218845	1.9665504
N	0.6278478	0.2695422	1.3578228	1.1401149	0.7489275	0.9655771	1.5818077	0.1382532
P	0.1083082	0.0958154	0.0807717	2.1245910	0.7844131	1.1927267	0.1385821	0.1332121
Q	1.2741980	0.4120739	0.4477449	1.3012271	1.6188534	0.8898968	1.8263401	0.1546618
R	2.8555781	15.5114565	0.1643255	0.4870933	0.7121513	0.3508002	1.2540551	1.1855437
S	1.6154623	0.2250292	0.6010729	1.1887078	0.9072016	0.6977457	1.4342135	0.1793468
T	0.5078413	0.1970608	0.6409442	0.5940557	1.0320314	1.0188138	1.6185475	0.2462241
V	0.4129316	0.1266914	1.0255539	0.5767160	1.3072733	1.4643893	0.6539677	0.8775988
W	0.3926034	0.3639867	4.4135234	1.9603598	0.5744217	2.5594788	0.3836346	1.4388290
Y	1.3110043	0.6477341	2.2395140	0.7576803	1.2361391	2.1373138	1.4158272	4.4932613
