##############
# B2704 PWM for 8-mers
#
# Copyright (2018) David Gfeller
##############
1.00000	49	2
A	0.9970366	0.5061967	0.7524448	0.7916196	0.6902991	0.5513597	1.0382953	0.5285718
C	0.4757507	0.3101875	0.5438999	0.6866861	0.6895848	0.8333931	0.7370292	0.6060912
D	0.5159792	0.4790785	0.4677862	0.8574124	0.4887432	0.2905781	0.5844277	0.2665682
E	0.6615199	0.6885492	0.4087851	0.8163168	0.6055958	0.3397487	0.9560483	0.2887516
F	0.5623323	0.3230105	2.6596351	1.8572934	0.3347855	1.3227280	0.8148722	1.8460397
G	0.9041848	0.4263341	0.4585013	0.8298040	0.8455991	0.3148615	1.6720654	0.2984154
H	1.2236930	0.6397520	1.1980033	0.8696292	0.3651686	0.3458775	1.1830109	0.6684979
I	0.6149158	0.2765825	1.1971193	0.8279704	0.6855879	1.8232058	0.6452720	2.2421426
K	1.8104447	1.6447875	0.6114952	1.2306820	0.5612985	0.5916923	1.4680272	0.3763592
L	0.7137793	0.3979900	1.3379941	1.3087871	0.6110747	3.2925392	1.0529075	3.0964265
M	1.2279456	0.5492166	1.9756815	0.8149637	0.5264816	2.1977548	0.9934847	1.9256930
N	0.6869357	0.7288365	1.8674861	0.7480646	0.4770349	0.3451712	1.0656548	0.3123968
P	0.2930895	0.2581882	0.2211905	1.0260364	7.0431795	0.2070149	0.2922257	0.1922967
Q	1.4611713	1.0046135	0.4680391	1.2683025	0.6301254	0.5890232	0.8509702	0.3524789
R	2.9018449	9.3817263	0.6637742	0.8031113	0.4341116	0.9666032	1.3891054	0.5517078
S	1.2476139	0.6051705	0.6662625	0.6839605	0.9225688	0.4088948	1.4617205	0.3652235
T	1.0513191	0.5286271	0.8400087	0.6805483	0.6008707	0.6884915	0.9260664	0.5364788
V	0.7078561	0.3341102	1.0068829	0.6870787	0.7497087	1.4880667	0.6360515	1.5686022
W	1.7393818	0.4560261	4.3078282	3.0310977	0.2752410	0.5879036	0.5766857	1.8295601
Y	1.4798697	0.4755708	2.4800286	2.2676878	0.3957590	0.9583448	1.4640991	1.3910140
