##############
# B2701 PWM for 8-mers
#
# Copyright (2018) David Gfeller
##############
1.00000	56	2
A	0.7879539	0.4923554	1.2655114	0.5786573	0.9063713	0.7250099	1.0637710	0.4921385
C	0.4115301	0.3017058	0.5319570	0.6935905	0.7531416	0.7068850	0.7905769	0.4656824
D	0.4723135	0.4659787	0.5306546	0.6036258	0.7864999	0.7047698	0.6663252	0.5358218
E	0.5748017	0.6697217	0.3963349	0.5011381	1.0107519	0.4542218	0.7428238	0.5488022
F	0.8809823	0.3141782	2.7810771	1.5578307	1.7660505	2.5038566	1.1785823	3.4036941
G	0.9674360	0.4146765	0.9732109	0.5859548	1.0835853	0.3934007	0.6646841	0.3587006
H	0.5586403	0.6222587	0.7613023	1.0167914	0.3782325	1.0340140	1.3060870	2.2251187
I	0.6347158	0.2690197	0.7554398	0.8251022	1.3954615	1.3105918	1.2426521	1.0915215
K	1.5371152	1.5998129	0.5692753	1.3078267	0.6453440	0.8151914	1.1610404	0.8842560
L	0.4843748	0.3871074	0.8277074	1.3450062	1.2935915	1.2832821	1.1481675	1.8316395
M	0.5951887	0.5341990	1.4633719	1.0536036	1.0992149	0.8603507	0.8280948	1.4838176
N	0.8170314	0.7089074	0.4372915	0.8601081	0.4690175	0.4723516	0.9391622	0.4745843
P	0.7858164	0.2511284	1.4405324	2.1386263	1.2735657	0.9109144	0.2703348	0.2071855
Q	0.7516045	0.9771436	0.4147924	0.8598679	0.4908859	0.8041057	0.7253482	0.6572214
R	5.1346344	9.6665199	0.5838270	1.3830635	0.9192693	1.6002187	0.9054057	1.3152819
S	0.8387923	0.5886229	0.7453381	0.6253720	0.6381853	0.5011664	1.2570394	0.4477361
T	0.9442105	0.5141725	0.5313348	0.5515119	0.6896406	0.7685452	1.2758727	0.6084620
V	0.7257074	0.3249743	1.0015345	1.1715798	1.5015929	1.1293090	1.3919510	0.9454020
W	0.5417454	0.4435566	8.0376256	1.5474409	1.5448666	3.7748691	1.5533120	1.8160149
Y	1.3484889	0.4625669	2.3609042	0.9723083	0.6965472	1.7153797	0.9435862	1.9115065
