##############
# B2705 PWM for 8-mers
#
# Copyright (2018) David Gfeller
##############
1.00000	156	2
A	1.2046388	0.3543633	1.0178438	1.0072225	0.8128674	0.6908109	0.8459767	0.4920020
C	0.3198961	0.2169820	0.4070184	0.6089417	0.6219522	0.6508723	0.6440049	0.3501859
D	0.5410570	0.3365635	0.4602953	1.4916696	0.5202875	0.6503685	0.4943878	0.2770835
E	0.5653899	0.4872313	0.4410481	1.0399726	0.8948369	0.9984893	0.7052534	0.3451880
F	0.3183540	0.2247951	3.5941160	1.2916314	0.9937781	1.7376918	1.6819266	2.2008231
G	2.1365273	0.2989460	0.7602833	1.3043324	1.4157360	0.6621796	1.1947955	0.2783308
H	1.0832927	0.4493131	0.8926145	0.6305849	0.4464902	0.4439557	0.6112788	0.6181588
I	0.3785703	0.1928123	1.1803537	0.5888188	0.9032355	1.9814807	0.9095879	1.1416574
K	1.7165432	1.1520498	0.9738184	1.2579720	1.0606290	0.5947346	1.3022582	1.9420834
L	0.3028735	0.2777712	1.4467189	0.9307444	1.0035706	1.3726587	1.6109978	2.1029071
M	0.6832227	0.3846015	1.2094422	0.9172803	0.7941200	0.6452757	1.0346978	1.5745471
N	0.6860123	0.5097363	0.8824791	0.9004702	0.8265661	0.6243963	0.8997861	0.5217348
P	0.2072927	0.1807303	0.1675676	1.0117621	2.4109688	0.8424652	0.8456710	0.1674909
Q	0.8892303	0.7925984	0.7854941	1.4087898	0.6671483	1.0751414	0.8217858	0.6834478
R	4.3745995	12.5065114	0.6856416	0.9839477	1.3918499	1.0460421	0.6444209	2.4015719
S	1.4702064	0.4246051	0.7984544	0.9262289	0.7221830	0.8504197	0.9196177	0.5271235
T	0.6421243	0.3704007	0.7962212	0.8819058	0.8112497	0.8878186	0.6111902	0.5222115
V	0.5348559	0.2330252	0.7801329	0.6519913	1.0612416	1.3163388	0.9175587	0.9783755
W	0.3632306	0.3191139	2.3087564	1.2587041	0.7678632	0.3945457	2.2042967	0.4763963
Y	1.2653654	0.3321796	1.8698014	1.0850823	0.6538190	1.0006657	1.6675886	1.7242881
