##############
# B2706 PWM for 8-mers
# Model trained on 9-mer peptides removing position 5.
# Copyright (2016) David Gfeller
##############
1.00000	745	0
A	1.4282306	0.1339519	0.7021081	0.6658392	0.8200213	0.5274082	0.9536776	0.2463481
C	0.1439232	0.0827632	0.1912911	0.4743412	0.4908183	0.4880439	0.4985662	0.1588145
D	0.2024553	0.1264169	0.4213858	1.1314428	0.6417399	0.6642362	0.8804200	0.0673460
E	0.3810410	0.1810277	0.1625391	1.1097419	0.6306196	1.0191008	1.6128076	0.0719084
F	1.1709824	0.1952703	3.8297483	1.8504202	1.7395032	1.2362867	0.8184352	4.9272112
G	2.1104570	0.1318731	0.1906037	1.1727558	1.0665961	0.3860127	2.0845480	0.0996563
H	1.4707122	0.1684534	1.0829262	0.3170657	0.5540259	0.4356594	0.4864241	0.0856389
I	1.1099241	0.0752505	1.6190579	0.7239512	1.3091097	0.9458205	0.3496288	1.2114769
K	0.6882890	0.4266069	0.3896012	0.5874080	0.4532818	0.4262924	0.7528305	0.1081405
L	0.8164662	0.1312246	1.7471970	1.4788294	1.4021642	2.3159318	0.7398622	5.1281401
M	1.7009074	0.2438835	1.8595477	1.0227559	1.3855795	1.7447444	0.6154058	1.9263171
N	0.5665825	0.2175469	1.4560586	0.5676800	0.8616629	0.6972479	1.0060121	0.0774779
P	0.0739626	0.0677442	0.0580415	2.4351936	1.0717970	1.0680756	0.1371824	0.0684039
Q	1.3825488	0.4324530	0.4024351	1.4168282	1.6177919	1.8515235	1.7673029	0.0842963
R	1.3536701	16.6080858	0.3720905	0.3862702	0.3643747	0.8202886	0.7951800	0.1188333
S	2.0263127	0.1776818	0.6409101	0.5799935	0.9992088	0.9322650	1.8290051	0.0956767
T	0.8879375	0.1394307	0.5697207	0.3995807	1.1049922	0.9121950	1.5794004	0.1772812
V	0.5716730	0.0895230	0.8809394	0.7047738	1.0651883	0.9602007	1.0337645	1.2418158
W	0.9719346	0.2401472	4.0963535	2.7000341	0.8530241	0.8451965	0.1305539	0.3086073
Y	1.2618796	0.2068731	3.1092927	0.9521661	1.2264062	0.9822322	0.6101036	0.3109159
