##############
# B2702 PWM for 8-mers
#
# Copyright (2018) David Gfeller
##############
1.00000	19	2
A	0.9677894	0.5751085	0.6108025	1.0997527	0.8002540	0.5266113	1.1709617	0.5338451
C	0.5184192	0.3524299	0.6746277	0.7720119	0.6764580	0.7689447	0.8428538	0.5664562
D	0.5676041	0.5452924	0.3507080	0.4937500	0.6736858	0.3615767	0.4991073	0.3053267
E	0.6823474	0.7871472	0.3995315	0.7579702	0.8503925	0.3703624	0.4994123	0.3639873
F	1.1617464	0.3657841	3.3393091	1.7338012	0.8221463	3.1116571	1.9842856	2.6980177
G	1.0433825	0.4851733	0.3891914	0.9655580	2.3258428	0.3954166	1.4371625	0.3768223
H	1.3491310	0.7291665	0.4351123	0.5142939	0.5017111	0.5626641	0.6346180	0.5181744
I	0.6589892	0.3131543	1.7682646	0.9180593	0.3540872	1.0369454	1.0449569	1.0709636
K	1.2452247	1.8756393	0.4609793	0.8789914	0.6881613	0.4884496	0.5664363	0.6667151
L	0.5601454	0.4514994	1.7884889	1.0643205	0.3835535	2.4075005	1.5013659	2.3656320
M	0.7073476	0.6238810	2.6916301	0.8593226	0.4810038	1.7885153	1.0363910	1.3098324
N	0.7717367	0.8278875	0.4122957	0.5264009	1.0688945	0.8116307	0.9839201	0.3668894
P	0.3093118	0.2933925	0.2226593	1.6254065	4.7957389	0.2057616	0.2832995	0.1998667
Q	1.1095706	1.1449295	0.7605322	0.5727013	0.9093021	0.4422608	0.8420677	0.4180810
R	2.6277134	7.9993022	0.4713322	0.9461504	0.5499023	0.8460916	0.5388195	0.5044536
S	1.3621929	0.6891065	0.5045746	0.6769336	0.9451145	0.4520781	1.0758474	0.4148951
T	0.9866098	0.6014166	0.8807438	0.8788877	0.6488887	0.5400981	0.6990798	0.5254119
V	0.5621034	0.3784624	1.4354232	0.8796625	0.3864969	0.8303841	0.9666012	0.9933192
W	6.1451458	0.5186849	3.5625565	6.1136815	0.4026134	6.4167464	0.9366633	11.8789207
Y	1.5325509	0.5393457	1.2923113	1.5668444	0.5393721	2.5163013	2.7122780	2.5794297
