##############
# B3503 PWM for 8-mers
#
# Copyright (2018) David Gfeller
##############
1.00000	57	2
A	0.5559698	0.8371227	1.6665155	1.0658190	1.2390510	1.0002640	1.2116348	0.5029311
C	0.9866691	0.5439678	0.7504768	0.9182540	0.9844726	0.9145974	0.9429841	0.6121225
D	1.0746433	0.4731164	1.3499443	0.6733305	1.6229423	0.8163068	0.8195586	0.2419574
E	0.6724141	0.5865181	0.6156275	1.5249930	1.0957357	1.7568181	1.9301670	0.2730425
F	3.1087569	0.2822021	0.9097754	0.3513689	0.3773215	0.6703162	0.4615842	1.7241832
G	0.3960927	0.4698713	2.2285926	0.7130005	1.2578670	0.4962690	0.8422026	0.2846186
H	1.6026782	0.6433776	1.0094802	1.3425772	1.0316593	1.9255021	0.4336090	0.3021377
I	1.1969378	0.4972076	0.8831765	0.4345378	0.4711437	0.7302527	1.1835102	1.3640541
K	0.4498833	0.5661942	0.5194717	0.9353808	0.7684327	0.7750454	0.6301839	0.3506693
L	1.5744601	0.3738405	0.7742338	0.5557401	0.5741705	1.0449475	0.8454793	4.3838671
M	1.6660442	0.4334062	0.6572358	0.5417200	0.5677794	0.6940493	0.7390433	3.5199167
N	0.6907451	0.4515707	1.1684902	1.3269647	1.1033898	1.1182090	0.7839759	0.2783179
P	0.2218247	8.1232098	0.4517308	3.1615733	1.3230702	2.1301441	0.6351100	0.1843321
Q	0.6096848	0.4512491	0.4884958	1.1448009	0.9360937	1.4555644	0.9650243	0.3514894
R	0.4432272	0.5786266	0.4576044	0.9190520	0.7221103	0.5955776	0.5369242	0.3845575
S	0.8138980	0.7044748	1.0603547	1.3066042	1.8962804	0.9335919	1.3451153	0.3468963
T	1.0381445	0.6860017	1.4847974	0.8857036	1.6879128	0.5890304	1.7893997	0.5061279
V	1.1380953	0.6568342	1.0294198	0.6802062	0.7306492	0.7771401	1.4488431	1.1469388
W	0.7503192	0.2446391	0.5021163	0.3594199	0.3871851	0.4438997	0.4178839	0.5972109
Y	2.0219652	0.3878110	1.0712005	0.4820645	0.4634100	0.8471272	0.4719572	0.7165986
