##############
# B3501 PWM for 8-mers
#
# Copyright (2018) David Gfeller
##############
1.00000	73	2
A	0.4725018	1.7772938	1.3118360	1.0139196	1.3202508	0.7099454	1.4153207	0.4361705
C	0.9578716	0.5806498	0.7029520	0.9630737	1.0431718	0.9143991	0.9131858	0.4702045
D	2.0018231	0.4230065	0.6914591	0.4967783	0.8305210	0.5749344	0.5606418	0.2475949
E	0.7358725	0.4316774	0.5168372	1.2931683	0.4393027	0.5922409	1.5381287	0.2881449
F	2.1364189	0.4459612	2.2792138	0.5000430	0.8385799	1.1333701	0.4316773	3.2164471
G	0.3442754	0.7860408	1.0026168	0.5664965	0.7428418	0.4172346	0.9003757	0.2832541
H	1.1658086	0.3310874	2.1091687	1.1159622	1.7761716	3.7944726	1.3720192	0.8136622
I	1.1218822	0.4639261	0.9969416	1.0154516	1.4648407	0.8497326	0.9021342	1.0370291
K	0.4080248	0.5088719	0.5620207	1.6741717	0.4643710	0.7309690	1.1154928	0.4422710
L	2.1280341	0.3780762	1.2033093	1.4347443	0.8622106	1.0014662	0.8744282	2.8848694
M	2.2234656	0.6452545	1.8551604	0.7862524	0.7528177	0.6979206	0.7002034	1.9729767
N	0.4858213	0.4105579	0.9526975	0.5125326	0.8153434	0.8393449	0.5813177	0.3112199
P	0.2012152	7.3427501	0.2316800	1.0823539	0.9354324	1.6032364	0.4175018	0.1746827
Q	0.4247259	0.4060591	0.4555539	0.8835145	0.5734919	1.0626660	1.4512496	0.3482568
R	0.3977478	0.3877721	0.5800859	1.0256443	0.4256274	0.7814610	0.7340573	0.3823842
S	0.4372449	0.6407135	0.9280627	0.8452089	1.2995287	0.7148088	1.2911024	0.3454192
T	0.6817416	0.6471093	0.9669865	0.9870011	1.1627265	0.9350365	1.3642449	0.4285417
V	0.9729173	0.5708907	0.9936761	1.2654198	2.0748763	1.1062513	1.4562919	0.7309382
W	1.5347136	0.2622102	1.4581231	0.4242268	0.4345764	1.4134375	0.4082068	1.0765808
Y	2.7163833	0.3801988	1.7060362	0.7183130	0.7986751	2.2779466	0.5059354	5.7874579
