##############
# B3508 PWM for 8-mers
# Model trained on 9-mer peptides removing position 6.
# Copyright (2021) David Gfeller
##############
1.00000	408
A	0.3858690	3.7085551	1.7695394	0.9111320	0.7174843	0.8615527	1.2875539	0.1772360
C	0.8037642	0.2587900	0.3187228	0.8028987	0.7996812	0.8251716	0.6498190	0.1561857
D	0.7413387	0.2593861	5.0035193	1.1824840	2.9758723	0.6627894	0.2833610	0.1113375
E	0.9239753	0.2010362	1.6968464	1.6746453	1.7887300	1.6493252	1.5478225	0.1318062
F	1.7318121	0.1440081	0.5642340	0.4583844	0.4511644	0.6189083	0.2995353	6.3432592
G	0.2965612	0.4623777	0.3865171	0.8365773	0.7006184	0.2606171	0.5405983	0.1157746
H	6.4040304	0.1666485	1.2371216	1.1439961	0.7893613	2.2740292	0.9243995	0.4443058
I	0.6833501	0.3215545	0.9328851	0.4698570	0.5262282	1.3157117	0.6959886	0.4182987
K	0.3356972	0.2257327	0.2876458	1.0135843	0.6209768	0.6018790	0.8058991	0.1487180
L	1.0166599	0.2400201	0.4577927	0.6165990	0.5323976	0.5953692	0.5756822	1.2842936
M	1.5387621	0.2061287	0.7573151	0.3860711	0.3022463	0.3762778	0.6581575	3.4091369
N	1.6483086	0.1907216	0.9814913	0.8642081	0.8571398	0.8407880	0.6526364	0.1475465
P	0.1301675	8.5228904	0.2634752	3.2336769	2.6163396	0.9463913	0.4610966	0.0896590
Q	1.3555778	0.2387160	1.0557475	1.1411413	0.8638275	1.3059064	1.3733021	0.1579182
R	0.3641403	0.1669681	0.2420059	0.8098836	0.5552226	0.4215788	0.6780174	0.1519971
S	1.4031543	0.5789263	0.9233197	1.1965237	1.4447749	0.9927427	1.9755028	0.1515760
T	1.6053181	0.3716977	0.6728553	0.8028262	0.8756652	1.3514045	2.4109902	0.2178469
V	0.3930271	0.8981526	0.7134285	0.7608530	0.8096760	2.3412442	2.0141563	0.3279228
W	0.2150043	0.1050304	0.1516089	0.1469354	0.1400668	0.3441630	0.1570155	0.5314014
Y	1.6762702	0.1695489	0.7182413	0.7096617	0.5721334	1.5691835	0.5325180	12.8117091
