##############
# B3502 PWM for 8-mers
#
# Copyright (2021) David Gfeller
##############
1.00000	86
A	0.6468185	1.6930275	0.9689826	0.7515501	0.7126784	0.7143639	1.6765338	0.4320015
C	0.8773765	0.4120224	0.4885204	0.8554606	0.7580191	0.8372198	0.7510918	0.4753160
D	1.3529307	0.4065547	3.1529521	0.8591434	4.3261550	0.4455459	1.1197456	0.2122715
E	0.5508033	0.4225699	1.2213829	1.4638347	2.5006342	0.9916844	1.6917619	0.2457891
F	1.7255465	0.2937006	1.0449519	1.1003108	0.2910373	1.3742680	0.4200914	1.3467798
G	0.3642089	0.6438395	0.8388150	0.6692120	0.9316991	0.5546828	0.4264422	0.2223455
H	3.0060209	0.5987345	1.8474805	1.8529733	1.4483778	3.9589786	1.6048897	0.2940667
I	1.0209734	0.4438105	0.7487866	0.7802243	0.3003934	0.8260290	0.9622748	1.4237358
K	0.4421585	0.4796348	0.5042790	1.1462633	0.8308941	0.7967874	1.1940909	0.3086747
L	1.6089508	0.3204759	1.0491842	0.9310420	0.3325044	1.0471182	0.8055684	4.8988987
M	2.8515281	0.3682622	0.7788570	1.0025821	0.3750494	0.8340176	0.6193132	3.8879002
N	1.0622087	0.4075782	0.9647114	0.8000055	0.9319297	0.7837946	0.6828007	0.2474953
P	0.2554583	8.9904431	0.2985234	1.1257410	1.1543394	1.1031600	0.4547558	0.1963216
Q	0.7198462	0.4004244	0.6607860	0.9589696	1.0773985	0.9215994	1.1260406	0.3240619
R	0.4134751	0.3482486	0.4217386	0.8294339	1.0314190	1.1112854	0.9573947	0.3212390
S	1.2010260	0.7222719	1.3264836	0.8258935	0.9500844	0.8399476	0.7567585	0.2908038
T	0.7365375	0.6239682	1.2475325	1.1132554	0.5154136	0.6021880	1.1481208	0.4642162
V	0.9630550	0.4288797	0.8421865	1.4506908	0.3314992	1.2147271	1.6656376	1.2357106
W	0.4703261	0.8111398	0.3333510	0.3854522	0.2677510	1.0585097	0.3147178	0.4244528
Y	1.6890700	0.5614455	0.5323312	1.1534026	0.3850390	2.0822632	0.4788717	0.5897832
