##############
# B3507 PWM for 8-mers
#
# Copyright (2021) David Gfeller
##############
1.00000	61
A	0.4734349	1.2240372	1.1255563	0.6957369	1.8967915	1.0591556	1.4602377	0.4492817
C	0.8958988	0.4222750	0.5443111	0.8787892	1.0029342	0.8912629	0.8114173	0.4018538
D	0.9432568	0.4480645	0.8943392	0.6004635	0.6342879	0.6963023	0.5522932	0.2681658
E	0.5879079	0.4757306	0.5758707	1.9988259	0.5032334	0.4914355	1.6265135	0.3186818
F	3.5504777	0.2792532	0.9966393	0.4764684	0.4829107	1.8888626	0.4976125	3.1176205
G	0.2946182	0.4447693	1.7934030	0.5071318	0.6827796	0.3909287	0.5774065	0.2761518
H	1.3413780	0.6898155	2.8872976	1.0774010	1.3305393	3.1759705	1.0537850	0.8001339
I	1.7742830	0.4215023	1.1095184	1.1540662	1.4433218	1.1520576	1.4462579	1.0344220
K	0.3795918	0.5343405	0.5956822	1.2719037	0.7490198	0.6050140	0.9211691	0.3708219
L	1.9238325	0.3456686	1.2390506	1.0435360	0.7487694	1.3480763	0.8755599	1.9191481
M	3.0414706	0.3966853	1.4453280	0.7229363	0.9082701	1.2668529	0.7350833	3.0253142
N	0.4166064	0.4376991	0.5662823	0.5461032	0.6072266	0.5217795	0.5355521	0.3516963
P	0.2313978	9.6118449	0.6717165	1.6471680	1.3067857	0.8388638	0.7140885	0.2229882
Q	0.4073504	0.5939695	0.6515442	1.1540972	0.5215767	1.1053082	0.7856176	0.3992140
R	0.3632551	0.3863570	0.5766789	0.7239228	0.4700500	0.6021142	0.7887713	0.3729734
S	0.4019368	0.6779535	0.6422877	0.6690606	2.1477122	0.6960171	1.0777400	0.4630085
T	0.7414765	0.5683394	0.7861711	1.1969512	1.2545066	0.7883655	1.0309186	0.5887088
V	1.3032212	0.6196498	1.2569445	1.7086437	1.2641336	1.2783546	2.0927923	0.7920099
W	0.6110134	0.1978803	1.2273035	0.3347323	0.3320994	1.3140385	0.3434465	1.8765147
Y	1.7351938	0.3799865	0.9340689	0.4998124	0.5112594	1.8463560	0.5096337	7.4873964
