##############
# B3701 PWM for 8-mers
#
# Copyright (2021) David Gfeller
##############
1.00000	653
A	1.9883847	0.1946314	0.6954353	0.5855241	1.2785161	0.7428586	1.6607155	0.1679571
C	0.6571904	0.2670202	0.4852841	0.5982642	0.6100395	0.5760291	0.1261860	0.1367288
D	0.1453084	11.1247418	0.5070527	0.1992274	0.1298881	0.2514109	0.4560615	0.0745377
E	0.1828921	4.2264105	0.3926256	1.0543995	0.1678235	1.0725835	1.2686236	0.0796779
F	0.4558258	0.0876959	1.7659212	0.5966072	0.2292953	0.8558168	0.3038528	10.1400111
G	0.3345366	0.1619664	0.3191961	0.2905741	0.2607436	0.1734164	1.2183352	0.0803846
H	2.3781070	0.1825973	2.4165763	0.4764158	3.9661023	4.8265350	2.4278519	0.1199745
I	0.5448633	0.0900296	0.6235725	2.0871228	1.5087481	0.4569319	0.2492178	0.7919386
K	2.3119229	0.2082419	0.6887833	1.1224290	1.7644880	1.0713220	1.7245148	0.1110555
L	0.3788838	0.0778364	0.8645290	2.4917115	0.2553378	0.2587358	0.8716432	2.9533516
M	0.6471910	0.1049107	1.4573745	1.0659851	0.2320452	0.3413410	0.4478199	2.4648163
N	0.2535110	0.3244965	1.3513643	0.2513480	0.2556453	1.6051217	1.4489199	0.0888084
P	0.1046051	0.1846266	0.3084134	0.8884814	0.1228036	0.6423951	0.4998757	0.0590519
Q	0.4434811	0.3073024	0.8180181	0.7343745	0.1973072	2.4419427	1.5049855	0.1198876
R	4.3125684	0.1533266	0.3008114	0.8223890	0.3508501	1.1661592	0.9257248	0.1177237
S	1.4946967	0.3114803	3.6722673	0.4339098	1.3252230	0.9227414	1.4716075	0.0994516
T	0.7331539	0.1624482	0.9585240	0.6939920	1.4956661	1.5514586	0.8871464	0.1671317
V	0.8273032	0.0958820	0.7583907	1.7571592	4.2760328	1.3076412	0.4884238	1.6647959
W	0.1237298	0.0805355	1.4598587	0.3522963	1.5073340	0.8970697	0.1185073	0.2210031
Y	0.9872117	0.1026743	1.9601278	1.5501022	0.2394334	1.8525427	0.8649017	0.4323084
