##############
# B3801 PWM for 8-mers
#
# Copyright (2021) David Gfeller
##############
1.00000	101
A	0.4792488	0.4602570	1.4108809	0.6886422	0.8932120	0.6629158	0.5688336	0.3910286
C	0.6846558	0.3810323	0.6325988	0.6859715	0.6545487	0.6884688	0.3439345	0.4245693
D	1.5318490	1.6483985	2.1050593	0.7932690	2.8198595	0.4981367	0.4757004	0.2058418
E	0.8604086	0.7354945	0.9373115	1.3770008	2.6629049	0.8390643	0.8456167	0.2134932
F	1.2711155	0.7029031	0.8113458	0.7504992	0.5317473	1.5458577	1.1891626	2.1803060
G	0.3532862	0.3628608	1.4499934	0.4315464	0.7459036	0.4960124	0.5447134	0.2058181
H	5.8774882	13.5400616	1.4980834	0.8770728	0.7004949	2.5189149	2.3697091	0.2906994
I	1.1001425	0.6298531	0.6357895	1.3654384	0.6866549	1.2726905	0.8326703	3.9161879
K	0.4948949	0.6306462	0.5822412	1.1108971	0.7346871	0.6379530	1.6560869	0.2659014
L	0.6743442	0.3896623	0.6608967	1.0902562	0.6400415	1.0403202	1.2444139	3.3491909
M	0.9046761	0.6482057	0.6713114	0.6317094	0.4789468	0.6646831	1.0039912	1.3045421
N	1.7719220	0.8793738	1.3490477	0.8524153	0.7612406	0.8013665	1.3767061	0.2307357
P	0.2459514	0.5048124	0.4202673	1.3838278	0.6660767	0.7307840	0.2737665	0.1787662
Q	1.6655601	2.0045891	0.8520891	1.6977731	1.0935751	1.6110048	1.7300120	0.2565652
R	0.4649309	0.6462123	0.5181749	1.0709761	0.6532291	0.8109853	0.9676522	0.2604829
S	0.4827133	0.4649347	1.8149469	0.7797990	1.0955631	0.6341631	1.0649133	0.2612052
T	0.9700684	0.3935111	0.8520794	1.2989605	0.9596846	0.6595535	1.3206387	0.4385019
V	0.7143958	0.3400168	0.8230574	1.0325205	0.8004554	1.7633733	0.8930882	1.2530165
W	2.0139740	0.3682996	0.3262854	0.3519567	0.8375280	3.0358801	0.3959091	2.5479242
Y	2.3316936	0.9784023	0.8176819	1.1643066	0.9319119	1.9127564	1.2975276	1.2149119
