##############
# B3905 PWM for 8-mers
#
# Copyright (2021) David Gfeller
##############
1.00000	133
A	0.6222791	0.3462782	1.1294890	0.6658567	2.2483308	0.9402404	1.7098667	0.4793517
C	0.4532445	0.3519616	0.4868790	0.5392059	0.5592118	0.5295630	1.0249030	0.4139015
D	1.7283184	0.4364315	2.1168920	0.5180876	1.9024911	0.6615317	0.3940821	0.1817361
E	1.0468647	0.5490279	0.9765948	0.8402280	1.0610906	1.1345080	1.0457474	0.2072125
F	2.1630193	0.5349776	0.7883285	0.7037721	0.4404032	1.7380035	0.7282216	0.9772997
G	0.3993203	0.3249908	1.3459353	0.7125699	1.5162083	0.3959972	0.4442690	0.1930138
H	3.6697814	20.5752612	2.6173477	0.8519362	0.5509428	1.4496528	0.6817467	0.2369943
I	1.0453245	0.2415030	0.6109610	1.8022533	0.5779247	1.0928386	1.0814240	1.5414836
K	0.4846761	0.6093210	0.4687415	1.1338673	0.4556237	0.4884425	0.5135626	0.2594491
L	0.8634465	0.2535040	0.6038059	1.6960485	0.5470420	0.6619857	0.7326591	5.6799763
M	1.1416688	0.3993714	0.4436204	0.8257588	0.4133037	0.5453000	0.7300962	2.2512040
N	1.6867267	0.8153099	1.2977929	0.4827439	0.6344028	1.1062259	0.6257274	0.2093152
P	0.2285598	0.3250162	0.2689870	1.5178374	1.5725975	0.9266215	0.3629365	0.1713912
Q	0.9383520	1.3774877	1.1593114	1.0988021	0.6395267	1.4024981	1.0137888	0.2634806
R	0.3838039	0.5232565	0.3972617	0.6379418	0.4347228	0.3740964	0.6813236	0.2680455
S	0.7954476	0.4054780	2.4290978	0.6385813	1.8993264	0.9692668	1.6649260	0.2522542
T	1.1068403	0.3209988	0.7023522	1.0459337	0.9074575	1.0707316	1.5900150	0.4740933
V	0.9054289	0.2221329	0.8159022	1.4729156	0.5613676	1.8631635	2.5973341	1.1845851
W	0.4134687	0.7788402	0.2869367	0.7224726	0.6801828	2.4858892	0.2901110	0.3467336
Y	1.9598767	1.0997974	0.6039297	0.8642644	0.6396806	2.1773821	0.5663883	0.4719948
