##############
# B3901 PWM for 8-mers
#
# Copyright (2018) David Gfeller
##############
1.00000	159	2
A	0.9189326	0.3916163	1.5846908	0.8481287	1.5153638	1.1471549	1.4771974	0.4245989
C	0.4993361	0.3141615	0.5036970	0.6843024	0.7193911	0.6970588	0.9219758	0.4536983
D	2.7303987	0.4070684	1.4067415	0.6219815	0.3988374	0.8267796	0.4487565	0.1699487
E	1.3944518	0.5513582	0.6963400	1.4210528	0.5423357	0.9719134	1.0104034	0.1883904
F	1.4790609	0.3736265	1.0150577	0.9226623	0.3776482	1.1486227	0.3701407	0.9407117
G	0.4068526	0.3430214	1.3555209	0.7485914	1.5668176	0.4138962	0.5209385	0.1994351
H	2.8450868	19.2825704	1.1348462	0.8384303	0.7005250	1.6639035	0.4172479	0.1920803
I	0.4064589	0.1985218	0.8971323	1.3001635	0.7071527	1.0657211	1.3307624	1.4748230
K	0.4661124	0.4962777	0.4063780	0.9571993	0.4191455	0.4697180	0.9561670	0.2418814
L	0.5118643	0.2362194	1.1629743	1.3727342	0.6110361	1.2590229	1.1832594	5.6369053
M	0.5576874	0.3814500	0.8216962	0.7380525	0.5730762	0.8804498	0.6051750	1.5579676
N	2.3069027	0.6715134	1.0086780	0.9895908	0.9750223	1.0033309	0.5019096	0.1917125
P	0.2738565	0.1786739	0.3548858	1.2083437	2.7700953	0.8424356	0.2834837	0.1342615
Q	1.5121963	0.8219452	0.9132009	1.0210303	0.7203472	1.6021528	0.9256739	0.2336251
R	0.4243494	1.4154269	0.3627380	0.6252850	0.3560692	0.4536284	0.5538282	0.2615406
S	1.1860803	0.4597484	2.1068383	0.6613004	2.4973007	0.8369966	1.7959258	0.2437397
T	1.1493743	0.2974771	1.2871370	1.0769515	1.5586587	1.0227002	2.0644736	0.3740927
V	0.4085452	0.2304365	0.7757552	1.4569345	0.6696505	1.6235795	1.7254647	1.5278670
W	0.4079430	0.4017855	0.3392428	0.3235546	0.2722972	0.8046199	0.3097462	0.3841534
Y	1.6681919	0.9951801	0.5501109	0.4118910	0.3316387	0.9873633	0.3587190	0.4412434
