##############
# B3906 PWM for 8-mers
#
# Copyright (2018) David Gfeller
##############
1.00000	183	1
A	1.0596047	0.3869268	0.9457699	0.9302284	0.4938308	0.6735606	1.2864696	4.6789965
C	0.4963433	0.3119362	0.4623306	0.6622996	0.7171143	0.6269885	0.8625538	0.5229472
D	2.4490061	0.3946680	0.2777567	0.3670734	0.3543414	0.5878701	0.4724493	0.2479585
E	1.8308877	0.7118233	0.4090996	1.3748896	0.4672241	0.7631169	1.0726533	0.2787817
F	0.4892372	0.3993938	2.5504275	0.6976662	0.9933749	0.6042165	0.3618056	0.3449618
G	0.5893892	0.5126157	0.4840400	0.7558393	0.5942267	0.3919134	0.6415775	0.4407486
H	1.3744253	15.9353648	0.9067525	0.9201832	0.8544380	3.1200420	1.5179578	0.2112471
I	0.5071986	0.1962920	1.3248046	1.0619058	1.6533197	0.7995665	0.5808605	0.8897741
K	0.5860009	0.4890216	0.5634374	1.2176446	0.3425697	1.0814334	1.9819252	0.3216260
L	0.4656642	0.2285303	1.6143582	1.1542588	1.8457856	0.7075726	0.4554297	0.6229350
M	0.7749035	0.3646581	1.0136195	0.5270153	1.0597562	0.5791991	0.7065683	0.5621241
N	2.6558047	0.5901215	0.7176465	0.7740952	0.4954006	1.7478330	0.5525140	0.2720623
P	0.1983214	0.8921849	0.6205534	0.7675525	0.6220723	2.0638856	0.2790203	0.2034516
Q	1.9072736	2.5102787	1.3541551	1.1406454	1.5807091	1.4392877	1.6517481	0.2904617
R	0.4935542	1.0384258	0.5388385	1.4990807	0.3228169	0.8262502	0.6376679	0.2796771
S	1.4342175	0.3934548	0.6505511	0.8414814	1.1116161	0.6362648	2.2572756	0.6426059
T	1.1486290	0.2980408	1.5235920	1.2965355	1.9119680	1.1018971	2.0825762	0.8553599
V	0.3951463	0.2719162	1.1371797	1.3090106	1.9778468	1.0676565	1.2479778	3.8138164
W	0.7220516	0.3534493	2.3907837	0.3371922	0.3291644	1.1076926	0.2897455	0.2808274
Y	1.4021786	0.8117229	1.4991702	1.0699122	0.5278983	1.3622048	0.3645304	0.3368792
