##############
# B3924 PWM for 8-mers
#
# Copyright (2018) David Gfeller
##############
1.00000	232	2
A	0.6132904	0.3447818	1.3426024	0.8272785	0.7447217	0.8450983	2.1742296	0.3831574
C	0.4567718	0.2918058	0.4291407	0.6467716	0.6638869	0.6249431	0.8486618	0.3754008
D	2.1228513	0.3324038	0.3675600	0.3913035	0.4035976	0.3914384	0.3684450	0.1403830
E	2.1174455	0.4606440	0.3626899	0.7147696	0.3199832	0.8158402	1.4587548	0.1576943
F	1.0464139	0.2363977	1.4746952	0.6240187	0.3265769	0.8159902	0.3079018	0.7693748
G	0.4763876	0.3309681	0.7499298	0.5208587	0.7508507	0.3010896	0.7284389	0.1665261
H	4.0859117	10.0140902	1.1651866	0.6537946	1.4641513	3.4560201	0.5858258	0.1625440
I	0.7772785	0.2057929	1.4364914	1.5690739	1.7436811	0.7526826	0.3601455	1.0331806
K	0.3936420	0.6552409	0.7405620	2.0661058	1.0968381	0.7631876	1.6768328	0.2032339
L	0.4904734	0.2119570	1.1969621	1.7938999	1.3633742	0.6267258	0.6177707	6.5412909
M	0.6938541	0.3280991	0.8326564	0.6555482	0.5178977	0.5290038	0.5022311	1.8639501
N	2.7213291	0.6160117	0.5615563	0.6360506	0.9442331	1.2441233	0.5946440	0.1592477
P	0.1648002	0.9623253	1.4430703	0.8505996	0.5352252	1.1290606	0.4064673	0.1114142
Q	0.8268658	3.4337098	0.8359053	1.0925593	1.8210114	2.2797111	1.6369225	0.1981763
R	0.5246648	4.6503842	0.8145536	0.9042126	0.6984420	0.7171031	0.9343100	0.2220016
S	0.8654160	0.3593183	0.7151672	0.5662963	1.1818273	1.1890413	1.8483748	0.2022149
T	1.4663053	0.2882204	1.1160129	0.9579931	1.9517671	1.2830939	2.0308867	0.3050636
V	0.4360390	0.1819696	1.3655540	1.3046560	1.3130176	1.2241541	0.8625525	1.1759163
W	0.2996800	0.2866723	1.2873032	0.6028503	0.2705008	1.5992386	0.2529472	0.3218408
Y	0.9093910	0.5348466	1.2864977	0.7211901	0.5226444	1.5002608	0.2923900	0.3626398
