##############
# B4002 PWM for 8-mers
#
# Copyright (2021) David Gfeller
##############
1.00000	372
A	1.9563898	0.3750735	0.8508363	0.9161362	1.3792313	0.6506428	1.4091319	0.5194563
C	0.6821207	0.1128946	0.4861827	0.7322350	0.7816028	0.7211381	0.9527725	0.3823290
D	0.2374054	3.7297190	0.2894010	0.5177801	0.3029195	0.4524370	0.5736833	0.1125812
E	0.4478208	9.5219293	0.4455033	1.5407845	0.3598874	1.2986723	1.4970832	0.1267795
F	0.4817160	0.1375792	2.7194293	0.5115026	0.4542450	0.6303300	0.1930005	1.2557174
G	1.2988974	0.1878337	0.5000337	0.3704320	1.0369683	0.2228801	0.3693247	0.1215391
H	2.4676094	0.3166169	1.2877602	0.8391696	0.4057731	3.8659648	0.6959496	0.1413365
I	0.6735498	0.1338602	2.3268111	1.3501498	2.4986279	0.5514981	0.4980166	1.3239260
K	1.6385378	0.3941168	0.6643112	2.1657220	0.8265776	1.3297812	2.3625148	0.1560998
L	0.4708404	0.1315516	1.1272193	0.7199732	0.9612960	0.4177694	0.4852535	5.4337371
M	0.4298662	0.1815615	0.9476009	0.3873417	0.9310728	0.4355447	0.6007754	2.6860177
N	0.8463734	0.3772775	0.3456633	0.4413016	0.4484874	1.1577295	0.5251789	0.1308101
P	0.1582691	0.1705117	0.2503615	1.9939955	0.6009483	1.7035264	0.2899345	0.1039253
Q	0.6840991	0.5612726	0.8025692	1.5265161	0.9993672	1.6364349	1.1666153	0.1571962
R	1.6269506	0.2881671	0.6415336	0.9118007	0.3528793	1.3425368	1.5924963	0.1926480
S	1.9542302	0.3025179	0.3810870	0.6515596	0.8511123	0.7424358	1.3750781	0.1931660
T	0.9223696	0.2817704	1.4722937	0.9287970	1.3517961	0.9622419	1.9059858	0.5046118
V	0.7889993	0.1612729	1.9575617	1.4611044	2.8217102	1.5484685	1.4882886	2.0730712
W	0.1905390	0.1441793	2.3642000	0.1623295	0.1621681	1.2412489	0.1573976	0.2039498
Y	1.3395907	0.1832304	1.3999987	0.5717256	0.2327440	1.1809492	0.2863005	0.2946622
