##############
# B4001 PWM for 8-mers
#
# Copyright (2018) David Gfeller
##############
1.00000	52	2
A	1.1363889	0.6258821	1.1286921	1.0541822	1.7044392	0.9187824	1.0018811	0.5039820
C	0.8906615	0.3375606	0.7509687	1.0978966	1.1655440	1.0453477	1.1070001	0.7838107
D	0.4559850	1.4831708	1.8985933	0.7585681	1.4544670	0.9943598	0.9488294	0.2341807
E	0.6397200	6.6290017	0.6932489	1.5555571	0.9203076	1.0068991	1.2117147	0.2623605
F	1.6113770	0.3175648	2.2783700	0.6780196	0.4236655	0.6539386	0.7009951	1.1975139
G	0.8402045	0.4583466	0.8594306	0.8194998	2.0324098	0.5423914	1.0481806	0.2751439
H	2.0829212	0.6878878	2.2890693	0.7498794	0.4289127	3.2574160	1.6935144	0.2756012
I	1.1148996	0.2842784	1.1042159	1.1914870	0.6810625	1.0891547	0.9234611	1.4418449
K	1.3530001	1.0016263	0.7546451	1.2788225	0.5849947	1.2046112	1.3942652	0.3398624
L	0.8847034	0.4114821	0.9919728	0.9569059	0.5401336	0.5297159	0.7275250	5.1075374
M	0.7633163	0.4862772	0.7772050	0.7681953	0.5711491	0.6440853	0.7011284	1.6936475
N	0.5816791	0.7594435	0.6517657	0.5648478	0.7000039	1.8260370	0.8698406	0.2657200
P	0.2681879	0.3351789	0.2571827	1.1888643	1.4043307	0.8257493	0.2960125	0.1866762
Q	0.7631303	1.5999715	0.6813936	1.3305907	0.5479775	1.1890103	1.0092244	0.3286064
R	1.2975881	0.7781597	0.5091181	0.9747991	0.4836245	1.3405535	1.0075302	0.3768457
S	0.9440357	0.8408959	1.0180585	0.6511860	1.6589448	0.9991767	1.1463783	0.3296128
T	0.9752573	0.5649132	0.5919891	0.9846420	1.5991057	0.8765886	1.5475457	0.5042570
V	0.9251980	0.3492638	1.1780839	1.2926439	0.7348306	0.8430274	1.1346613	1.1184515
W	0.7497937	0.4276242	0.6009158	0.4351517	0.4209575	0.4472972	0.4875383	0.5607803
Y	2.7422932	0.4529527	1.1706720	0.5356431	0.7057953	0.6864656	0.8746758	0.6334165
