##############
# B4006 PWM for 8-mers
#
# Copyright (2021) David Gfeller
##############
1.00000	149
A	2.0224418	0.4051882	0.7952011	0.7679762	1.2530897	0.5976499	1.6939240	5.7262477
C	0.7354040	0.1794997	0.6007952	0.7860616	0.8429095	0.7502999	1.0030059	0.6040314
D	0.3735792	2.8004235	0.2366641	0.3413268	0.3449309	0.3383637	0.5135198	0.3228274
E	0.4299352	8.3444751	0.2484225	0.8193142	0.3431411	0.6082152	1.6600065	0.3583512
F	0.3182232	0.2257607	3.1995690	0.7114388	0.6012818	2.0051189	0.3307138	0.3215485
G	1.8851228	0.2972920	0.3069366	0.3441121	0.4644083	0.2872901	0.5590318	0.5317695
H	2.2321491	0.5316879	1.0802705	0.5014238	1.6806342	4.1004126	0.5194075	0.3049442
I	0.4900831	0.2155284	2.9363108	1.6007203	2.5004971	0.8816084	1.0977609	0.5863340
K	1.9694191	0.6674926	0.4055536	1.7237215	0.3624371	0.9535305	1.4538724	0.3973489
L	0.4040364	0.2163108	1.2357055	1.4291536	1.9951359	0.7143347	0.5134483	0.4155537
M	0.5486649	0.3003251	1.4175682	0.6095307	2.0242390	0.6358391	0.9163259	0.4665280
N	0.5841382	0.5983243	0.3786579	0.6370894	0.3204979	0.8556877	0.5395226	0.6162416
P	0.2644364	0.2811416	0.1869502	1.6584101	0.3856249	1.9113155	0.5382382	1.0243900
Q	0.6772910	0.8792057	0.3692444	1.3458544	2.0528286	0.5941893	1.1430526	0.3641419
R	1.9272769	0.4869630	0.3417381	1.3103540	0.3302840	1.0312547	0.8135678	0.3143889
S	1.3815049	0.4928884	0.4020452	0.5063355	0.3722418	0.7568285	1.4366930	0.9891068
T	0.8850330	0.3998429	1.3837259	0.8471229	0.7121185	0.6814741	1.4779494	0.8252875
V	0.7216660	0.2625288	2.2046766	1.6061066	2.0088065	1.2998334	1.6608465	1.8287151
W	0.6518706	0.2412144	1.5520761	0.2772771	0.2892029	2.2739095	0.2538903	0.2429577
Y	0.6615943	0.3060374	1.6096467	0.6599045	0.4454755	2.2451264	0.3543050	0.3439960
