##############
# B4032 PWM for 8-mers
# Model trained on 9-mer peptides removing position 5.
# Copyright (2021) David Gfeller
##############
1.00000	1263
A	3.2944516	0.1861620	1.9364250	1.1736619	0.8789319	1.3696343	2.1957529	7.6626743
C	0.6338699	0.0436383	0.3978083	0.6948540	0.7005212	0.7058316	0.9389494	0.2684896
D	0.0854052	0.3770134	0.5584160	1.3745913	0.2553962	0.4085279	0.3715776	0.1475638
E	0.2920071	14.2904947	0.2180920	2.5864040	0.6936524	0.7446389	1.8914644	0.2404855
F	0.6067153	0.0552496	2.1135478	0.6649424	3.1748556	0.3348929	0.1452558	0.0894779
G	1.7327614	0.1200969	0.3940289	0.7956649	0.6839923	0.4547818	0.7097564	0.2368746
H	0.7060880	0.1857335	1.4950236	0.3895888	0.7793110	0.7768713	0.2991830	0.0730958
I	0.6292482	0.0519784	2.1157471	0.6459973	0.7967950	1.2516432	0.4753178	0.3940804
K	1.4285989	0.1804975	0.5983274	0.7615747	0.8353954	0.8303611	0.8109842	0.1085951
L	0.6564325	0.0540753	0.9456014	0.6924596	1.4382811	1.4811215	0.5240411	0.1441933
M	0.7313053	0.1050794	1.1168459	0.3117579	0.8109722	0.6638648	0.2590157	0.2536395
N	0.2195316	0.1453017	0.6295649	0.8794522	0.3879010	0.8139054	0.3537057	0.1333318
P	0.0765585	0.0681918	0.1369369	2.0735599	0.9802600	1.9285350	1.0017081	3.3452823
Q	1.3874611	0.3347527	0.5573221	1.3990884	1.3717009	1.2162535	1.4214137	0.1058045
R	1.0837993	0.1624676	0.5476165	0.6133480	0.8490952	0.8907044	0.3280995	0.1144054
S	1.5516264	0.1516206	0.7985300	1.0575129	1.2063197	0.9551385	2.1555239	0.5448110
T	0.9286325	0.0963616	0.6278328	0.7861549	1.4842685	1.5054263	1.8015030	0.6040667
V	0.6148843	0.0655221	1.4599150	0.7681740	0.8738264	1.3270988	1.6160602	1.0149186
W	0.3665041	0.1796012	0.8693111	0.5338744	1.3140667	0.1809292	0.1180726	0.0548829
Y	0.9592545	0.0775948	3.2470919	0.5456096	0.4970469	0.3072408	0.0833950	0.1282472
