##############
# B4101 PWM for 8-mers
# Model trained on 9-mer peptides removing position 6.
# Copyright (2021) David Gfeller
##############
1.00000	101
A	1.0505220	0.4897718	1.0644704	1.0341024	0.8452694	0.7146965	1.2214516	4.7995505
C	0.7210432	0.3523315	0.5797023	0.6549387	0.6537860	0.6723677	0.3793015	0.5208066
D	0.4629038	1.1144114	2.1462002	1.3870420	1.1265735	0.5751134	0.5246262	0.3593172
E	0.6723839	8.5934496	1.9328714	3.0291771	1.1934441	0.4887745	1.5812785	0.4096942
F	0.3880535	0.2726315	0.5042019	0.3404396	0.9771619	1.0335597	0.4913596	0.3530927
G	0.7669533	0.3259662	0.6577862	0.6586432	0.5685359	0.3250579	0.5899599	0.5841815
H	1.7445837	0.6389586	1.1250278	0.5048538	0.4649733	1.4355048	0.6527849	0.3503322
I	0.4897468	0.2613679	0.9003001	0.5721084	0.4224153	1.2221743	0.7742261	0.5771630
K	2.4333831	0.8198399	1.0075532	1.0524921	1.5072747	1.0348634	1.7779442	0.4584809
L	0.4841348	0.3206954	0.5937234	0.6242363	0.4674674	0.9796775	0.6437344	0.4322410
M	0.6743417	0.3754867	0.8868017	0.4761452	0.4554618	0.7585233	0.5412876	0.4862742
N	0.7206419	0.6177005	0.9633651	0.8199926	0.7909317	0.7645208	0.5548411	0.3713170
P	0.3031460	0.3305773	0.4146945	1.4153772	3.0024671	3.8193084	1.3137267	3.3328060
Q	1.6972466	1.1016493	2.9161208	1.3878354	1.3954900	0.5604411	1.4318138	0.4060199
R	2.6730951	0.5981183	0.6417453	1.1922359	1.8722269	1.2756784	0.9683430	0.3499769
S	1.3759069	0.5717292	0.6258980	1.0454105	1.2052214	0.4964542	1.3597120	0.7252637
T	1.0748917	0.4659801	0.8616525	0.9657499	0.7107510	0.4720009	1.8162277	0.5878157
V	0.6402013	0.3236975	1.0562243	0.6526304	0.7438284	1.1816284	1.0885972	1.3061467
W	0.8590060	0.2957272	0.3082620	0.2903529	0.2861530	2.4170719	0.2944719	0.2667256
Y	0.9940260	0.3753873	0.6123254	0.5537159	0.4457966	1.2451718	0.4228753	0.5571452
