##############
# B4201 PWM for 8-mers
#
# Copyright (2021) David Gfeller
##############
1.00000	163
A	1.2766317	0.6546496	0.8552861	0.9362269	0.5118401	0.8000162	1.5924444	0.3879722
C	0.7780489	0.4058680	0.5385327	0.6752794	0.6444673	0.6702858	0.3455458	0.3756408
D	0.3318316	0.3175438	0.3556887	0.8085186	0.4671456	0.3446788	0.4686528	0.1635749
E	0.3654981	0.3248323	0.6082188	0.9100945	0.4784451	0.8791078	1.3926250	0.1864238
F	0.7814865	0.1826327	1.0784793	0.4726942	0.6554438	1.0277998	0.3309338	1.4470154
G	0.4564013	0.2886627	0.3637046	0.6030977	1.9038130	0.4070924	1.1462140	0.1730589
H	0.9358595	0.2665906	1.7835251	0.6393779	2.2138434	1.5032649	0.3365578	0.2166456
I	1.1215195	0.2682288	0.5224915	1.0663443	0.5839397	1.0648271	1.0747119	1.3585758
K	0.9920201	0.3729796	2.8424016	1.4480645	0.9621721	0.9444271	1.0375057	0.2307524
L	1.0659961	0.2659683	0.6801318	1.1875485	1.6685004	0.6488613	0.6880569	5.7804224
M	1.2112087	0.2589877	1.1271528	0.7847000	0.6551604	0.6059044	0.7594339	1.6147833
N	0.6809553	0.2959192	1.0187265	1.0682241	0.4961341	0.7107743	0.4269917	0.1882022
P	0.4901601	13.2635641	0.8192035	2.2428393	1.8780393	3.1591896	0.6766727	0.1533153
Q	0.5949315	0.2973245	1.1095089	1.0229963	1.1731676	0.8345057	1.0648157	0.2324394
R	1.9566172	0.2602378	1.6340672	0.7454030	1.6618481	1.1804566	0.9456825	0.2402650
S	1.9994631	0.3887197	0.5746541	0.6757270	0.6864522	0.7605936	1.5778765	0.2226937
T	1.4811748	0.3864156	0.8559260	0.9512438	0.7058993	0.9488987	1.3541512	0.3645328
V	1.2478519	0.3809376	0.6480695	1.4100064	0.6681802	1.7926369	1.7524703	1.4618904
W	0.2914625	0.1226780	1.4644643	0.2594574	0.9687189	0.9776908	0.6050338	0.6857332
Y	0.9057108	0.2466846	3.2463451	0.8530259	0.5387548	0.9360864	0.3378993	0.4802036
