##############
# B4403 PWM for 8-mers
#
# Copyright (2021) David Gfeller
##############
1.00000	71
A	2.1291601	0.6736803	1.0457866	0.6733502	1.7863269	0.9843749	0.7842648	0.4473344
C	0.6678670	0.2483543	0.4366943	0.9466503	0.9505898	0.8672385	1.3107479	0.4767583
D	0.6741833	3.4084164	0.7356507	0.6805068	0.8987875	1.1149986	0.6099771	0.2410869
E	2.3317800	5.8483850	0.7515249	1.5202027	0.6074688	1.3094920	0.8676406	0.3019675
F	0.5786417	0.2973217	1.2727344	0.4662718	0.3672808	0.8240441	0.6832868	1.7900269
G	0.7591153	0.4037659	1.1167404	0.7340019	3.1074450	0.5459602	1.0886021	0.2914107
H	1.6295728	0.6554229	1.2535447	0.9871927	0.9682651	2.4207721	1.5532698	0.5944310
I	0.6533470	0.3926746	1.5568604	1.3665894	0.5820361	0.5122646	0.6290423	1.3620974
K	1.0870316	0.8134507	0.9864402	0.8605811	1.3165302	1.5941110	2.4545871	0.4210421
L	0.4359312	0.2938326	1.2238333	1.0025062	0.5263620	0.9700613	1.2956636	1.0135865
M	0.7522750	0.3959493	1.1962931	0.9067765	0.4966747	0.6075201	1.1025001	0.6855550
N	0.7760844	0.7961847	1.2601525	0.8289243	0.7781792	1.3810657	0.7267254	0.2996379
P	0.3635189	0.3571096	0.2810391	1.9833345	0.6591204	0.4751573	0.3061689	0.1682300
Q	1.7352615	1.1819742	0.6495378	1.1554503	0.6798006	1.1315713	1.0932181	0.4761166
R	0.7291268	0.5975417	0.7223484	0.6176162	0.7608673	1.9744090	1.6733907	0.3407742
S	1.1466123	0.6369438	0.6991954	0.8026661	1.2368641	0.6780735	0.7022677	0.3131077
T	1.1659763	0.5200449	0.7953559	1.1398344	0.7056408	0.8599994	0.6422250	0.3910950
V	0.6550562	0.3673590	1.7891646	1.6403291	0.8363458	0.5809458	0.7956981	0.6470669
W	0.3644832	0.3027353	0.3992243	0.3156911	0.3170983	0.3938544	0.3919731	25.2548365
Y	0.7495167	0.3869780	0.8296066	0.4697807	0.4109064	1.0334259	0.9689077	4.8311405
