##############
# B4402 PWM for 8-mers
#
# Copyright (2018) David Gfeller
##############
1.00000	111	2
A	2.0330327	0.4907762	1.3569847	1.1550128	1.9477318	1.2033298	1.2760322	0.5634930
C	0.9149678	0.2357052	0.4307360	1.0811001	1.0998743	1.0342197	1.4136780	0.5409158
D	0.9421729	1.9831924	0.7264340	1.0330187	0.3806824	0.5536016	0.6549736	0.2266972
E	1.0217357	8.3713167	0.7622501	1.1443382	0.5289603	1.0951180	1.2705782	0.3467005
F	0.9073301	0.2436948	1.0244836	0.6688398	0.7731973	0.9303410	0.8892848	1.8100137
G	0.7562835	0.3732238	1.3827167	0.5847997	2.4418302	0.5143763	0.8881683	0.2895612
H	0.7644515	0.5558711	1.0822402	0.3548119	0.8595266	1.6471049	0.7299636	0.3646196
I	0.5979980	0.2093901	1.2301563	1.2018836	1.2529036	0.7817862	0.9313919	1.1457775
K	0.9556175	0.8022611	1.4331352	0.9576501	0.9330078	1.4122482	1.2358789	0.3875488
L	0.9575309	0.2467360	0.8878456	1.4980578	1.0943161	0.7646800	1.2685149	2.0537918
M	1.2793695	0.3573582	1.4991425	1.0617591	0.7928020	1.0973766	0.9854454	0.9664000
N	0.8242859	0.6432455	0.9344251	0.7857206	0.6731689	0.8346905	0.8168307	0.2624637
P	0.5294450	0.2718224	0.2250891	0.8065660	0.4207399	0.6185715	0.2300409	0.1365831
Q	1.5926414	1.0276949	1.2555013	1.6633204	0.6433560	1.6205611	1.1671514	0.6231799
R	1.3775446	0.6157146	1.0177715	0.6768024	1.1113812	1.4329302	1.4741979	0.4279747
S	1.0076304	0.5979382	0.8289406	0.8597160	0.9106300	0.9061030	1.1625821	0.3081905
T	0.8372563	0.4451843	0.9920715	0.8372187	0.8195774	1.2235394	1.0703569	0.3719988
V	0.7594629	0.2642054	1.0665339	1.3750020	0.8484373	0.8675701	0.7441794	0.9091741
W	1.0104012	0.3371647	0.9977080	0.3629887	0.3887528	1.0368601	0.9719976	24.0823409
Y	1.1333003	0.3527777	0.6718705	0.4302853	0.6045685	1.5018014	0.6361643	2.6020974
