##############
# B4405 PWM for 8-mers
#
# Copyright (2021) David Gfeller
##############
1.00000	109
A	1.7595430	0.4717486	0.9697298	0.6659409	1.8687301	0.9387324	0.9863420	0.3487500
C	0.6361552	0.2028724	0.3465810	0.8870540	0.9543036	0.8788968	1.3571285	0.5352924
D	0.7896579	1.4715622	0.6669973	0.5949265	0.7447745	0.6479100	0.8444236	0.1994009
E	2.3964059	8.5553161	1.2406384	1.8179252	0.7286120	1.1023349	0.9253691	0.2142571
F	0.3417870	0.2746510	0.8867982	0.6929913	1.0120548	0.8742245	0.6375580	4.2216091
G	0.8537592	0.3217926	1.0302746	0.5828172	2.7154824	0.6027160	0.7129182	0.2200077
H	0.4624447	0.6266924	1.6409925	1.2227273	0.4180289	1.6560793	1.0279896	0.3222784
I	0.7301437	0.2451863	1.4312079	0.7684525	0.5565891	0.8198883	0.6180967	2.5527332
K	1.2049838	0.7903569	1.0263052	1.1514144	0.7214066	1.4648074	2.3369438	0.2489385
L	0.5090911	0.2538779	1.0814499	1.0898159	0.7184657	0.6869553	1.0925060	2.4727797
M	1.1585227	0.3529949	0.9693910	0.7372562	0.4732973	0.5380082	0.5690955	1.4231321
N	1.0050660	0.6200808	1.2704933	0.8152385	0.8764974	1.1542355	0.7715577	0.2320892
P	0.3150033	0.3216761	0.2563465	1.7607212	0.5197494	0.7184943	0.2877356	0.1550084
Q	0.8678854	1.0589374	1.8438256	1.2246132	0.6814158	1.6470286	1.6717553	0.2432743
R	1.1461330	0.5767675	0.5710068	1.2036240	0.9414724	1.6030395	1.5921812	0.2545743
S	1.2303244	0.5582488	0.6819805	0.7471138	1.8089105	0.5537339	1.2258793	0.2549302
T	1.8912716	0.4527557	0.7445978	1.0628456	0.7228340	0.7221525	1.0116827	0.3837059
V	0.5931333	0.3064575	1.2063107	0.9573725	0.4687184	1.1321572	0.5497158	0.9454753
W	0.2911346	0.2949404	1.3519861	1.2955684	0.3296325	2.8032922	0.7910411	10.3263276
Y	0.3803226	0.5310024	1.1933644	0.9647027	0.7557127	1.6954902	0.6134779	1.3618041
