##############
# B4427 PWM for 8-mers
# Model trained on 9-mer peptides removing position 5.
# Copyright (2016) David Gfeller
##############
1.00000	58	0
A	1.7100249	0.6155061	1.1082248	0.9572460	1.0898352	0.6133075	1.1432874	0.3927929
C	0.9897999	0.2909962	0.5058153	1.0438117	1.0787596	0.9716425	1.3764171	0.5134305
D	1.6077946	1.3355524	1.6337056	1.5188293	0.7072641	0.7559399	0.6847424	0.2512051
E	1.1889357	7.3283630	1.5507732	2.1546241	1.4391032	1.1533198	0.7569930	0.2960182
F	0.4149391	0.2988107	0.5354554	0.8241298	1.1127333	0.7788925	0.6884191	4.2786010
G	1.2812024	0.4448854	0.5207056	1.3138834	0.4555145	0.6406450	1.1637017	0.3371858
H	1.0307601	0.6800737	0.7915477	0.4717226	0.7261676	1.6536116	0.5167898	0.6502148
I	0.6832509	0.2546660	0.7972581	0.8375445	1.2928777	0.5908097	0.6334826	0.5676580
K	0.6514104	0.9925492	0.8855636	0.6288947	1.2002643	2.2422878	1.6623035	0.3277466
L	0.5187447	0.3047875	1.2586534	0.9073393	1.1259840	0.6319485	0.9925685	0.9071373
M	1.5755724	0.4436789	2.0229041	0.9040515	0.8126880	0.6429386	1.2031911	1.2185441
N	1.0886309	0.7389377	1.5205053	1.1677595	0.7018346	1.0355056	0.8113361	0.3208039
P	0.3140808	0.3316865	0.2758638	0.9420790	0.7626543	0.4465149	0.2861005	0.1459147
Q	0.9432637	1.2791989	1.2996125	0.8173003	1.0913044	1.7302752	1.9039755	0.3284090
R	0.7054198	0.7605767	0.7606826	0.5261644	1.0615555	2.6792554	1.7928766	0.3633962
S	1.9073437	0.8251059	1.0620562	1.2596992	0.7152811	0.9380409	1.2697675	0.3469093
T	1.5669655	0.5491146	0.7573126	0.8663066	0.9543332	0.8305573	0.9894213	0.3822558
V	0.7305281	0.3272588	1.1081098	0.8850099	1.3646922	0.8672061	0.7052482	0.4895273
W	0.4180513	0.4174028	0.4629805	0.4279387	0.4931840	0.4546533	0.5034742	22.4141880
Y	0.4841030	0.4386207	0.7721035	0.5026451	0.8591760	0.6024452	1.0274245	5.9853512
