##############
# B4428 PWM for 8-mers
# Model trained on 9-mer peptides removing position 5.
# Copyright (2016) David Gfeller
##############
1.00000	35	0
A	1.7782975	0.6638886	0.7891408	0.8068239	0.9698870	1.1133380	0.8703879	0.4432660
C	1.0169858	0.3119119	0.5188095	1.0632673	1.0848793	1.0786201	1.3432649	0.5160893
D	0.7822788	1.4795119	2.6410951	1.3028288	1.2834348	0.9013447	0.5602053	0.2949695
E	1.5150825	6.6074109	1.5298844	1.2238794	0.8099593	1.4688076	0.6870678	0.3624111
F	0.4360706	0.3252806	0.8998122	0.8330516	1.3665413	0.9238607	0.7375282	3.7782969
G	1.2203098	0.4814464	0.7709430	1.4644644	0.5361643	0.7914603	1.0428051	0.3726724
H	0.5765704	0.7517822	0.5309930	0.4525405	0.8833679	2.2338161	1.3501125	0.8999450
I	0.5305070	0.2767731	0.9991742	1.2267866	1.1641170	0.7659230	0.6922141	0.5423966
K	0.7921029	1.0982920	0.6725662	0.6687695	1.4237331	0.7003571	2.0017372	0.5571019
L	0.5620148	0.3330756	1.1563258	1.2516132	0.8027773	0.9470722	0.6837783	0.6557589
M	1.6313739	0.4848512	1.8061380	1.1873089	0.8000903	0.8148334	1.0404183	0.7117002
N	1.5099100	0.8057963	1.0120346	0.6287930	0.9052377	0.9352291	0.7479888	0.3876068
P	0.3530073	0.3629984	0.2882681	1.0448800	1.0632503	0.2993086	0.3177841	0.1783339
Q	1.6210945	1.4195801	0.8989731	1.0386533	1.0503081	1.5572006	1.2101821	0.4082377
R	0.6916872	0.8425079	0.7930084	0.9881452	0.7030714	0.6450782	2.4223429	0.4558941
S	1.7458739	0.7944135	0.9430165	0.6674705	0.9599726	0.9908195	1.1720241	0.4074205
T	1.4790829	0.5907297	0.8224352	1.1078963	1.0192028	1.0030113	1.5114280	0.4229909
V	0.7025866	0.3558633	1.0202930	0.9763690	1.3822383	1.2859395	0.7973950	0.4927971
W	0.4688985	0.4588577	0.5387108	0.4834787	0.5110617	0.6160173	0.5054766	17.2542203
Y	0.5143966	0.4798710	0.9527215	0.5550027	0.7109188	1.4811849	0.6324346	7.9727772
