##############
# B4501 PWM for 8-mers
#
# Copyright (2018) David Gfeller
##############
1.00000	25	2
A	1.6722862	1.0549678	0.6541926	1.2092312	1.5978232	1.0056074	1.0721728	3.6308073
C	0.8279201	0.3756652	0.5321630	0.8630050	1.0076454	0.8125894	1.0461388	0.9434647
D	0.9936760	1.4598769	0.9238134	0.6577093	0.5634649	0.6474404	0.7921156	0.4567441
E	2.7526021	5.6970375	1.0680160	1.4984780	0.6016254	1.0941087	1.7984720	0.5129153
F	0.4072839	0.3492474	1.1617202	1.3341517	1.6928476	1.3434031	0.4673110	0.5261893
G	0.7027334	0.5516015	0.4747352	0.5499137	1.3633908	0.5707605	0.9435114	0.8603034
H	0.6840665	0.7572174	1.7041645	1.1369941	1.0431301	2.8320680	0.5646861	0.3904598
I	0.4865887	0.3124954	1.2062626	0.6827958	0.8975793	0.5263915	0.9297326	1.1306621
K	0.9841153	1.1057679	1.5260869	1.0623310	0.6485602	1.1255003	1.0410420	0.5923547
L	0.5118145	0.3656902	1.1937216	0.7569168	0.8150985	0.6836191	0.6296076	0.7579815
M	1.0654071	0.5202766	0.9509909	0.7624696	0.8179235	0.7104236	0.7849447	0.8409278
N	1.1175388	0.8171394	0.9890988	0.6372610	0.7049257	1.0698554	0.7739874	0.4902815
P	0.3756780	0.3845844	0.2905003	1.3572953	0.6774656	1.0022247	0.3516617	0.7265542
Q	2.3532823	1.4101131	1.0052810	1.3187393	1.1120376	1.0740183	1.8989178	0.5234004
R	0.8312123	0.8482633	1.0868835	1.5819380	0.5831719	2.1998412	0.7677499	0.4967900
S	1.4178838	0.8646923	0.6401702	0.7468764	1.9524957	0.9063206	1.6575004	1.0316299
T	0.7838394	0.6344301	0.8562325	0.8624151	0.8524827	0.8502314	1.2682489	1.0332352
V	0.6874965	0.4091089	1.3330987	1.0211980	1.1209417	0.6509165	1.3819182	1.7833978
W	0.4845321	0.4778692	0.6988794	0.6207218	0.5921935	0.6489064	0.4792902	0.4654592
Y	0.5459754	0.5042785	1.7719922	1.2566460	0.8369055	1.3934529	0.5507090	0.5499948
