##############
# B4601 PWM for 8-mers
#
# Copyright (2018) David Gfeller
##############
1.00000	73	2
A	1.0686165	1.8097577	0.7512520	0.7245224	0.8589412	1.1539002	1.6019534	0.4172961
C	0.5441730	0.5908789	0.3827397	0.9143922	0.8845958	0.9032186	0.4953306	0.3911368
D	0.3341029	0.3956019	0.4489912	0.6746707	0.5516218	0.4563053	0.8773025	0.2578711
E	0.3404674	0.4648075	0.5277590	1.6402497	0.4004154	0.7687504	3.0537446	0.3038842
F	2.9339631	1.2617236	2.8882239	0.9279037	0.7939347	0.8160272	0.6192878	4.7048016
G	0.6705901	0.6414467	0.8454830	0.5253973	2.4882692	0.5847699	0.5272368	0.2970524
H	0.4193903	0.3988068	1.7186255	1.1471034	0.8813042	1.8412945	0.7467378	1.0652343
I	1.4945767	1.1709404	0.4774678	1.2399515	0.7343045	1.3906331	0.6619410	0.6487410
K	0.4075405	0.5300745	1.9982085	0.7433052	0.5460934	0.9450624	0.6775530	0.3495305
L	1.8515393	1.7628554	0.6376085	1.7439576	0.8874932	0.9518787	0.4827299	1.1307435
M	1.1687718	2.8792959	1.9351142	1.0966617	0.8403758	1.5730826	0.5916907	1.8690609
N	0.5509572	0.4746798	1.1331529	1.2231302	0.8263224	0.7845914	0.7557795	0.3451257
P	0.2146883	0.2556273	0.6469250	0.3699557	0.2183025	2.4742381	0.4343818	0.1733170
Q	0.5089264	1.4456841	1.1423614	0.8417759	0.6973487	0.9317966	1.1560805	0.3598585
R	0.5168745	0.6159938	1.4789811	0.7666273	0.4327110	0.7796932	0.5645169	0.3741062
S	1.0285287	1.5004096	0.5437463	0.6054198	1.1107198	0.7418225	1.5862277	0.3667020
T	0.9817009	0.9549030	0.5871318	0.6536131	1.3719132	0.6518351	0.9721248	0.3989597
V	1.2946982	0.9728045	0.5136913	1.6320221	0.6470940	0.8716301	1.3952226	0.6269412
W	0.7242039	0.5087700	4.0003131	0.4863684	14.6813902	0.4235299	0.4671174	1.5372142
Y	2.3837466	0.8195794	1.8284816	1.0147073	1.2167633	0.7959612	1.1610025	10.2495915
