##############
# B4701 PWM for 8-mers
# Model trained on 9-mer peptides removing position 7.
# Copyright (2021) David Gfeller
##############
1.00000	47
A	1.4422032	0.4517587	0.8553182	1.1726078	0.8517774	0.8780926	1.4336131	0.5004002
C	0.7998555	0.3829873	0.6976563	0.7626459	0.8483983	0.7690429	0.4161222	0.5280488
D	0.5505510	9.2288034	0.3549245	1.4492782	0.3587808	1.1241344	0.6628465	0.2582944
E	0.7275361	1.3335851	0.4015318	0.8186704	0.3358284	0.9692264	0.7868325	0.3032898
F	0.7488509	0.2924563	2.9643643	0.6078173	1.0027813	0.7941261	0.4248941	1.8290620
G	2.0420298	0.5261962	0.3596964	1.4751975	1.0498497	0.6142692	2.4542624	0.2706319
H	1.2825885	0.5796168	0.9596859	0.4979485	0.7211441	1.2374586	1.7333345	0.4415024
I	0.8237907	0.3110734	1.5245100	0.9189819	3.6781307	1.3334399	0.4049552	1.4372174
K	1.7749620	0.6191428	0.7167960	0.6724698	0.4019891	0.6998934	1.2309418	0.3781101
L	0.4943870	0.2485429	1.6872237	1.3755041	1.8452890	0.6552713	0.4624027	3.6232847
M	0.5941956	0.3325778	1.5168330	0.7668192	1.1091031	0.7139581	0.5198112	4.8725155
N	0.8767557	1.2684143	0.6289294	0.8099514	0.4356324	1.2119577	1.9581029	0.3103277
P	0.3659435	0.3529905	0.5069607	1.4954637	0.2772497	1.2580392	0.5989624	0.2299561
Q	1.0190164	0.8302240	0.6344639	0.8907906	0.3797096	1.1121767	1.5890689	0.4105737
R	0.8544236	0.4610737	0.6208454	0.4708042	0.3501304	0.5064254	0.9930060	0.3890766
S	1.1369190	0.6644627	0.5822821	0.9287937	1.0926905	1.0267028	1.1771058	0.3591266
T	1.0810894	0.5492136	0.7097707	0.7704611	0.6695015	0.9756562	0.7988841	0.5369710
V	0.9374227	0.3056364	1.3499311	1.1219765	1.6320873	2.1385566	0.4692425	1.2057787
W	0.4369959	0.2477363	0.7362062	0.4057114	0.4062751	1.3779731	0.3880788	0.6067559
Y	1.1593596	0.3167822	3.1062947	1.0789898	0.5968142	0.9095376	0.8231934	1.6740061
