##############
# B4901 PWM for 8-mers
#
# Copyright (2021) David Gfeller
##############
1.00000	371
A	2.1579320	0.2584183	1.2178512	0.8651701	0.8190717	0.6958085	0.9219758	0.3012229
C	0.7082801	0.2875361	0.5236769	0.6133203	0.6568766	0.6181261	0.1920320	0.2611986
D	0.2023489	0.6302369	0.8558281	0.6590809	0.2284238	0.3983387	0.3041717	0.1174585
E	0.2222905	12.2556619	0.5601542	1.2451442	0.3212566	0.7082984	1.3263806	0.1223048
F	1.1168686	0.1404241	1.9779648	0.6854564	2.5064008	0.2178517	0.3232072	0.3888980
G	1.3813262	0.1725883	0.7640565	0.5205038	0.5519208	0.2899955	0.6729663	0.1137295
H	1.9986182	0.3385898	1.8525475	0.7622462	0.8792250	1.5427726	1.1878991	0.1157073
I	1.2690285	0.1321441	2.1369593	1.4323552	1.2337633	1.4249012	0.5174156	5.7286383
K	0.8433398	0.4344469	0.7020563	1.6875296	0.2120556	1.4467875	2.5663230	0.1503142
L	0.7346406	0.1379633	0.9828403	1.0731646	1.0117424	0.7743429	1.0432744	1.0055556
M	1.1787990	0.1923185	0.8334424	0.6421681	0.9241632	0.8706348	0.9618973	0.5152664
N	0.4005759	0.3280759	0.6957285	0.4341047	0.3719322	1.3403613	1.0421121	0.1290071
P	0.1485761	0.1751669	0.1720413	2.2154740	1.0697469	0.9082166	0.1564779	0.1067540
Q	0.6430101	0.5848933	0.4699813	1.1684029	0.7463693	1.0394367	1.3347756	0.1912519
R	1.3288437	0.3166016	0.5357402	0.9993592	0.1868949	2.3695801	1.2236373	0.2437492
S	1.4466254	0.3034616	0.6291151	0.7303581	1.4301211	1.4017443	1.0839928	0.1620356
T	1.2020603	0.2458622	0.8127648	0.7101581	2.6497746	1.3224972	1.7478209	0.2961111
V	0.7073726	0.1670591	1.4871389	1.2222603	2.4938487	1.3630533	1.2308452	6.2339382
W	0.5635917	0.1552956	1.3041690	0.1711907	0.5537492	0.3345573	0.1710731	0.1639200
Y	1.5774947	0.1969534	2.3158768	0.7855885	0.4040138	0.2379749	0.5153505	0.2479386
