##############
# B5001 PWM for 8-mers
#
# Copyright (2018) David Gfeller
##############
1.00000	28	2
A	1.8679305	0.6853823	1.0980768	1.3805996	1.4369059	0.9712299	2.0678074	4.5068028
C	1.0025870	0.4291901	0.7779179	0.9332061	0.9039270	0.8662167	0.7235821	0.8963733
D	0.4925543	1.4819945	1.3411913	0.5553887	0.5730815	0.5572950	0.6054220	0.4717276
E	0.5658480	6.0479045	0.5777120	0.9400772	0.7692052	0.5739736	0.6587167	0.5403038
F	0.6541183	0.3341635	2.0500225	0.9199076	2.3258917	0.5654062	0.4566640	0.4923601
G	1.5501590	0.4957886	0.8205602	0.8753878	0.9665493	0.8391229	1.3794184	0.9746704
H	0.5462976	0.7578312	1.4736077	0.9490528	2.0204723	0.5097105	0.4866318	0.4161644
I	0.6827040	0.2893381	1.3843010	1.2164292	0.5678150	1.3506363	0.9214968	0.8681136
K	0.8495524	1.1069127	0.8073783	1.0046401	0.6201126	1.5925611	0.7201990	0.6222617
L	0.9988279	0.3447967	1.0927829	1.2428064	0.7174026	1.2571581	0.5912467	0.7832992
M	0.8108561	0.4961188	1.2858532	0.9113078	0.7284190	0.9249664	0.7317865	0.7772554
N	0.6383044	0.8163714	0.6273075	0.5821717	0.6970125	1.5064736	0.7382323	0.4938156
P	0.3226314	0.6886885	0.2682219	1.5687991	0.9354832	0.6057690	1.0051105	0.7155631
Q	0.8999603	1.4222034	0.8043051	0.8635915	0.8393482	0.7032500	1.3741012	0.5440382
R	2.1993308	0.8460764	1.0957918	0.6234955	0.5711495	2.3515866	0.6210141	0.5114233
S	1.0061069	0.8112004	0.6416549	1.0312282	1.8194542	0.6930808	2.0461852	1.1188049
T	1.2818850	0.6083804	0.8051209	0.8961484	0.7596972	0.8596563	1.4867730	0.8010472
V	0.9340162	0.3694522	1.0938629	1.0682409	0.6853588	1.0761761	0.9986373	1.1367297
W	0.6276488	0.4629453	2.5379711	0.4969266	4.4433225	0.4793480	0.4550950	0.4624550
Y	1.4503691	0.4910581	0.9734271	0.6489365	1.1226184	0.5415784	0.5223583	0.5324856
