##############
# B5101 PWM for 8-mers
#
# Copyright (2021) David Gfeller
##############
0.44137	606
A	0.2329115	8.0789954	0.9364083	0.8674157	1.5474071	0.8299271	0.8187332	0.2069189
C	0.8656571	0.2023498	0.4465005	0.6053804	0.6276155	0.6069609	0.9103734	0.1824824
D	8.7013666	0.1457532	0.2241216	0.4125364	0.2108194	0.2730327	0.1750776	0.0827210
E	1.0265621	0.1581544	0.1509846	0.6898410	0.3972139	0.3706379	1.1041130	0.0859350
F	0.3668633	0.1959783	2.1655271	0.5805833	0.8826557	0.6170113	0.5663235	0.3821601
G	0.1491581	2.1187924	0.1996012	0.4929981	0.9327142	0.3511075	0.4601046	0.0802096
H	1.4941766	0.1910026	0.8975994	0.6698705	0.4859587	1.0203413	2.1263039	0.2405443
I	0.7615708	0.2428813	1.0869314	1.4140880	1.7680891	1.0234188	0.6472898	5.8683654
K	0.1826117	0.1991320	0.3048944	1.3995101	0.1752102	0.7883121	1.9544606	0.1056384
L	0.1592243	0.1809071	1.3889638	1.3042774	1.3249998	2.0354169	1.2060432	1.4474948
M	1.7747777	0.6737377	0.7408059	0.7973317	1.3633559	0.9742576	1.0619183	0.9285270
N	1.1602097	0.1686911	0.5751481	0.6474926	0.4334746	0.8159873	0.9446668	0.0915582
P	0.1313527	0.1318763	3.6480302	0.5158865	0.9249314	3.1761293	0.1339102	0.1028992
Q	0.5292546	0.3667965	0.2756390	0.9699810	0.9562681	0.8105270	1.7078033	0.1011752
R	0.1469758	0.1388883	0.6254888	1.6598510	0.1572039	0.8242881	0.8767749	0.1701504
S	0.5643078	1.0155086	0.3862979	1.0877906	1.0231263	1.0953686	0.9403759	0.1132589
T	1.1974495	0.3290208	0.7797610	1.8018086	1.6813562	0.8997768	2.0340320	0.2294961
V	0.8098191	0.4104056	1.1934051	1.4570411	2.6220833	1.1353124	1.3925530	5.8403218
W	0.3320841	0.1099837	1.3497307	0.4740613	0.1231462	0.4653281	0.1253274	0.1198600
Y	0.5983014	0.1430394	4.1470419	0.7701774	0.2725472	0.4985346	0.4183272	0.1808110
