##############
# B5101 PWM for 8-mers
#
# Copyright (2021) David Gfeller
##############
0.55863	767
A	0.1348652	0.7584723	1.1021148	0.9176770	1.2588265	0.8157799	0.5438656	0.1679047
C	0.9004599	0.0960333	0.4277362	0.5892799	0.6097868	0.5854346	0.8990442	0.1503361
D	1.6301110	0.1422114	0.1885345	0.5374184	0.1501500	0.3861054	0.2955656	0.0691458
E	0.3527293	0.1240856	0.2196654	1.1361429	0.4866571	0.5368760	1.5154001	0.1069721
F	1.2731985	0.0960313	2.6737505	0.5273009	1.2138626	0.3997699	0.6273450	0.4031380
G	0.0803832	0.1123182	0.2176341	0.5176246	0.6409655	0.3578591	0.5624078	0.0660454
H	0.5028003	0.1021646	1.0442060	1.6368007	0.3975509	1.0089377	1.1786351	0.1137784
I	1.8380245	0.1519209	0.8012865	1.1888002	1.5093168	0.9493134	0.8818617	6.4890976
K	0.1232098	0.1423681	0.2002777	0.7104970	0.1988507	0.9528458	1.3240592	0.1054806
L	3.4145745	0.1088406	0.9415009	1.3830529	1.7223724	1.1982138	1.1725551	1.7144936
M	1.8457549	0.1425041	0.8237329	0.4253648	0.9146737	0.6355640	1.0077275	0.7768511
N	0.3663201	0.1649238	0.5551460	0.7358611	0.2249328	0.8859579	0.7682066	0.0754247
P	0.0659519	16.0402706	2.6257670	1.8251707	1.3993390	3.9554080	0.1762812	0.0619411
Q	0.2467549	0.1419713	0.5392841	0.9613468	0.8737507	1.3788681	1.7233432	0.1119851
R	0.1189171	0.1401122	0.5144301	0.8002372	0.2511552	1.1303802	0.8196738	0.1202045
S	0.2596986	0.2346178	0.6284895	1.3620614	1.1546216	1.1646798	1.2343668	0.0927468
T	0.6725614	0.1471009	1.1147853	1.1125534	1.2631823	1.0303457	2.1932599	0.2086235
V	1.6131607	0.1232220	0.9352443	1.3160536	2.8304128	0.9434683	1.5187571	5.1738813
W	0.5251475	0.0474506	2.2357922	0.1041603	0.1974603	0.2774404	0.1070444	0.1017736
Y	3.7250509	0.0939565	5.6801847	0.8581202	0.1971544	0.3988696	0.6336660	0.1893297
