##############
# B5108 PWM for 8-mers
#
# Copyright (2018) David Gfeller
##############
0.40000	34	2
A	0.6177068	4.5539390	1.0298565	1.0237167	0.9075907	1.0788540	1.0363544	0.6583165
C	1.0808551	0.8155948	0.5723789	1.1290096	1.1491465	1.0184396	1.1985355	0.7266050
D	3.8188190	0.4928119	0.5665625	1.0313382	0.4809020	0.6620726	0.6048910	0.2916049
E	1.2591472	0.5549747	0.6413317	0.6642588	0.7424789	0.8477285	0.7445721	0.2733464
F	0.6556215	0.3912998	1.5460368	0.8892930	0.6032462	1.1599009	1.6435647	0.8187955
G	0.4983456	0.9601713	0.8175701	0.5536918	2.4831152	0.6148947	0.6009125	0.3023475
H	1.3655319	0.4209861	3.1961328	0.9354498	0.3639805	3.1514734	0.9677663	0.2514401
I	1.0392541	0.5004273	0.4664207	1.1279640	2.5874952	0.5461187	0.6420299	4.4409114
K	0.5880714	0.6383679	1.4778643	0.9136089	0.6675674	1.5346546	2.0359751	0.3554149
L	1.0119236	0.4974878	0.7230461	1.0243615	0.9303019	0.7444155	0.7086098	1.4183705
M	1.4288168	0.6039405	0.6633877	0.8736065	0.9405906	0.7086471	0.7679009	1.3241002
N	0.8474891	0.5022424	1.1799140	0.7145862	0.5270600	1.7574231	0.9884876	0.3054725
P	0.2829216	2.2685523	2.1572264	0.3107663	0.2630621	0.5652978	0.3307560	0.2164255
Q	0.6267424	0.5431458	1.1030823	1.5056695	0.6946529	1.1737973	1.8162094	0.3166239
R	0.5138198	0.5064218	0.7608800	1.3355221	0.4620703	1.0407766	0.9204355	0.3224856
S	0.7742185	1.1051083	0.6802045	1.3215775	0.8514909	1.1347338	1.3559854	0.3978696
T	0.7946056	0.7588196	0.5688165	1.7568015	0.6714468	0.6666124	1.5844658	0.6915512
V	1.2296781	0.6997887	0.4633566	1.1064281	1.8014782	0.7279773	0.9316090	2.9993837
W	0.5455160	0.4035619	0.6901856	0.5582592	0.4670512	2.1698419	0.5739109	0.4827978
Y	1.3302224	0.4814205	2.0718340	1.0222341	0.5113363	1.2697565	0.7998815	0.5991239
