##############
# B5108 PWM for 8-mers
#
# Copyright (2018) David Gfeller
##############
0.60000	51	2
A	0.5735371	1.9331497	1.0831612	0.9751525	1.7731138	0.6846167	1.3082045	0.6769247
C	1.1180659	0.5112354	0.6595296	1.1064622	1.2482273	1.0273498	1.2478156	0.7064006
D	2.4106871	0.4705717	0.4369813	0.6077986	0.4268426	0.8764765	0.6494913	0.2722306
E	0.7245968	0.4860032	0.4730005	1.5890927	0.5358380	1.1917618	1.6824604	0.2727590
F	1.1025882	0.2752636	0.6107616	0.6477215	0.7567772	0.4265295	0.4993521	0.7249728
G	0.4228755	0.5927016	0.4841732	1.0102213	0.7094974	0.7306052	1.0647932	0.2947880
H	0.5415968	0.3635523	0.7558839	0.4693904	0.3332273	2.0928209	0.4791145	0.2304047
I	1.0924354	0.3520304	0.8420646	1.1777926	1.7442071	0.5230096	0.6899159	3.7741557
K	0.5224849	0.5708570	0.5434855	0.5981332	0.4929252	0.7436129	0.6763713	0.3396608
L	1.9346301	0.3537136	1.1011250	1.7587614	0.8948661	0.5415962	1.0820262	1.2440577
M	0.9620790	0.4216051	1.2521054	0.9265593	1.1198489	0.6264875	2.3334824	1.1896199
N	0.6225052	0.4442748	0.4805463	1.1094582	0.4924197	1.8685568	0.9923698	0.2930043
P	0.2459023	7.6492132	4.2108626	0.4540436	0.8435655	1.0296323	0.3016437	0.2075919
Q	1.1685856	0.4499758	0.8106010	0.7740745	0.4525653	2.2008535	1.5184719	0.3113292
R	0.4867971	0.4262834	0.4656671	0.6844330	0.4327916	0.8368979	0.5995183	0.3168824
S	0.8579036	0.7210991	0.9510322	1.0579828	0.9781414	1.2874396	0.8192273	0.3969859
T	0.8357621	0.5923865	1.0114998	1.0247452	2.1384142	1.5820419	2.1989238	0.6800689
V	0.9732870	0.4265427	0.8860551	1.0944155	1.9946241	0.9175231	0.9266732	4.0001217
W	0.7233805	0.2541840	0.5005366	0.5192491	0.4459158	2.6487624	0.4665769	0.4424514
Y	2.8367368	0.3791158	1.6537008	1.0782439	0.5376973	0.6305948	0.5023412	0.5585458
