##############
# B5201 PWM for 8-mers
#
# Copyright (2018) David Gfeller
##############
1.00000	131	2
A	1.0889237	0.5124830	0.5778013	1.1653953	0.7783831	0.8855696	0.5930251	0.4903006
C	0.8513927	0.4229941	0.6944035	0.7802733	0.8586688	0.7628847	0.3669518	0.5253481
D	0.5300205	0.5449146	0.3807974	0.4362214	0.3032464	0.4892358	0.5474727	0.2049647
E	1.1147470	1.1367827	0.3345773	1.4326189	0.4734845	0.9468952	1.6424021	0.2041078
F	0.8456932	0.3396216	1.6894655	0.7045970	1.1371378	0.3745854	0.4484707	0.5699663
G	0.7273189	0.4142298	0.2999237	0.3741284	0.4796255	0.5839891	0.5016150	0.2202926
H	1.8026660	0.5742918	0.6680889	0.3814390	0.2819969	1.7953261	1.8429527	0.1793165
I	0.8640567	0.2662553	2.2181274	1.2268942	1.8454657	0.5271950	0.4533558	4.6370495
K	0.7377915	0.8748699	1.1299953	1.7064445	0.4525825	1.1344488	1.6331874	0.2575324
L	0.7255134	0.3792901	1.3170351	1.0503464	2.1049762	1.2766099	0.6472572	1.3078239
M	0.7416102	1.1833718	0.7423856	0.6125731	2.0920593	1.0340033	0.9954883	1.0957303
N	0.8793824	0.6152776	0.4580594	0.5356042	0.4406545	2.1697520	1.4725021	0.2193159
P	0.2144038	0.2366373	0.1840812	0.9862546	0.6110093	1.6646160	0.2379687	0.1551399
Q	3.2157769	11.5730272	0.8516972	2.4749851	1.5185710	1.8626009	2.5729010	0.2356412
R	0.5935815	0.8166793	0.6705857	0.9956021	0.3696473	0.6938047	0.8826339	0.2422159
S	1.3227707	1.2600190	0.6704262	0.7000638	0.9202965	1.1624553	1.5481764	0.2929870
T	0.7964798	0.5049170	1.4879761	1.0565580	1.1448541	1.0732710	2.1522492	0.4994948
V	1.5277206	0.3085111	1.7163894	1.0275597	1.7710559	0.5096834	0.7504864	4.1467437
W	0.9289285	0.3539481	1.0566699	0.3718197	0.3854790	0.3426262	0.3671167	0.3435396
Y	1.3742138	0.4277051	2.7497587	0.8555520	0.4748905	0.7153897	0.7411243	0.4251523
