##############
# B5301 PWM for 8-mers
#
# Copyright (2021) David Gfeller
##############
1.00000	86
A	0.4691046	1.5411136	1.3920632	0.8875266	1.5998179	0.7788859	0.7014570	0.3248624
C	1.0716192	0.3610909	0.6450580	0.9084902	0.9919058	0.8793166	0.5997165	0.2968336
D	1.0184791	0.4056053	0.7730086	0.8059730	1.1001499	0.5604008	0.4509754	0.2114711
E	0.4497899	0.4300769	0.4074085	1.2675121	0.6684060	0.8998800	0.8557677	0.2459562
F	2.5682317	0.2464026	0.6470265	0.3532926	0.3715748	2.5200653	1.1293125	4.6064808
G	0.2960880	0.4228954	2.4069956	0.9419692	2.5418260	0.5747358	1.1051553	0.2675405
H	1.2109131	0.3512002	2.0617226	0.7112072	0.4296786	3.5544336	2.3658861	0.4268682
I	1.3007547	0.3592652	0.9307528	0.6443705	0.5401341	0.6202764	1.1916388	1.0621099
K	0.3691844	0.4874628	0.4448324	1.5439422	0.5153273	0.7481098	1.5439992	0.2603569
L	1.6910364	0.3073415	1.0772853	0.6370021	0.4252218	0.9551144	0.9446010	1.1194068
M	2.7042709	0.3521845	0.7898515	0.7086709	0.4679570	0.6096132	0.8315503	0.8789048
N	0.5502446	0.3859805	0.6716301	1.2557565	0.6785577	0.7950711	0.5624746	0.2579668
P	0.2281752	10.2842005	1.4394323	1.9978539	0.6178931	0.8216570	0.4283082	0.1363785
Q	0.3906104	0.5226235	0.4257466	1.3671711	0.6177042	0.8888290	0.9650722	0.2616505
R	0.3499665	0.3469484	0.4799139	0.7961035	0.4136734	0.6743034	1.3234217	0.2794425
S	0.7006810	0.5562345	1.1614798	1.4987107	2.8792302	1.1437189	1.2015200	0.2682753
T	0.9679322	0.5154997	0.8387257	1.3735749	1.3855208	0.6961120	1.0405613	0.3495663
V	1.2687348	0.4774698	0.8875080	0.7208562	0.7939051	0.5797661	0.9117881	0.6486720
W	1.2371814	0.1767149	0.9597377	0.2877599	0.3095793	1.7663945	1.6121108	26.4616453
Y	3.8506557	0.3282888	0.9064472	0.4081077	0.5696069	3.1840503	1.0286151	2.3136744
