##############
# B5401 PWM for 8-mers
#
# Copyright (2018) David Gfeller
##############
1.00000	107	2
A	0.4861736	1.5840015	0.8570197	0.6288984	0.5376025	0.8204431	1.2034992	4.3664521
C	2.1506107	0.5482583	0.7488886	1.2914924	1.3430218	1.2755876	1.1964931	0.7760652
D	0.4932407	0.3924331	0.4116256	0.6746914	0.2633146	0.5534360	0.5343020	0.4599981
E	0.6625526	0.3937891	0.4696989	0.5624119	0.2882020	0.5181222	1.8424655	0.4541586
F	3.9554253	0.2247837	4.4470365	0.7490106	1.5830067	1.5253641	0.4771989	0.3989251
G	0.2956996	0.4522143	0.4417990	0.4522951	0.9512758	0.3643331	1.1265118	0.5913614
H	1.6238975	0.2977138	0.9046160	0.8733043	0.4444241	1.2010023	0.3874378	0.2964295
I	1.2417393	0.3568940	1.2686277	1.1062504	2.6108264	1.0463193	0.6644178	1.1808321
K	0.4076310	0.4631036	0.3509238	0.7926788	0.3416822	0.4313565	1.4907632	0.4385748
L	1.4963085	0.2912229	1.3386469	2.2232898	2.7120914	1.0060573	0.6630978	0.6262666
M	2.2967801	0.3435272	0.9406905	0.9784072	1.5254691	0.6014017	1.0873307	0.6363257
N	0.4517503	0.4836756	0.4815410	0.8676143	0.3047273	0.3926901	0.6444622	0.7167009
P	0.1657532	8.9406546	0.1806045	1.4891301	0.4694049	3.8678508	0.5512121	0.5670178
Q	0.3486457	0.3642218	0.6594224	1.1869488	1.0597622	0.5885406	1.0243972	0.3907647
R	0.3453346	0.3464308	0.3458152	1.1281656	0.3320760	0.6539521	0.9525124	0.4678114
S	0.4314027	0.6954348	0.7910969	0.9269468	0.4271518	0.6195724	1.7746620	0.7838096
T	0.4908690	0.4836948	1.2075203	0.5732698	0.6187377	1.1206401	1.0748766	0.9291010
V	1.0565872	0.3973736	1.2580290	1.0438026	1.3284071	1.0329309	1.3843793	2.2477867
W	2.4860073	0.2007193	3.6743500	0.9785624	0.4450295	2.1677560	0.3552522	0.3424297
Y	3.4966589	0.3067205	1.9715189	0.6441055	0.5634329	0.9067354	0.4052160	0.4048926
