##############
# B5501 PWM for 8-mers
#
# Copyright (2021) David Gfeller
##############
1.00000	199
A	1.4754442	0.5054475	1.1594222	0.8051005	0.4840825	1.2976902	1.8970263	5.8833345
C	0.7649304	0.3849736	0.5789338	0.6553046	0.6889281	0.6649953	0.2941686	0.4257531
D	0.2980755	0.2896456	0.4783803	0.3876076	0.2457602	0.3655372	0.5210760	0.2553109
E	0.4255534	0.2954823	0.4281509	0.6665303	0.5232389	0.4640803	1.7288658	0.3451471
F	0.6195408	0.1622055	1.5947256	0.4249053	1.3233409	0.4326280	0.2671218	0.3128463
G	0.3001261	0.2584248	0.7896239	0.4841918	0.6210300	0.4950530	1.3789839	0.5383189
H	1.5507522	0.2420560	1.2344738	1.2130069	1.0044703	0.6577253	0.8441602	0.2495737
I	1.5908497	0.2403720	0.8706001	0.5442438	2.4818775	0.8899437	0.5541590	0.9101754
K	0.8988555	0.3393734	0.7686183	1.3827717	0.6699493	0.5301487	1.2062050	0.3335230
L	1.0866783	0.2037777	0.6730307	1.3801677	2.2439626	0.7913832	0.4906785	0.5532517
M	1.8208368	0.2293912	0.8177614	0.5795566	1.1326247	0.5016071	0.9960423	0.4574616
N	0.7323160	0.2692298	0.7975175	0.8137873	0.3598775	0.6915496	0.4873101	0.2760870
P	0.2817917	13.9931595	0.1966918	2.7163397	0.6004299	6.3293838	0.9593447	0.5422893
Q	0.6750810	0.2697113	1.3307251	1.2367351	1.2095029	0.5544164	1.5281103	0.3053300
R	1.5097481	0.2360028	0.9754594	1.4476576	0.7618616	0.9996993	0.8677957	0.3841287
S	1.7921554	0.3493223	0.7607482	1.1553002	0.4452069	0.7165951	1.4674657	0.5892974
T	1.1290366	0.3500337	1.8102324	0.9731516	1.2207371	1.0777519	0.9558395	0.6387046
V	1.4721924	0.3819839	1.6996604	0.9334797	1.6790991	0.7632204	1.2054597	2.4494395
W	0.2577435	0.1090651	2.7381423	0.2436018	0.2692016	0.1875790	0.2209809	0.5274660
Y	0.7001426	0.2226020	2.5341039	0.9912276	0.4174035	0.4048931	0.3069435	0.3138267
