##############
# B5502 PWM for 8-mers
#
# Copyright (2021) David Gfeller
##############
1.00000	48
A	1.4914928	0.6074138	1.1120031	1.1546823	0.9035292	1.3237917	2.4852197	4.5722996
C	0.8711374	0.4764968	0.7261113	0.7613188	0.8385881	0.7593203	0.5489549	0.7021598
D	0.4511236	0.4648677	0.3813036	0.5237608	0.3405177	0.4892200	0.5786462	0.4482279
E	0.5178805	0.4723860	0.4462486	0.6552171	0.3885128	0.9113565	1.3474737	0.6338655
F	0.8474822	0.4994121	1.9825274	0.8404095	1.2236918	1.0146352	0.4612370	0.4714939
G	0.4821642	0.4080245	0.5667493	0.9797400	0.8403353	0.4485333	1.2577812	0.7638792
H	1.2213210	0.3932270	0.8731983	0.5423833	0.3757434	1.5631949	0.8572742	0.4256025
I	1.5164790	0.3653189	1.5872540	0.8760386	2.2057375	1.0925945	0.8722078	1.0593336
K	0.6837019	0.5422507	0.5192752	1.1514065	0.4611495	0.7483269	0.9147483	0.5617464
L	0.9508795	0.3266252	0.9698030	1.2942090	2.2765524	0.8613055	0.6616443	0.6200081
M	1.8508671	0.3651340	1.1002396	0.7617495	1.6645487	0.7001234	0.9242180	0.6853735
N	0.7621654	0.4319393	0.4841725	1.3700797	0.4106180	0.5341880	0.5964608	0.4721268
P	0.3318886	11.1992877	0.2949591	1.5024113	0.2757532	2.6291029	0.3877029	0.4277201
Q	0.9422123	0.4293150	1.0041474	0.7757065	0.9530829	0.9333819	0.8457733	0.5240864
R	1.6384872	0.3773343	0.7678698	1.2312819	0.5701342	0.9883902	0.8756208	0.4417394
S	1.2588429	0.5514315	0.6090803	0.9523817	0.5045116	0.6512603	1.1134519	1.0564337
T	0.9935951	0.5535088	1.7197798	0.9279803	1.1591271	1.2984456	1.1282964	0.9062782
V	1.6226676	0.3873062	1.7551328	1.0096445	1.8765100	1.1541730	1.3769405	1.5551994
W	0.4284846	0.1892120	3.5067253	0.4264536	0.4343024	1.3736761	0.3653992	0.3545403
Y	0.9092503	0.3961564	2.0435840	1.1410790	0.6264053	0.9548446	0.5042828	0.4929320
