##############
# B5601 PWM for 8-mers
#
# Copyright (2018) David Gfeller
##############
1.00000	35	2
A	1.4827238	0.6834492	0.7736019	1.1541267	0.9305843	1.0579589	1.8199008	3.6715620
C	0.9706776	0.5394763	0.8066433	0.8133212	0.9907234	0.8356899	0.6249874	0.8497180
D	0.4577486	0.5066902	0.4153873	0.6108258	0.3412136	0.5736969	0.6759429	0.4182129
E	0.5625573	0.5039074	0.6162152	0.8932269	0.3574061	1.0095846	1.4685338	0.4844530
F	1.0469328	0.2543017	2.6399040	0.8836750	1.0692398	1.3338403	0.4517101	0.5399066
G	0.5514247	0.4968472	0.4205543	0.5617002	1.1410148	0.5189359	1.4387926	0.7850303
H	0.9662535	0.3747595	0.9462340	0.9843672	0.3305358	1.7049043	0.9393588	0.3662382
I	1.2405568	0.3254216	1.3725676	0.6763694	2.3383977	1.0925069	0.6695761	1.1883385
K	1.0697026	0.5976316	0.5354023	1.2285582	0.4636193	0.7872977	0.9628588	0.7140116
L	1.2192534	0.3292994	1.1167898	1.0957887	2.1762036	0.6122128	0.6653311	0.8919311
M	1.5645433	0.3875754	1.2921934	0.7433227	1.5939797	0.6738835	0.7051694	0.8763901
N	0.5775964	0.4632142	0.4964390	1.5868315	0.4000750	0.8128769	0.7073945	0.4489665
P	0.2943609	9.3913689	0.2483212	2.3544573	0.2362657	3.3840077	0.3410911	0.3471796
Q	1.0626782	0.4545341	0.9222449	0.6692452	0.6198120	0.5882021	0.9734505	0.5040175
R	1.7613639	0.4340744	0.7217756	1.5592618	0.6428647	0.7661801	1.3508068	0.5011237
S	0.9765126	0.6309816	0.6126595	0.6952108	0.5118745	0.6842496	1.5471562	0.9241255
T	1.0037429	0.5810086	1.4592397	0.6114224	0.7957327	0.9475950	1.1178322	0.7814622
V	0.9319357	0.3551564	1.6394396	0.5703655	1.8491561	0.8890232	1.1964619	2.1643507
W	0.6803925	0.2170864	2.4226419	0.5499916	0.5370533	0.4728325	0.4655517	0.4572487
Y	1.8031812	0.3735048	2.5358902	1.3570922	0.6322437	0.7441929	0.5397619	0.5413851
