##############
# B5703 PWM for 8-mers
#
# Copyright (2021) David Gfeller
##############
1.00000	224
A	0.5282838	1.3222411	0.9141507	0.7306290	1.8886041	0.6882350	0.6503872	0.2387197
C	0.3957902	0.3401971	0.3812714	0.4663936	0.5063843	0.4844817	0.3908118	0.3621994
D	0.3359374	0.5130219	1.2270160	0.7776128	0.5340770	0.4572013	0.4540535	0.1466879
E	0.4238427	0.4187590	0.5573629	1.0867653	0.6806035	0.8694162	1.1511712	0.1621026
F	0.4975743	0.4336489	1.6160585	0.6436923	0.5887382	1.3041153	0.7024294	6.2241750
G	0.6159906	0.5676386	0.8233417	0.9046929	0.8098750	0.3273476	0.4513101	0.1701092
H	1.0994548	0.3906246	1.3487813	0.7734759	0.9658925	2.7240942	1.9298594	0.2612133
I	1.7566512	0.8471287	1.1225163	1.3555449	1.0268533	1.4097247	0.6867972	1.6661048
K	2.3817691	0.4024735	0.8309627	2.0530068	0.7568979	0.9430980	1.6596563	0.2256450
L	0.9054352	0.6115724	0.9137429	1.1291648	1.0213553	1.3053951	1.2452589	1.9789004
M	1.1378649	0.5196974	0.6450476	0.6612556	0.8574452	0.7151566	0.9005250	1.4713255
N	0.4235423	0.7121079	1.1108297	0.6901502	0.9335572	0.5994336	0.7978882	0.1756911
P	0.3255957	0.4322849	0.8988703	0.9703636	3.1906632	0.8279102	0.2036341	0.1052321
Q	0.8095420	0.5532192	0.6929307	0.8148971	0.7476297	1.1203868	1.1911404	0.1777876
R	1.6493866	0.3555621	1.4455139	1.3045052	0.5107482	0.8078540	1.3137448	0.1905043
S	0.9510119	3.0979382	0.8264327	0.7228183	0.9384082	0.8677423	1.4389739	0.1885062
T	1.8597104	4.9466577	1.3618747	0.7776950	0.8586325	0.8352768	1.8726618	0.3116968
V	1.6097951	1.0038840	1.0368455	1.0068833	1.0068386	1.6684073	1.1917260	0.5511362
W	0.5185133	0.2165878	1.3607980	1.8800380	0.2053173	1.6490607	0.2482177	17.0019877
Y	0.9364688	0.2987898	1.2118999	1.0439507	0.4112219	1.5493550	0.7644329	1.4169602
