##############
# B5701 PWM for 8-mers
#
# Copyright (2018) David Gfeller
##############
1.00000	215	1
A	0.6627746	1.9658678	0.8994875	0.6567916	1.4559960	0.6053440	0.5652534	0.2321363
C	0.4592869	0.5872057	0.5021576	0.5807825	0.6062071	0.5831368	0.6158672	0.3846050
D	0.3476603	0.3645509	0.6280442	0.8244193	0.6793725	0.6677185	0.4085693	0.1488840
E	0.3453793	0.4393976	0.5677731	1.1335346	0.6042181	0.8128275	0.8522518	0.1756937
F	0.9478863	0.2591962	1.6783189	0.8179043	0.3778828	1.3289774	0.4873225	3.3451055
G	0.6140254	0.5440984	1.1993081	0.6192044	1.4464917	0.3836840	0.7483850	0.2182179
H	1.9103294	0.3668517	1.2823691	0.9296175	1.2135795	2.4553438	1.3879252	0.2654650
I	1.4631004	0.4727534	0.5870076	1.0333082	0.4606378	0.9234473	0.7120923	0.9150986
K	2.5757234	0.4366162	2.9738793	2.2229073	0.5112824	1.0072065	1.8610043	0.2396976
L	0.9879125	0.3716243	0.6699906	1.2397383	0.4615039	0.9197959	1.5158765	0.8481581
M	1.2107658	0.3991351	0.8777848	0.5874205	0.5710341	0.5894590	0.7318898	1.0405936
N	0.7096731	0.4747101	0.9564492	0.7846564	0.3540020	0.8466632	1.2349145	0.1791355
P	0.1628041	0.2772504	0.1685101	1.3075145	4.7924743	0.5511618	0.2291657	0.0771135
Q	0.9699848	0.3591596	0.7229588	1.1209450	0.4619680	0.9490773	1.5622966	0.1883952
R	1.7381064	0.3420803	2.6222353	1.1681379	0.6624452	2.1266956	1.5397988	0.2172793
S	0.7397005	4.3247572	0.7228014	0.5711861	1.4361450	0.7222525	1.3800400	0.1981291
T	0.9536240	4.6774279	0.7752942	1.1015251	0.6531371	0.7257725	1.4027343	0.2339787
V	1.2477637	0.8431379	0.4925199	0.7858491	0.8161994	1.5240578	0.7377806	0.3256348
W	1.0177926	0.2606963	2.3709084	1.6438802	0.5615248	3.0760680	0.3145352	46.4895809
Y	1.2331791	0.2933836	0.7471118	0.5674408	0.3973612	1.5984167	1.0675268	1.9527905
