##############
# B5802 PWM for 8-mers
#
# Copyright (2021) David Gfeller
##############
1.00000	161
A	0.8687490	2.1154361	1.2891601	0.8059093	4.0188799	0.4880255	0.6577644	0.3227577
C	0.2854298	0.6395976	0.5372435	0.6619395	0.7329000	0.5566985	0.8233155	0.4136775
D	0.3178961	0.4229748	0.4284261	0.7254657	0.3316160	0.3232558	0.3464717	0.1746203
E	0.4273102	0.4094706	0.4474688	0.9775470	0.3530405	0.4506151	0.9556403	0.1843334
F	1.0680753	0.3946556	1.2023383	0.4004723	0.2692460	0.5663047	0.7759528	2.5120195
G	0.2865420	0.7153640	0.4422474	0.4091558	1.3709266	0.2657906	0.3387309	0.1777824
H	1.7059796	0.3446720	1.2584824	0.4826973	0.3061951	1.4696325	0.9535128	0.2655454
I	1.3233779	0.5058295	1.0813004	1.4663248	0.3802499	0.5473019	0.9358295	4.0115222
K	2.6862879	0.4428410	1.0556290	1.4018705	0.3974251	1.2003210	1.4634681	0.2295287
L	1.3392013	0.3617150	1.6078832	1.5073479	0.3460275	0.5986412	2.1684909	3.0284746
M	0.5660196	0.4167415	1.9515299	0.7211377	0.3660315	0.4276734	0.6491223	1.8312296
N	0.4157163	0.5616500	1.7508321	0.6472859	0.3712809	0.6413548	0.8098243	0.1992768
P	0.2260339	0.3031295	0.3879327	1.3248703	3.8194724	0.2091576	0.2195978	0.1470771
Q	1.2009729	0.5079413	1.7942725	1.4624424	0.5226596	0.8810685	1.2129141	0.2225764
R	2.6744316	0.3649050	0.7509426	0.7558411	0.3708295	8.7571029	1.0411835	0.2908258
S	0.7082438	4.7606631	0.6429336	0.8290785	1.4399573	0.4878590	1.0139393	0.2232213
T	0.7451787	3.1641624	1.1496893	1.3559919	0.4993660	0.3815389	1.2217079	0.3606074
V	0.9279104	0.6280396	0.8030911	1.4374863	0.7957309	0.5408777	1.3112336	1.0362161
W	0.3043319	0.2462425	1.3783898	0.6149249	0.2150329	0.2715086	0.3252825	4.6859099
Y	0.8393932	0.3376248	0.8523359	0.6115174	0.4255038	0.3907771	1.4243322	1.5177797
