##############
# B5801 PWM for 8-mers
#
# Copyright (2021) David Gfeller
##############
1.00000	243
A	0.7480931	2.5024639	1.8160760	0.5621384	2.0992801	0.6568003	0.6079043	0.2082594
C	0.2603553	0.5747419	0.4992193	0.6022128	0.6631838	0.5935681	0.7756182	0.2617720
D	0.3136765	0.4356160	0.8294544	0.5566778	0.8568703	0.6959697	0.4792943	0.1388267
E	0.3103709	0.4053826	0.4068071	0.6886907	0.4909732	0.8536117	1.0187544	0.1661715
F	1.1396825	0.2754335	1.0626873	0.7622127	0.5366890	3.6516304	0.4615604	3.7288244
G	0.3706167	0.7203786	3.2648663	0.4980132	1.2448807	0.3100217	0.5112992	0.1767082
H	2.0240865	0.2783168	0.7065550	1.3512929	0.7062692	3.3866776	1.6079383	0.6178172
I	1.5877930	0.7215705	0.6529046	1.1003483	0.4700175	0.6750770	0.6513774	1.0316158
K	2.1455578	0.3430387	0.5568930	2.1448215	0.3782787	0.5084626	2.0643884	0.1754491
L	1.2774612	0.5555831	0.4597407	0.9682100	0.4992641	1.0306113	1.3804294	0.8815112
M	1.2187839	0.3686464	0.6472438	0.9281143	0.3346937	0.5313918	0.8501382	1.0477572
N	0.4620473	0.6074138	0.8669656	0.3979660	0.7686174	0.5707396	0.6907305	0.1726449
P	0.3055058	0.2955171	0.4902365	2.8366299	1.7800962	0.3994794	0.1931856	0.0880236
Q	0.8209961	0.3950361	0.5503768	1.3580009	0.5808315	0.8370165	1.7338904	0.1813744
R	1.1379360	0.2827602	0.3068481	0.9823587	0.3740693	0.4770787	1.7673682	0.1876429
S	1.2907705	4.3692457	1.1108078	0.8854535	2.7336167	0.9254383	1.5298491	0.1753960
T	1.2199899	2.4731582	1.2489337	0.8948577	1.7752508	0.5593807	0.9628926	0.2231943
V	1.3322153	0.8884361	0.9721273	1.0848133	0.8623928	0.8325248	0.7907200	0.3506723
W	0.2637375	0.2086604	2.2680175	0.4579043	0.7087244	3.4601236	0.2423107	35.7692040
Y	1.2378488	0.5572759	0.9898490	0.4209564	0.5704587	3.9173776	1.0713950	2.7384631
