##############
# B6701 PWM for 8-mers
# Model trained on 9-mer peptides removing position 6.
# Copyright (2021) David Gfeller
##############
1.00000	558
A	1.8713548	0.4111061	2.0775124	1.3548411	0.9009730	0.9917989	2.1159457	0.4231789
C	0.6998394	0.3090928	0.5081790	0.5892388	0.6000530	0.6065616	0.1656921	0.1816319
D	0.1664379	0.1514689	1.2661843	1.4304154	1.3983102	0.9303356	0.5288744	0.0836732
E	0.1807699	0.1551039	1.0228793	1.7419428	0.8154278	1.1479529	1.6751636	0.0944011
F	0.3297813	0.0904868	0.4949392	0.2116582	0.4431556	0.1499644	0.1493543	1.4534477
G	0.3676412	0.1575787	0.7091875	1.2209161	0.7551207	0.3790932	0.5856190	0.1121099
H	0.7201867	0.1273765	1.0436056	0.7283592	1.0940649	1.7937568	0.4680708	0.1088835
I	0.9168566	0.2096084	1.1543208	0.3635603	1.0567449	0.6657978	0.4343998	1.0144107
K	0.8919493	0.1780743	0.2830027	0.8936300	0.3558559	0.4952600	0.9790270	0.1164323
L	0.9152344	0.1606677	0.7297025	0.6473188	0.6155114	0.3168608	0.4029590	6.2053698
M	1.1876542	0.1874580	1.1736223	0.3628924	0.5697057	0.9163898	0.5104613	3.3109595
N	0.7744347	0.1421525	1.1078518	0.7923453	0.9729371	1.0971205	0.6794195	0.0975014
P	0.1185024	15.5927848	0.1748038	2.7597662	2.6833873	2.7053617	0.2510482	0.0768763
Q	0.9218872	0.2147000	0.9845018	1.0498135	1.1569808	1.8184518	1.7955974	0.1184455
R	1.3499706	0.1249917	0.1619381	0.5552801	0.3453497	0.3151797	0.6944205	0.1183738
S	2.6686711	0.1843450	1.7470059	1.5284430	1.6783607	1.5913805	2.8643595	0.1198865
T	1.7277699	0.2662190	1.3054413	0.9390350	1.0256143	1.7749050	1.6048727	0.4566687
V	1.6589515	0.4370454	1.9080322	0.4990242	1.8513633	1.6711640	1.2588148	1.4716664
W	0.1333633	0.0601430	0.3726101	0.2362226	0.1143094	0.1128427	0.1213312	0.1593827
Y	0.7688217	0.1195587	0.3290606	0.4483554	0.3669999	0.3717494	0.4154047	0.2311979
