##############
# B7301 PWM for 8-mers
# Model trained on 9-mer peptides removing position 6.
# Copyright (2016) David Gfeller
##############
1.00000	569	0
A	0.3017247	0.1652359	0.9876777	0.9017496	0.9822045	0.9713280	1.2703148	2.5344932
C	0.7245074	0.2665623	0.5154302	0.6528907	0.6640716	0.6678962	0.1777591	0.1762220
D	1.4372864	0.1566437	0.6078139	0.9448411	1.0049443	0.3988888	0.9984966	0.1444927
E	0.5389244	0.2460869	0.2335510	0.8747173	1.7129949	1.1030634	1.8900373	0.1503113
F	0.2119358	0.1058006	2.3400585	0.6910090	0.9432602	1.1697156	0.2529161	0.1212981
G	0.4987387	0.1392972	0.2337815	0.9512548	1.0873579	0.3530624	0.7471733	0.2053906
H	1.7297980	0.2062888	2.0481593	0.9096399	0.8082570	1.9422698	0.6536250	0.1164169
I	0.5769699	0.1110834	0.9638177	0.6204839	0.6110204	0.8694931	0.7662895	0.3970146
K	0.4969093	0.5731086	0.6552402	1.7226069	0.7841207	0.8002113	0.8437821	0.2489308
L	0.2520780	0.1445162	1.5870841	0.6986037	0.6627224	1.3131704	0.6729674	0.6803804
M	0.7221585	0.1789477	1.0691932	0.6281023	0.4687064	0.7417229	0.2845182	0.2465324
N	7.1900613	0.3011391	1.7760829	1.1387851	0.8323774	0.9144489	0.7212789	0.2060090
P	0.0918009	0.1084615	0.0813131	1.7294616	0.8111666	1.2061495	1.1280621	8.9685335
Q	1.3791542	0.3577494	1.0929612	1.8015013	1.9372221	1.7868374	0.8233010	0.1434727
R	1.0616892	16.0913814	0.5208633	1.2444001	0.6231948	0.7632828	0.7134307	0.1683423
S	1.5145268	0.2426332	1.0535314	1.3934295	0.8887065	0.8730044	2.0557251	0.2443731
T	1.1346708	0.1722756	0.8797116	0.7495511	1.1888796	0.8740332	1.8800196	0.2479075
V	0.8459164	0.1094620	1.2210451	0.3876940	1.4127652	1.0695027	1.1378906	0.8372728
W	0.2926741	0.4447965	1.8497207	1.1937214	1.3578884	0.6329294	0.2947171	0.3980283
Y	0.7484574	0.1551460	1.7758307	1.1466581	1.4495221	1.7178509	0.5534096	0.2821962
