##############
# C0102 PWM for 8-mers
#
# Copyright (2018) David Gfeller
##############
1.00000	151	2
A	1.2056178	2.9020206	0.5386031	0.5313626	1.7912008	0.8590867	1.8727298	0.3665671
C	0.8686718	0.6325774	0.5736513	0.7652180	0.7909572	0.7379462	0.4183403	0.4528929
D	0.3422909	0.3784099	0.3297996	0.6882782	0.3578421	0.5382613	0.6427451	0.1723836
E	0.4129671	0.3698499	0.3961538	1.5824165	0.3376281	0.7242474	1.9651772	0.1932233
F	1.6365707	1.0073841	0.9134735	0.6590294	0.5264390	0.3764033	0.6698178	1.3662923
G	0.4442975	1.4985160	0.3248682	0.4202480	4.1815452	0.9319494	0.7394380	0.2023931
H	0.6458875	0.4413673	0.4588875	1.0641660	3.6350669	2.4666031	0.9355922	0.2078616
I	1.0060598	0.4961566	0.3295394	0.6134178	0.5085499	0.4569619	0.6041551	1.1127587
K	1.2347271	0.4175180	0.3944709	0.9116797	0.5173917	1.8022410	0.7889413	0.2489885
L	0.7778266	0.6771176	0.5266762	0.9431264	0.7393303	0.4754042	0.4693640	5.8826918
M	1.2877776	0.6417388	0.3466224	0.6878104	0.8778789	0.7177693	0.6216467	2.4916396
N	1.1148490	0.4763649	0.4962373	1.2708881	0.4893441	1.6967607	0.8467913	0.1969294
P	0.4221618	0.3943250	8.8682399	0.5055050	0.3538036	1.2041101	0.3853338	0.1345151
Q	0.4903412	0.4696654	0.5840640	1.3917965	0.3745081	1.5035318	0.5814272	0.2444882
R	1.2738268	0.3619378	0.3857492	1.7784993	0.5891387	1.7928519	0.5056705	0.2740306
S	1.4438276	3.4282773	0.4659499	1.1246069	1.5956453	1.6815784	2.0486788	0.2445900
T	1.1475639	1.4209635	0.3829760	1.6719489	0.4382576	1.2158024	1.6926858	0.3674588
V	1.5140563	1.0697549	0.2864214	1.5403528	0.6831597	0.4696971	1.2896024	1.0132546
W	0.9272474	0.3345821	0.7681738	0.3583546	0.3429856	0.3070271	0.3775980	0.4194714
Y	2.3505871	0.4079818	1.9555375	0.9396112	0.5792596	0.4156572	1.3504459	0.4922654
