##############
# C0202 PWM for 8-mers
#
# Copyright (2018) David Gfeller
##############
1.00000	136	2
A	0.8063145	3.8323821	1.1215707	0.7637689	1.0445098	0.8274648	0.8068158	0.3780981
C	0.8321398	0.6845684	0.6067111	0.7601272	0.7660552	0.7736525	0.3486342	0.3995434
D	0.3534161	0.4499246	2.3044989	1.2953065	0.8519888	0.4765809	1.2439653	0.2391625
E	0.2900271	0.3833958	0.7200919	1.3054191	1.0073339	0.8740207	1.6665945	0.5050015
F	5.0806261	0.3543921	1.8128013	0.5643332	1.0854143	0.5832615	1.0058598	4.5699832
G	0.3956077	0.8732024	2.1688379	0.6903327	1.6713572	0.9238421	0.6119481	0.3272049
H	0.7644387	0.2921962	1.1289059	1.1060255	1.5558771	1.6975517	0.8975023	0.5092311
I	1.0373387	1.2373216	0.7994160	0.7371897	0.7108542	1.0541200	0.8346344	1.0252496
K	0.6458386	0.4320450	1.1264143	1.1088673	0.9911889	1.0624744	1.4773949	0.4204078
L	0.9170010	0.6468358	0.5225523	0.9304939	0.8881607	0.8362524	0.6503821	2.7566774
M	0.6260033	0.5610775	0.9194653	0.8364805	0.9819613	0.5572436	0.9896049	2.2741951
N	0.4333348	0.4364812	1.0065217	0.7687026	1.0439790	0.7394549	0.8814909	0.3660190
P	0.1648902	0.2535852	0.5324288	1.6969000	1.2788827	1.0272213	0.2111971	0.1459875
Q	0.4016554	0.6731046	0.7193688	1.0572830	1.1119155	1.1368228	1.2101486	0.2888222
R	0.3392475	0.3716302	1.1035986	1.2194850	0.6946446	1.8887490	1.3664349	0.3092924
S	1.0503042	2.0427034	0.6189145	0.9842156	0.8694074	1.0829970	0.9887426	0.3145959
T	0.6957055	1.8893476	0.6283895	1.1066176	0.9466641	0.8974138	0.9648402	0.7332558
V	0.9503275	1.2510709	0.5377137	1.0690975	0.8638132	1.4072461	1.0317579	1.0081142
W	1.8285461	0.3225754	0.4218545	0.8283006	0.8629066	2.3189013	0.9824987	0.6994153
Y	5.5702683	0.3651904	1.2159398	0.6912142	0.7559451	0.6057528	2.4739117	3.1280983
