##############
# C0304 PWM for 8-mers
#
# Copyright (2021) David Gfeller
##############
1.00000	486
A	0.6666837	4.0452085	1.3674453	0.3720103	1.3711400	0.5532959	1.4713004	0.3258829
C	0.1593359	0.2185124	0.1516491	0.5470593	0.5483558	0.5440535	0.4821035	0.1962643
D	0.2088357	0.2839480	1.0667226	0.9557232	0.4742261	0.2127242	0.8063218	0.0904378
E	0.1250600	0.1916071	0.4403177	1.5281952	0.3288814	0.5729007	3.0711173	0.1804571
F	7.1943129	0.5002174	1.8180980	0.5093325	0.5059643	0.6385097	0.6338724	1.2546737
G	0.1456408	1.0711584	1.4953729	0.4410153	5.3142715	0.2472649	0.3655569	0.0938933
H	0.6649267	0.1713380	3.9653696	1.0484567	1.3481907	1.9210794	0.6996076	0.1220035
I	1.2342831	0.9754089	0.8433000	1.0607139	0.4029479	1.1752726	0.8857136	1.0750546
K	0.2424298	0.2101420	1.0972617	0.7988700	0.4581322	1.7116721	0.6154235	0.1789006
L	1.4184618	0.4655556	0.6859211	1.0549443	0.2119559	1.3867121	0.6620264	7.1557367
M	1.0554778	0.3749279	0.6348133	0.4587911	0.4332288	0.8032278	0.8403828	2.1331406
N	0.3674629	0.7181596	0.9891613	1.1084036	0.7301169	0.8063700	0.3426127	0.1024961
P	0.0863530	0.4160373	0.2506742	2.6646126	1.7330729	1.9258740	0.5344543	0.0824697
Q	0.2573900	0.6028367	0.7813824	0.8295069	0.4666642	1.3247493	1.1570947	0.1294517
R	0.2250008	0.2018159	0.4691472	0.9033281	0.3994211	2.0952266	0.6819646	0.1318249
S	0.4247580	2.7557584	0.8338814	0.7712975	1.2640944	0.8588615	1.2685489	0.1208950
T	0.5786086	1.8935212	0.5742375	1.1232103	0.5171618	0.6417576	1.3248052	0.1902477
V	1.1632666	1.0053066	0.7050665	1.8115070	0.5541866	1.1097995	1.5864647	0.6619933
W	1.0393679	0.2778912	1.4712296	0.5520355	0.6921397	0.7016412	0.2894525	0.1798474
Y	5.6679419	0.3534561	2.3444576	0.4725571	0.3388210	0.4424281	0.8098173	0.4711527
