##############
# C0303 PWM for 8-mers
#
# Copyright (2018) David Gfeller
##############
1.00000	166	2
A	0.4397923	3.5953622	1.3365251	0.6271583	1.2916034	0.7113096	1.4185514	0.3919275
C	0.4789683	0.4777494	0.3202435	0.8683731	0.8408731	0.8282636	0.4997527	0.4259537
D	0.2946884	0.3646925	2.0314095	0.8705119	0.7360469	0.3510230	1.2747598	0.1657204
E	0.2999573	0.3639795	0.6027045	1.1001515	0.4925668	0.7421575	2.3190962	0.1834088
F	5.7909104	0.5965911	1.4819181	0.8268607	0.7133506	0.7292696	1.0204899	1.8376208
G	0.3821948	1.1285670	1.2078953	0.5071799	5.2134614	0.5949526	0.4329715	0.1958908
H	1.0916427	0.3027603	2.4687818	1.3287489	1.4529190	1.7707527	0.6405751	0.2091583
I	0.9703148	0.9045755	0.6592503	1.2523120	0.4272004	0.9477726	0.7387061	1.2732954
K	0.4546407	0.4186669	1.0048251	0.9504282	0.4351954	1.7053416	1.0205451	0.2350297
L	1.3517528	0.5859390	0.7437880	1.4163838	0.5031376	1.0483569	0.7971179	5.8583483
M	0.7634874	0.7580264	0.7334699	0.6003753	0.4943639	0.9369583	0.6187177	1.7995049
N	0.2807245	0.9350574	1.5807497	0.8057822	0.8755262	0.7546351	0.6991877	0.1891532
P	0.2776200	0.3719555	0.3273497	0.8083356	1.4471002	0.7452037	0.4160503	0.1280032
Q	0.3521181	0.7955941	1.0012959	0.9083868	0.5888888	1.1465347	1.0064703	0.2274621
R	0.5081333	0.5038018	0.7763972	1.2596475	0.5339853	2.8728539	1.1650233	0.2580952
S	0.5150995	2.4254145	0.7326676	0.7307894	1.0178226	0.8555535	1.0359270	0.2338068
T	0.4565761	1.5617394	0.5220903	0.9848158	0.4496156	0.7835154	1.1278381	0.3453557
V	0.8210971	0.8854891	0.6716436	1.7643751	0.5144159	0.8500395	0.8467026	0.7923235
W	0.8369927	0.3188187	1.6825791	0.7439315	0.3045526	1.1928380	0.3980887	0.4310852
Y	6.4791677	0.6066059	1.7608195	0.5449116	0.4688910	1.0510128	1.7766670	0.7622060
