##############
# C0302 PWM for 8-mers
#
# Copyright (2021) David Gfeller
##############
1.00000	287
A	0.7287555	4.4507285	1.2813491	0.4658257	0.5460571	1.1896641	1.3815600	0.3450789
C	0.2307844	0.3212161	0.2322772	0.6023324	0.6076166	0.5823913	0.5070124	0.2606583
D	0.1528596	0.2409557	0.2210616	0.4948890	0.2147159	0.5024368	0.6774446	0.1843809
E	0.1641617	0.2498846	0.3719060	1.3711605	0.2334064	0.9087941	5.1560560	0.1546286
F	6.7734810	0.6889587	2.4263080	0.5857969	1.8786977	0.7096037	0.2254739	2.6751207
G	0.3216038	1.1002046	1.0217340	0.3777421	0.5415153	0.4568059	0.3552169	0.1789462
H	0.4950795	0.2224966	2.5737341	0.9910429	2.2786967	1.4973055	0.9666345	0.7840743
I	1.3474183	1.3814166	1.0880909	1.3711720	1.2907013	0.8013667	0.6059503	1.4725625
K	0.2240489	0.3173499	0.6235947	0.6603664	0.3241593	0.5344462	0.5870650	0.1877783
L	1.8067164	0.5313404	1.1299898	2.1441365	4.2484218	1.1360278	0.5148799	4.6011184
M	1.2642639	0.5550149	1.0790296	0.4831323	1.0956666	1.3023290	0.5086122	4.0214311
N	0.2459885	0.4010956	0.5015128	0.8688512	0.2131725	0.5725079	0.3455937	0.1659483
P	0.1198105	0.2006655	0.3114662	1.5155754	0.4437689	3.3674622	0.4046554	0.1701305
Q	0.1817367	0.3788487	1.5819409	0.9347764	0.5837364	1.4343249	1.0528402	0.1927122
R	0.2269274	0.2280777	0.4388069	0.3844237	1.1118842	1.2982724	0.4917711	0.2786751
S	0.5687090	2.0365501	0.5474309	0.6187600	0.3190931	0.8814442	1.2159306	0.1849399
T	0.3548479	1.3370863	1.0976639	0.6704717	0.3596510	0.8441078	1.1388468	0.4012184
V	1.0834686	1.3298722	1.1613738	2.3497778	0.8076356	0.5489612	1.3620489	0.8795502
W	0.6806212	0.4146269	2.0793887	0.4271404	0.2465181	0.4258370	0.1867151	0.3061784
Y	4.8343653	0.2746502	2.4582058	0.7926911	0.4033613	1.0431183	0.3417307	1.6084059
