##############
# C0403 PWM for 8-mers
#
# Copyright (2021) David Gfeller
##############
1.00000	273
A	0.9287896	3.4255304	0.2697403	1.0519577	1.4387814	1.0198614	0.4505216	0.2568029
C	0.4449094	0.3276008	0.1366819	0.6353051	0.6586367	0.6790340	0.5690794	0.2770336
D	0.1826841	0.2266330	13.2785440	0.9854031	0.2503432	0.2313550	0.5983215	0.1285207
E	0.1899512	0.2714621	0.9025680	1.3774187	1.1210754	0.5339704	1.0452589	0.1420898
F	4.1524275	1.0673167	0.1555155	1.3323394	1.8770323	0.5966265	2.4807050	3.1313363
G	0.2299183	0.4903397	0.2748855	1.0262927	0.4704251	0.6894819	0.3150254	0.1333030
H	0.6536185	0.2090375	0.2990588	0.6664696	1.9640248	0.6281368	1.2067825	0.2763932
I	2.0561262	2.3424922	0.2045396	1.0865641	1.2309487	1.6969218	0.9751721	1.6731163
K	0.3308276	0.2626435	0.3182594	0.9587760	0.3270733	0.3168541	1.3295148	0.1738743
L	1.0752165	0.6499268	0.1315154	1.1115898	0.7485607	0.6425858	1.7920402	5.3507078
M	0.8928336	0.4341603	0.1730369	0.5989655	0.7015332	0.8452178	0.9528998	1.0623348
N	0.6227713	0.4429353	0.6566277	0.7824169	0.2662785	0.5004469	0.5761445	0.1488943
P	0.1394323	0.1914669	0.3502648	0.3912296	2.2547266	0.2745446	0.1521734	0.1702112
Q	0.3904569	0.3074693	0.3990120	0.7519453	0.7238335	1.6696312	0.8763218	0.1708346
R	0.2006896	0.2191000	0.2355605	0.7945607	0.5246012	0.3345336	1.3341559	0.2249519
S	0.6604224	0.9709620	0.3836753	0.8442326	0.7260449	1.0112248	0.6741541	0.1704399
T	0.8303470	2.7391649	0.2876396	1.2513671	0.8494353	1.5598501	0.5754635	0.2756021
V	3.0163317	1.9396766	0.1630732	1.5515915	2.1940297	4.0830130	0.9386302	1.4811597
W	0.3501979	0.2094927	0.3604621	0.4658440	0.7057524	0.4550169	1.2493103	0.2869983
Y	2.7633392	0.3108787	0.1676806	1.0205541	0.8357584	1.1636104	2.7808515	0.5480577
