##############
# C0401 PWM for 8-mers
#
# Copyright (2018) David Gfeller
##############
1.00000	720	1
A	0.7473682	0.3652752	0.1867894	0.7114959	1.6458830	1.1013233	0.5393619	0.1590805
C	0.3827118	0.1269848	0.0880717	0.5123529	0.5216811	0.5347904	0.4763256	0.1621518
D	0.3690352	0.3020552	12.9740072	1.2888376	0.3812416	0.4862613	0.7151737	0.0995610
E	0.2486642	0.1360375	1.2676618	1.8831846	1.0306158	0.8292114	1.6161596	0.2348136
F	3.5333757	9.0491915	0.1947053	0.5082431	1.4151187	0.3358829	1.0457748	3.8719488
G	0.2199081	0.2464988	0.2391108	1.1608696	0.8831715	1.5201697	0.5282776	0.1042786
H	1.2360731	0.1690881	0.5117102	0.9793557	3.9244989	1.0926470	2.0232065	0.1761350
I	1.7535224	0.3237293	0.1480412	0.8014936	0.6517779	1.2041698	0.5086406	1.2034855
K	0.5633452	0.1266073	0.2366012	0.8665998	0.7857685	0.8922858	1.9812262	0.2586098
L	0.9112049	0.6842958	0.1138328	0.6922733	0.3848253	0.7131918	0.9935387	4.6851701
M	0.9346134	0.8708588	0.2027713	0.8257735	0.8749143	0.9559629	1.1391932	3.6556118
N	1.3310405	0.5008444	0.8334639	1.3943126	0.6667120	0.8676424	1.1847520	0.1409699
P	0.0640890	0.1155633	0.4885217	1.4488262	1.1563379	0.4399109	0.1974725	0.0522137
Q	0.2728639	0.3070506	0.3291057	0.8211165	0.7302100	1.3017097	1.3707241	0.1581181
R	0.5043052	0.1335365	0.3051518	1.0678033	0.9583832	0.8092632	1.4581161	0.1789022
S	0.9912376	0.5967222	0.4995527	0.7917778	1.2261128	1.1354983	0.6755271	0.1232636
T	0.7674527	1.4332521	0.2165835	0.9186813	1.0758143	1.0187752	1.0651434	0.2514850
V	1.7629417	0.4246958	0.1580106	1.3357655	0.7464219	2.3457330	0.6663866	1.3323830
W	0.7003003	3.8379962	0.3321113	0.6005050	0.4008377	0.3692583	0.2908251	0.1907072
Y	3.6618323	6.5040924	0.2596746	0.4226929	1.6778811	0.5856394	2.4436668	0.6531216
