##############
# C0501 PWM for 8-mers
#
# Copyright (2018) David Gfeller
##############
1.00000	829	1
A	0.6167436	3.2373996	0.1585521	0.7169914	1.4171297	1.1421667	0.5338878	0.1292965
C	0.4380940	0.1619930	0.0731760	0.4167122	0.4293289	0.4510931	1.0014324	0.1519969
D	0.1272026	0.1103833	16.1405276	1.4615353	0.9508552	0.2922603	0.4898701	0.1231778
E	0.1054608	0.1140971	0.8072021	1.9115603	1.4649387	0.7973746	1.5433061	0.1178220
F	3.3760574	1.9741362	0.0678554	0.5532001	1.0221033	0.1737202	0.6508019	2.6047332
G	0.2686090	0.7428691	0.1450725	1.0926177	0.7213942	0.8104758	0.1905727	0.0710013
H	0.9027991	0.1023216	0.1256915	1.0841821	2.5852854	0.9348878	2.1161533	0.1088511
I	1.6512952	1.4167090	0.0649878	0.8763897	0.9996452	0.9981082	0.3296904	1.5483119
K	1.0390309	0.1816050	0.1520442	2.0585776	0.4646285	0.3136930	3.5956989	0.0849704
L	0.9898256	1.0781407	0.0703598	0.9331854	0.4802795	0.6392756	0.7719352	5.7385525
M	0.5685403	0.6510421	0.0818566	0.4384604	0.6523192	0.9505650	0.5148362	1.8183255
N	1.2316435	0.3982177	0.3064895	0.7890279	0.7338450	0.3683122	0.7872734	0.0707564
P	0.0779065	0.0715321	0.1264260	0.4080984	1.6607208	0.4845765	0.0716150	0.0460461
Q	0.1946105	0.9013807	0.1563200	1.0820218	0.9824901	2.5015941	1.4595858	0.0812485
R	0.5567552	0.1171935	0.1179396	1.2969690	0.4852191	0.5734188	2.6674817	0.1720523
S	1.6458400	2.2809137	0.2230708	0.7365207	1.1359294	1.9166145	0.6828141	0.0867121
T	1.0142911	1.5589576	0.1306991	0.7382171	1.0907917	2.0221530	0.8617668	0.1298100
V	1.8510864	1.1620068	0.0649521	1.0600444	1.1382527	2.5473146	0.5750048	1.6959093
W	0.6004043	0.6698710	0.1782446	0.4315348	0.4393413	0.2176308	0.5492725	0.1516841
Y	2.6717236	0.8415160	0.0762954	0.5215016	0.8290379	0.3446160	1.3348552	0.2325514
