##############
# C0602 PWM for 8-mers
#
# Copyright (2018) David Gfeller
##############
1.00000	146	2
A	1.0158365	1.2303802	1.3383003	0.7217400	0.7476314	0.6634620	0.4395933	0.4578527
C	0.8390823	0.3630288	0.5839287	0.5940130	0.5999507	0.5731241	0.8343838	0.4571380
D	0.3816109	0.3558996	0.5140078	0.9216227	0.4524634	0.5481427	0.5824202	0.1901417
E	0.4353273	0.4305189	0.3279451	0.6349369	1.3582524	0.7112707	0.7946208	0.2062717
F	3.4464770	0.6624215	3.0579259	0.3710354	0.8512465	0.4413104	2.1327092	1.5886842
G	0.4146896	0.9148044	3.8143792	0.7900343	0.5338901	0.5750097	0.3858648	0.2208318
H	1.0153520	0.3903205	1.5035915	0.8747269	2.4775077	0.6603920	1.3698976	0.2466706
I	0.8765499	0.7743785	0.3347458	0.7011032	1.7237138	1.0558676	0.9912357	1.8475622
K	0.5436597	0.8910827	0.6906526	1.1408525	0.5942515	1.1797318	1.3465335	0.2578509
L	0.7938049	0.6088496	0.5746817	1.6131593	1.3470749	1.2060257	1.8451179	4.0091988
M	0.7177542	0.6516922	0.7341511	0.7202571	0.6396505	0.5730248	1.2756117	1.7758626
N	0.7284969	0.6518221	0.9040746	0.5804786	0.5743910	0.9223648	0.6681909	0.2197092
P	0.1723311	0.4410432	0.6558095	3.3276793	0.7285179	0.6666376	0.1794295	0.1429100
Q	0.5199942	1.3361153	0.6178114	0.7664576	0.8946801	1.9816192	0.7732716	0.2486986
R	0.5843945	4.6454288	0.5148663	1.0509436	1.5086181	3.8572248	0.7574902	0.2701576
S	1.2846962	1.3305496	0.8905390	0.6660906	0.5747568	1.1012177	1.1492609	0.3925274
T	0.7692476	1.0921799	0.5969314	0.6966554	0.5517001	0.7243280	0.7023777	0.4729109
V	1.0827638	0.9444232	0.3805440	0.9549696	1.3673975	0.7305820	0.9784940	1.9159826
W	3.9699721	0.3838334	0.5059612	0.3003864	1.7883306	0.7940584	0.9909323	0.9480731
Y	5.0692489	1.2121686	1.8440232	0.6307913	1.0539828	0.3864082	2.4826962	1.6199700
