##############
# C0704 PWM for 8-mers
#
# Copyright (2021) David Gfeller
##############
1.00000	79
A	1.6560474	1.6827329	0.8365625	0.9455359	1.0193070	0.5165977	0.9018516	0.4449480
C	0.8517807	0.6420794	0.5891472	0.7456262	0.7439013	0.7716207	0.4506250	0.4917477
D	0.3509874	0.4325995	0.6086154	0.4159457	1.0878715	0.5899882	0.6459532	0.2201729
E	0.3834945	0.4515605	0.4623845	0.6270138	0.7738659	0.4702809	1.8722269	0.2559080
F	2.0606134	0.5260768	0.6527912	0.6288492	0.4675369	1.9282872	0.8681191	0.9167274
G	0.3975309	1.2424305	6.3273913	0.5913454	0.6089939	0.4003922	0.3516687	0.2293897
H	1.2274198	0.4309628	1.1443744	0.8932061	0.9149942	1.0985791	0.4448697	0.2996869
I	1.5103139	1.1154388	0.4222552	1.3463605	1.5365497	2.5320930	1.2745988	1.3726887
K	0.5135675	0.5220743	0.4387597	1.0469634	1.2622649	0.4875544	0.6541777	0.3235686
L	1.1688961	0.7720482	0.3688083	0.7222589	0.7805730	1.7414616	0.7746658	5.0400616
M	1.5849787	0.8678156	0.5771832	1.0392842	0.6539251	1.5427777	0.7089771	4.0329635
N	0.7005121	0.6850107	1.0454382	0.7314299	0.9357554	0.6691397	0.5001225	0.2584341
P	0.2765191	0.3193210	0.8793624	3.1926435	1.6691734	0.3857595	0.2989279	0.2048794
Q	0.6837198	0.8743828	0.5397144	0.7466657	0.6571819	1.0470401	0.8521530	0.3416644
R	0.3921767	0.7630267	0.3496491	0.6880627	0.9512386	0.3754800	0.9091142	0.3365205
S	0.6412452	2.0356853	0.8126426	0.6141800	0.7726459	0.5568005	0.7438205	0.3066767
T	1.4806557	1.3272714	0.5690740	1.1829364	0.8942351	0.7520241	2.0424623	0.5800862
V	1.6204366	2.1237958	0.4357445	1.9552192	2.0578912	2.3936017	2.7978951	1.1149725
W	0.5546556	0.3706892	0.3261236	0.9587104	0.3140671	0.4095525	0.3912473	0.4177116
Y	2.5965672	1.0792614	0.3911825	0.6979802	0.6628860	0.6889192	1.1399737	0.5480068
