##############
# C0702 PWM for 8-mers
#
# Copyright (2021) David Gfeller
##############
1.00000	191
A	0.8862622	0.4893456	1.5447495	0.4337902	0.7666235	0.4897988	0.4992989	0.3394398
C	0.7345026	0.3463304	0.5678549	0.6462970	0.6661550	0.6516130	0.2822594	0.2948791
D	0.3674744	0.2952937	0.3019182	0.5923818	0.3776387	0.7675080	0.8187825	0.2371139
E	0.3512912	0.4190139	0.3999171	0.6268019	0.9817621	0.7607242	2.2859957	0.2007746
F	2.9033288	0.4986849	1.0055204	0.6228168	1.7510877	0.9517750	0.5288255	3.6397399
G	0.2754379	0.2486716	1.7402430	0.4220940	1.1123404	0.3530299	0.6449385	0.1762766
H	1.2265370	1.8149828	0.8316148	0.4219130	2.9084357	1.2540664	0.8759688	1.0118485
I	0.9627095	0.2479248	0.5789033	0.9770268	1.6677511	1.6013388	1.3876172	0.8188345
K	0.9119961	2.1274850	0.3484792	0.4534313	0.7076575	0.7552144	0.7424252	0.2840446
L	0.7233732	0.2742231	0.4081044	0.6526488	1.0234436	1.5367250	1.0808414	3.7461343
M	0.8555763	0.3524503	0.3482273	0.3885445	0.5000577	1.0273682	0.7514441	2.1349103
N	1.7273588	0.4317255	0.7138716	1.3790139	0.5859304	0.9550714	1.0192439	0.2173409
P	0.1881219	0.2004004	4.7699866	6.7623170	0.9331686	1.5115893	0.2120343	0.2176963
Q	0.4144366	0.6427349	0.5402042	0.7043756	0.5882570	1.4548668	1.5598855	0.2403722
R	0.7570192	7.0651278	0.5718586	0.4010572	0.6775969	1.1839551	0.7361394	0.3005357
S	1.1617171	0.4953371	0.7332034	0.5518460	0.7742457	0.7573325	1.1495620	0.2283258
T	0.7020104	0.3402832	0.7921131	0.8593807	0.9080610	0.7335320	1.2584225	0.3711402
V	1.6278484	0.2722296	0.9599018	1.5482399	1.4761561	1.0637983	1.7993341	0.9117400
W	0.4735938	0.4205754	1.1896838	0.1960450	0.6158353	0.3076257	0.2550974	0.8323553
Y	4.6701724	4.6528182	1.5902984	0.6434726	1.1708862	1.8462296	0.6918938	4.5891645
