##############
# C0701 PWM for 8-mers
#
# Copyright (2018) David Gfeller
##############
1.00000	110	2
A	0.9251409	0.7799555	1.0002921	0.6274691	0.9601118	0.6161464	0.6952854	0.4410087
C	0.5643405	0.4081656	0.5597498	0.6832618	0.6701507	0.6796918	0.8032874	0.4415019
D	0.3628847	0.4678411	1.4358290	1.0785423	0.9392636	0.7091288	0.8237051	0.2048624
E	0.4496893	0.4866605	0.4815382	0.6265143	0.6878569	0.8818091	2.0188986	0.2259444
F	1.0851137	0.3867763	2.2423029	1.5124258	0.9449472	1.3390557	0.8415476	4.6266486
G	0.5677095	0.8389984	3.9803193	0.6414040	1.2839040	0.5471671	0.4833444	0.2472513
H	2.4001141	0.4494266	1.1028172	1.3814778	5.5763315	1.2682130	0.7572304	0.5307268
I	1.2991463	0.6566193	0.4349568	0.9405488	0.9852685	1.2270322	1.3620217	0.8665644
K	2.1916322	1.0777518	0.7319636	0.8203663	0.7739574	0.9192733	0.7607328	0.2719909
L	0.8132395	0.5509673	0.4835837	1.1744904	0.7529365	1.2958708	0.8044292	3.9008385
M	0.7897304	0.5218965	0.6281469	0.8072463	0.5659255	0.6862949	1.1571461	1.6166087
N	0.4858042	1.4915324	1.1133214	0.6541325	0.7894929	0.9033118	0.8385636	0.2467050
P	0.2175620	0.3399864	0.4071312	2.7642585	0.8181001	0.8947310	0.2294119	0.1443424
Q	0.5473249	0.8033091	0.5072993	0.5153445	0.8104469	1.1279029	0.8713083	0.2631318
R	2.4571293	4.0744964	0.5911527	0.7959869	0.5675058	1.6377732	0.8572002	0.3018206
S	0.7608975	2.0761214	0.8862864	0.6541861	0.8629578	0.7476455	1.5009041	0.2868577
T	0.7080447	1.7407115	0.6874360	0.5508139	0.7918949	0.8865544	1.2877074	0.3745146
V	0.8146973	0.7742396	0.5847519	1.5257607	0.9818287	1.2367017	1.5439030	0.6754243
W	0.5748930	0.4016006	0.5105588	0.3876308	0.4377000	1.0412641	0.4390871	1.3500556
Y	2.9036283	1.0641057	1.5811267	0.7162092	1.1802619	1.2203855	1.2983395	2.7734245
