##############
# C0802 PWM for 8-mers
#
# Copyright (2021) David Gfeller
##############
1.00000	1193
A	0.7873462	3.2887247	0.0911682	0.6049954	1.6473501	0.7921069	1.1829113	0.1501733
C	0.6468296	0.3065549	0.4093830	0.5602359	0.5686530	0.5643527	0.0774552	0.0983521
D	0.1477079	0.1570029	15.9865704	1.0103286	0.3870373	0.5429587	0.6037816	0.0438746
E	0.1719830	0.1027635	0.7774634	1.7025850	0.7762877	0.8353034	1.8870892	0.0859960
F	3.2170316	0.5765322	0.0525519	0.6977885	0.4498828	0.4734168	0.6091653	0.9854090
G	0.2020711	0.8962452	0.0931366	0.9076909	1.5151087	0.7550231	0.4048280	0.0452627
H	1.1057184	0.1090525	0.1019640	1.1385013	3.4358052	2.0193115	1.4882446	0.0563935
I	2.1904578	1.3859010	0.0685672	1.2242873	0.6532284	0.7273771	0.5171922	1.3488718
K	0.5691923	0.1356050	0.1085342	1.2801300	0.2217201	0.7313404	1.8331561	0.0856984
L	1.0857894	1.1607885	0.0528124	1.0688454	0.2778394	0.7201797	0.6074744	7.3344734
M	0.8367055	0.8626069	0.0899506	0.6278170	0.6972402	0.8057660	0.6896839	1.6195421
N	1.2903228	0.5201023	0.3249080	0.7997771	2.5934185	1.1722039	0.6830948	0.0498849
P	0.0666750	0.1552593	0.1820095	0.9832974	1.1162447	0.5537857	0.3225103	0.0858181
Q	0.2163891	1.2652893	0.1159547	0.8966592	1.0134744	1.6976826	1.8834909	0.0617092
R	0.3110812	0.0839962	0.0803699	0.7569437	0.2329674	1.3181730	1.2910240	0.0628463
S	1.4119836	2.3231413	0.1983260	0.7977783	2.3282168	1.8656539	1.3036894	0.0591088
T	1.0807675	1.7635260	0.1122157	1.1777261	0.9899254	1.9467175	1.2923262	0.1252141
V	2.1400039	1.3715894	0.0665131	1.5327388	0.7463440	1.4008400	1.3744038	1.4199968
W	0.5366048	0.3829219	0.0439886	0.3201168	0.1926661	0.4430999	0.3267227	0.2098852
Y	2.2703728	0.1238340	0.0562334	0.5835793	0.3623354	0.4091602	0.6735344	0.1453008
