##############
# C0801 PWM for 8-mers
#
# Copyright (2021) David Gfeller
##############
1.00000	100
A	1.0045903	4.4217507	1.8142877	0.7873896	1.3424765	0.6274308	1.4434760	0.6843180
C	0.8056200	0.6790115	0.6157783	0.6926438	0.7314045	0.7160322	0.3762055	0.4665955
D	0.3340110	0.6329151	0.7525275	1.0359644	0.4152212	0.4123344	0.7923422	0.2052937
E	0.3480294	0.4599664	0.5524921	1.5849571	0.4784067	1.0468446	3.5943688	0.2323317
F	3.2147050	0.3643295	1.3685188	0.6782201	0.5327963	0.5050041	0.5283914	0.9464634
G	0.3329891	0.7079849	1.9738606	0.6319723	1.7625446	0.4044234	0.5043787	0.2253886
H	1.1030109	0.3829085	4.1819586	0.8403078	2.2534609	1.8233033	0.4899274	0.2539207
I	1.3229874	0.6698588	0.4053489	0.8462339	1.2773783	1.2671435	0.6929231	1.8273189
K	0.6234644	0.4936506	0.4768813	0.7411645	0.4472281	0.6223644	0.6331980	0.2874501
L	1.2789299	0.4797577	0.5252369	0.6683134	0.6391531	1.8047293	0.7052417	5.0513165
M	1.2819713	0.5099750	0.4657804	0.7037042	0.8889393	1.0954350	0.7175530	1.2808032
N	0.9959397	0.6148885	0.7997881	0.9717536	0.9613520	0.7751507	0.5610050	0.2317976
P	0.2348854	0.8586928	1.5301213	2.8912077	2.6597553	2.3649414	0.4501457	0.3214487
Q	0.6163465	0.5712368	1.1582908	0.8668226	0.6534822	1.0405017	0.9522164	0.2844683
R	0.4711962	0.3933647	0.4146254	0.5230995	0.4648345	0.6007643	0.7820306	0.2905171
S	0.7989209	1.8154667	0.9828102	0.8675370	1.1427417	0.7101115	1.4693381	0.2908844
T	1.0512503	1.5534278	0.7574596	1.2324580	0.7179224	0.7718160	1.4990988	0.4565215
V	1.7586380	0.8532194	0.4995635	1.4798049	1.2746425	1.6184478	1.0350929	1.6217404
W	0.5587013	0.8139738	0.3764198	0.8255024	0.2851355	0.8247044	0.3191050	0.3693161
Y	2.7719183	0.4039264	1.1730554	0.7958582	0.4683459	0.4914393	0.6033010	0.5071403
