##############
# C1204 PWM for 8-mers
# Model trained on 9-mer peptides removing position 5.
# Copyright (2016) David Gfeller
##############
1.00000	248	0
A	1.1436491	4.6663243	2.0081270	0.9222098	0.9767514	1.2625618	1.2046747	0.5339531
C	0.3132026	0.4086551	0.5450169	1.1111367	1.1676322	1.1663517	0.3272899	0.2804513
D	0.3098824	0.2426901	0.2834796	2.5999446	0.5613724	0.6596009	0.6236012	0.1627268
E	0.7373045	0.2607795	0.3378506	1.9289009	0.5722212	1.4575582	1.6924916	0.1803981
F	2.7654624	0.5573821	1.3725929	0.2694101	0.8700417	0.2599001	0.8437343	5.0826679
G	0.2644085	0.6913805	0.7671377	1.5743973	2.7290740	0.8770112	0.9513153	0.1932891
H	1.1670091	0.2452444	0.3066470	0.4554096	0.4322446	1.2438949	0.7560161	0.7511283
I	0.9937304	1.3641521	1.4902238	0.5363152	1.0639878	0.5622868	0.7470362	0.4957958
K	0.8795233	0.3007886	2.0262511	0.3989782	0.5348910	0.4254333	0.4309786	0.2106974
L	0.9011854	0.6408242	0.3669697	0.3439183	0.7331986	0.4486954	0.3943197	2.2424627
M	0.6916503	0.5488309	0.7324323	0.4999148	0.3859438	0.6794165	0.5037786	2.4303800
N	0.5482009	0.2831025	1.3933748	1.4001648	0.4833858	1.9009121	0.8743421	0.3299998
P	0.1450304	0.1796541	0.1611229	2.8059535	1.0573603	0.7752233	0.3730558	0.2104455
Q	0.4900307	0.4664378	0.5236817	0.4789321	0.8001345	1.6534192	0.6715890	0.2095122
R	0.6274674	0.2608585	0.9148773	0.3434159	0.4423653	0.3395861	0.3038447	0.2237591
S	1.1517967	1.4128101	1.3996932	1.0263335	1.8162961	2.0811567	1.6279469	0.2768820
T	1.3260092	1.3347703	0.5200161	0.9164418	1.9910154	2.1766657	2.7837001	0.3638450
V	1.8016954	1.4240742	1.1783973	0.5918066	0.7882501	0.8854483	1.8354240	0.7734548
W	0.4468490	0.3210955	0.3778520	0.5035358	0.2832007	0.2592061	0.3083597	0.6957805
Y	3.4780347	1.9903225	2.9640106	0.3301990	1.0306690	0.8421861	1.5423433	7.6720489
