##############
# C1202 PWM for 8-mers
#
# Copyright (2021) David Gfeller
##############
1.00000	43
A	1.1834524	3.4853035	0.9985442	1.0362259	1.6591518	0.7982111	1.1799072	0.5173175
C	0.8877864	0.8021719	0.6102223	0.8027964	0.8191648	0.7389198	0.5570223	0.4946737
D	0.3460831	0.5065147	0.5077787	0.7836657	0.4627780	0.7563085	0.6304070	0.2969414
E	0.3813419	0.5564765	0.5267659	0.9537029	0.4305546	0.6141910	1.4314998	0.3509325
F	2.2448467	0.4832948	0.8767017	0.7495327	0.7956973	0.4458136	0.8331343	1.7184592
G	0.3936664	0.7424378	2.4777731	0.4775461	2.8909996	0.6557707	0.5116061	0.2873983
H	1.3104620	0.4686832	1.3956024	0.8638428	0.4475524	2.0851130	0.5160257	2.5229347
I	1.7622335	1.1031484	0.4273722	0.9537053	1.1146953	1.0658686	1.1324217	1.4719974
K	0.4247398	0.6089790	0.8864907	0.8455181	0.5234078	0.8418666	0.6263162	0.3930246
L	1.2097061	0.6183338	0.4159023	0.8074250	0.7851398	0.5420600	0.7567555	2.8693544
M	1.4964994	0.9702347	0.7668381	0.7131638	0.9418660	0.6322657	0.7553047	1.8138573
N	0.4346234	0.6021719	0.8345959	1.2465255	0.5873346	1.1071495	0.6620724	0.3950255
P	0.2894436	0.4369446	3.1160900	2.1222247	1.0995560	2.6202087	0.6393246	0.2438627
Q	0.4290356	0.7554650	0.9376156	0.5900234	0.4724860	1.1923287	0.8502104	0.4272291
R	0.3935320	0.4915507	0.8729354	0.5220355	0.5858632	1.2677281	0.5168439	0.4064542
S	0.7543783	1.8353739	0.7527600	1.0450101	1.2362335	1.2175420	2.0771929	0.3790359
T	0.9503140	1.4557034	0.7136800	1.7619278	0.8285158	1.2951858	1.4758664	0.5348964
V	2.3470570	1.1300577	0.4613677	1.8515671	1.1921971	1.2280187	2.0663100	1.6682117
W	0.6803645	0.3666181	0.5137578	0.3532648	0.4091640	0.3366172	0.4149510	0.7185936
Y	2.7964387	0.5052892	2.1703124	0.5557069	0.8233406	0.5743835	0.9033955	3.1399800
