##############
# C1203 PWM for 8-mers
#
# Copyright (2018) David Gfeller
##############
1.00000	183	2
A	0.9337265	5.6443937	1.2017805	0.4991011	0.5191721	1.0191588	0.9030548	0.4331026
C	0.3398750	0.5050460	0.5138564	1.1454755	1.1249220	1.1399788	0.3518566	0.4071252
D	0.3353604	0.3387777	1.3427111	0.9219249	0.5354593	0.5677381	0.8303115	0.1891127
E	0.3230843	0.3558341	0.5380379	0.7898991	0.9485998	0.7114833	2.2554088	0.2069272
F	4.8179885	0.6030629	3.1764394	1.2073796	1.0105472	0.4007172	0.8665081	1.8806394
G	0.4221010	1.0148041	1.3772984	0.7796377	1.0241790	0.6572472	0.3126164	0.2145998
H	0.7489027	0.2755842	1.9323348	0.9993069	3.2746205	1.7616678	0.8034297	0.3893315
I	0.9286513	0.3859656	0.4592876	1.2716061	1.2036948	1.2827022	1.5290389	1.3462764
K	0.6909322	0.4030526	1.7989053	0.5966732	0.7206222	1.4097211	0.8775375	0.2590115
L	1.0501040	0.3638095	0.4970219	1.2806673	0.6779137	0.7278845	0.7404659	2.6576207
M	1.0953947	0.4113929	0.9344039	0.6686677	1.3795205	0.5988829	0.7862047	3.9514790
N	0.9504509	0.4027737	2.0854285	0.6628124	2.3235743	1.1200028	0.6323057	0.3047080
P	0.1505609	0.2437038	0.3044813	1.8315811	0.9565933	1.0884847	0.2511742	0.1354120
Q	0.4520407	0.5179719	0.4672584	0.5773648	0.8135834	1.2985303	0.9268454	0.2542703
R	0.4526676	0.3387321	0.6344735	1.1930517	1.6220753	2.0533385	0.9366624	0.3975055
S	0.9826297	2.3385082	0.6446520	0.6782503	0.5137740	1.2968821	1.2027204	0.3363121
T	0.7365035	1.8472989	0.6056606	0.9697434	0.7333041	0.7160101	1.1515080	0.7395072
V	1.1245369	0.5676351	0.4423967	1.4378653	0.7675325	0.8665943	1.8235550	2.6264051
W	0.6477975	0.2911414	1.2120360	0.3453989	1.5062867	0.3007030	0.3372581	0.4856360
Y	4.3856899	0.3370117	1.5247141	1.2078202	0.7082049	0.7130687	0.9734675	2.6015096
