##############
# C1402 PWM for 8-mers
#
# Copyright (2021) David Gfeller
##############
1.00000	784
A	1.1255858	0.1212381	0.4650449	0.6724047	1.5510917	0.6627262	1.8753489	0.3114412
C	0.1198338	0.4241303	0.1063423	0.2833645	0.2811628	0.2752014	0.1165675	0.1199251
D	0.1436337	0.1958043	0.1585842	0.9089702	0.1927388	0.6466303	0.6384179	0.0735609
E	0.1232905	0.0840483	0.4013717	1.2000277	0.1673998	0.8292097	2.8963909	0.1209480
F	3.9575210	9.0456804	1.8932504	0.6729282	0.4110680	0.4226144	0.4531288	4.0740898
G	0.1822581	0.1223088	0.7022311	0.4693211	3.5896949	0.5021978	0.3093424	0.0749340
H	1.1064734	0.2451776	2.0606353	0.8852090	3.4396637	1.9645496	1.1946814	1.0906778
I	1.6806146	0.2009500	0.7511843	1.3407198	0.5454493	1.1120784	0.5463125	0.5413555
K	0.6545481	0.1073139	0.5388734	0.6298943	0.4697658	1.5809990	0.6580785	0.4527377
L	1.0151483	0.2369577	1.5146385	0.7567136	0.1906351	0.8883695	0.2825115	3.9662802
M	0.5331327	0.4528886	1.4560499	0.4051833	0.4123786	0.7986155	0.4288507	3.2498107
N	1.0806988	0.0972989	1.9153767	3.0008138	0.7502333	1.2512523	0.8546690	0.1166817
P	0.1156466	0.0549056	0.6970741	1.0997983	0.1723312	1.0789439	0.5166193	0.0598472
Q	0.2285564	0.1740678	3.6320418	0.8155105	0.7005860	1.3881936	1.7968918	0.2132994
R	0.6157326	0.0912841	0.8284487	0.4538830	2.0807183	1.9359082	0.2930889	0.2032867
S	0.9174027	0.1795047	0.9634759	0.7170748	1.1483994	1.7514135	1.9182772	0.2143575
T	0.6458015	0.3509975	0.8083533	2.0195147	0.8880550	0.9610143	1.1824159	0.2738232
V	1.9718741	0.2379976	0.7562519	1.7701722	1.2856892	0.5692974	1.3767927	1.0603278
W	0.7317988	0.7235565	0.3076568	0.6528516	0.2848556	0.4667928	0.4768527	0.3739378
Y	4.0349245	15.3081786	1.1144343	0.6991967	0.5167389	0.5531123	1.2211281	4.1433900
