##############
# C1403 PWM for 8-mers
#
# Copyright (2021) David Gfeller
##############
1.00000	427
A	1.2622337	0.2356516	0.5066842	0.8191291	1.7365690	0.8954787	2.1819539	0.2358256
C	0.1950188	0.4498741	0.1701360	0.3548465	0.3381417	0.3334207	0.1879629	0.1881406
D	0.1852065	0.1095845	0.3091724	0.6894278	0.1981865	0.7890367	0.7794631	0.1043737
E	0.1597154	0.1275704	0.4034689	1.1009637	0.2013329	0.9090307	2.8428497	0.1215869
F	3.6739444	8.5355270	2.5214428	1.0049003	0.4459128	0.4781156	0.5307048	3.8333896
G	0.1563636	0.1161647	0.5493470	0.2871056	3.6336572	0.4916251	0.3802826	0.1087283
H	1.1947784	0.3965133	1.6981900	0.1972172	3.1671930	1.5364440	1.4456401	0.5651529
I	1.7707982	0.2854064	0.9240416	1.6971253	0.6280737	1.1488586	0.5693611	0.7035761
K	0.3861886	0.1384934	0.5592644	0.2709657	0.3797000	1.3223019	0.4494585	0.2592658
L	1.0975526	0.3166687	1.7601162	0.9788611	0.1940230	1.0512222	0.3681576	4.1053874
M	0.8611657	0.2925524	1.9400566	0.5379662	0.3004236	1.0781147	0.6945673	2.9341796
N	0.8440486	0.1475683	1.8561537	2.6597200	0.5981521	1.1816868	0.8201604	0.1295125
P	0.1102659	0.0853030	0.3821898	1.0041280	0.1695239	0.9689738	0.5757440	0.0889436
Q	0.4003338	0.1424487	3.1528290	0.3950530	0.6757567	0.9406831	1.1659821	0.1486424
R	0.5654742	0.1413332	0.4573340	0.2496635	2.0449453	1.5705663	0.3264686	0.2152294
S	0.7166113	0.2028067	0.6821684	0.7715764	1.1254095	1.8962107	1.6986651	0.1410783
T	0.6742381	0.2673572	0.7723502	1.9817030	0.6785705	0.9381341	0.9980864	0.2322605
V	2.2806571	0.3242636	0.8262676	2.4651914	1.5374285	0.6977185	1.3910488	1.0634843
W	0.4322152	0.8934716	0.5275555	0.7974907	0.1534043	0.6275407	0.3293073	0.9487901
Y	3.7505935	14.9548660	1.3129172	0.6062138	0.3502577	0.4734564	1.1729452	4.8142054
