##############
# C1502 PWM for 8-mers
#
# Copyright (2018) David Gfeller
##############
1.00000	250	1
A	0.9602001	2.1008701	1.5613934	0.5642153	0.9541686	0.3458690	0.6023509	0.3463915
C	0.2850760	0.3764227	0.9893142	0.2479584	0.2743817	0.3313036	1.5969552	0.3759997
D	0.2300264	0.3001126	1.1797428	0.5802429	0.5630138	0.1824675	0.4647304	0.1443082
E	0.2678199	0.2800129	0.2806923	0.7855711	0.8525567	0.4563574	2.3907538	0.1578771
F	2.4070460	0.2817576	0.5492232	0.8485274	0.5056527	0.6521353	1.0205401	1.0059846
G	0.3487061	1.3990641	5.0685505	0.5158845	0.6668694	0.2805131	0.3105905	0.1657415
H	1.7413873	0.2296456	0.8095790	1.7191934	1.3885094	0.6674877	1.1429450	0.1597206
I	1.3945191	0.9499007	0.6094632	0.8009329	1.2618570	1.5843205	0.6230326	1.8620457
K	1.5886775	0.3224805	0.3497606	3.1246288	0.4329667	0.4106152	1.9189662	0.1954856
L	0.8697379	1.1167360	0.4054244	0.8134977	0.5690324	4.6621804	1.1768333	3.3586286
M	1.1148772	0.8748095	0.4086767	0.3884742	0.6859039	1.1985497	0.9482562	1.8376256
N	0.4836897	0.9398693	1.0380434	0.7980435	0.6164468	0.2702040	0.5935886	0.1632533
P	0.1394266	0.1785077	0.1641643	1.6307574	4.7689791	0.3720624	0.1586213	0.1119053
Q	0.3812690	0.6210061	0.3426122	0.8599926	0.8874102	0.3770654	1.1853017	0.1888359
R	1.9183659	0.2866851	0.3151854	1.9822232	0.8766971	1.3376177	1.5677036	0.2008704
S	0.7808539	2.8928177	2.4644763	0.5283446	0.8088410	0.3592774	1.0103703	0.2146684
T	0.7127080	2.9255547	0.7605543	0.9555709	0.4813475	0.4522812	0.8977820	0.3400256
V	1.3188646	0.9552964	0.5077177	0.8493077	1.0190367	1.2892609	0.7139489	4.1053305
W	1.0304817	0.2478441	0.2460041	0.5643938	0.8175462	0.2892449	0.6117143	0.3116069
Y	3.1717038	0.2723144	0.3508919	0.6220121	0.3929029	0.3397891	1.5194354	0.9181184
