##############
# C1505 PWM for 8-mers
# Model trained on 9-mer peptides removing position 4.
# Copyright (2016) David Gfeller
##############
1.00000	201	0
A	1.2987937	1.4241939	0.7827247	0.6120936	1.6197635	0.8339083	0.7811326	0.3263644
C	0.3192798	0.3811162	0.9688803	0.2738707	0.3878634	0.3555711	1.5981551	0.3729727
D	0.4880318	0.4191082	2.3460023	0.6804985	0.3721513	0.2702524	0.4847665	0.1656025
E	0.5935552	0.3688182	0.4341544	0.6167256	0.7144643	0.3122409	1.2724097	0.2322567
F	0.8178991	0.2744651	1.0354292	0.5859888	0.6464603	0.7206171	1.2032065	3.1504743
G	0.5982100	1.0976843	0.6752851	0.9749518	0.5048628	0.2848863	0.3078379	0.1892163
H	2.3850440	0.6675850	0.6907414	4.0202369	0.8212891	0.6163804	1.7702329	0.3394287
I	0.9429834	0.7299826	0.9742305	0.5430447	1.8582956	0.7997865	0.8129617	1.0321607
K	2.3564113	0.4581767	0.4689218	2.5536902	0.5719502	1.3497998	1.6376702	0.2812076
L	0.5036590	0.2907554	0.8187781	0.5849006	0.7771408	2.2227841	0.7237389	4.2913951
M	0.4254463	0.3786201	0.4178038	0.7905584	0.9069264	1.2407688	0.4686216	2.9844963
N	1.1032384	2.1389319	4.1124888	0.9768683	0.7108085	0.5613395	0.6858279	0.1921475
P	0.1896839	0.2692217	0.1745703	0.3012529	0.9723455	0.4091992	0.1781009	0.1788358
Q	0.8142277	0.5463067	0.5713623	1.1461156	0.9393716	0.7414769	2.1003503	0.2230538
R	1.4430932	1.4617979	0.3417686	1.8042783	0.7096560	2.1145030	1.0700321	0.3716549
S	1.9055755	4.4475569	1.7567899	0.9059249	1.2157512	0.9774018	0.9879535	0.2307562
T	0.9325516	1.9097543	1.3181368	0.9356927	1.4549629	1.7433162	1.4736956	0.3237146
V	0.7956148	0.6291702	0.5562296	0.8212718	2.0753456	1.2858625	1.0984184	1.4477677
W	0.3575086	0.2788987	0.6852578	0.3594070	0.2807668	0.3373025	0.3866360	0.4572502
Y	1.7218393	0.6353699	1.4323163	1.7614203	0.3559046	1.0239320	2.0105595	1.4423147
