##############
# C1601 PWM for 8-mers
#
# Copyright (2021) David Gfeller
##############
0.35832	478
A	1.1503032	5.0789746	2.8562833	0.5401643	1.4230965	0.2553669	1.1448243	0.2446605
C	0.6824967	0.4185429	0.5237252	0.6015732	0.6004720	0.5693302	0.1750844	0.1644928
D	0.1474611	0.1924509	0.4218550	1.0327264	0.2236987	0.2337327	0.4787711	0.1089397
E	0.2598612	0.1963774	0.3703482	1.8639349	0.5871082	0.4558093	2.7916072	0.1564171
F	5.1725433	0.2968024	0.7516682	1.0667074	0.5131020	1.1762870	0.6834055	2.9138709
G	0.2733415	0.8089339	1.0049442	0.4685455	4.7375379	0.3331426	0.2280898	0.1069269
H	0.5304844	0.1734554	1.2026802	0.8160528	1.2318633	1.4756050	0.3221386	1.0618496
I	1.2647482	0.9225395	0.4010318	1.1060180	0.3098240	0.8209582	1.1374982	0.9829243
K	0.7043738	0.2697007	0.6919234	0.8494897	0.1932038	1.3907113	0.6599374	0.6086037
L	0.9786110	0.3616071	0.5849435	1.2988223	0.3942313	1.1966049	1.1846264	2.8811504
M	0.7677093	0.3736370	1.4266218	0.6212227	0.7728501	0.6658614	0.7660337	2.5152304
N	0.7780050	0.6896974	1.1107117	1.1166535	0.4931203	0.5648533	0.3962280	0.2143844
P	0.1036003	0.1529907	0.3073286	0.9653081	3.2528338	0.1429314	0.4337879	0.0880112
Q	0.4156904	0.4508615	1.0440133	1.1259422	0.3849047	0.9743106	0.8288158	0.1599464
R	0.6775206	0.1769886	1.1067359	0.4669609	0.1528438	6.6145504	0.6536541	0.6424452
S	1.1013879	2.7504836	2.0037124	0.5307006	0.9329799	0.3423347	0.7275591	0.1424322
T	0.7050909	1.9029747	1.4505701	0.9817000	0.7292561	0.4141279	1.4963245	0.2190221
V	1.3262717	0.7358060	0.8000426	2.0209479	0.4712392	0.6319589	2.3345897	1.3924972
W	0.2690521	0.2790199	0.2909094	1.7154284	0.5540170	0.4550642	0.1630191	0.8890537
Y	3.7197244	0.2955335	0.5474469	0.6219940	0.2858679	1.1268514	1.2815765	6.9118989
