##############
# C1601 PWM for 8-mers
#
# Copyright (2021) David Gfeller
##############
0.64168	856
A	1.3439570	5.0485979	2.0032825	0.3704492	0.1203665	0.5611430	1.7868806	0.1814738
C	0.6626579	0.3411738	0.4750267	0.5794721	0.5390924	0.5653387	0.1105290	0.1170225
D	0.0941408	0.1252963	0.2352997	0.2599302	0.1191006	0.9961362	0.5348136	0.0610096
E	0.1151406	0.1293950	0.1998252	1.8309464	0.1868577	1.5515078	3.9348840	0.0702132
F	4.2525639	1.8090327	0.8604610	0.8339961	0.1220608	0.5604015	0.5180266	3.2962757
G	0.0988906	0.9120074	1.2401555	0.2753652	0.1074603	0.3344926	0.2912908	0.0789451
H	0.7446073	0.1180419	1.2767816	0.4710996	4.0259206	1.3016930	0.4028858	0.2340067
I	1.2971726	0.3441847	0.3970866	1.6795923	0.4338625	0.8905712	0.5583345	0.7995742
K	0.5825260	0.1397597	0.6018013	0.5809139	1.9255890	0.5055328	0.5077731	0.0844937
L	0.8487799	0.2551036	0.6606339	1.3669013	0.4776862	1.3943701	0.5352603	4.5716341
M	1.1481025	0.5676390	1.5188031	0.6095592	0.3911008	1.0318561	0.6210891	5.6734778
N	0.8292548	0.6221185	1.9747843	2.3343306	0.3324884	1.0392995	0.3577699	0.0741569
P	0.1089245	0.0954584	0.1072418	0.3385853	0.0745865	3.9346438	0.3108318	0.0735759
Q	0.3625947	0.8034542	1.1863422	1.2397515	1.8122019	2.1486224	1.5653980	0.0887409
R	0.3253590	0.1148709	0.2040608	0.3463805	9.3046428	0.2736052	0.1732071	0.0864135
S	1.2319719	3.5728322	2.8245300	0.8663677	0.1649675	0.5984778	1.3829857	0.0840983
T	0.8251249	1.0735919	2.2480772	1.8999401	0.2403170	0.7593777	0.9581240	0.1599225
V	2.0898333	0.3802586	0.4102302	1.8346263	0.2580691	0.6016088	2.2335700	0.9507181
W	0.3319553	0.6146187	0.7758865	0.1859275	0.1762844	0.2535287	0.5213563	0.4272170
Y	3.8667679	0.1857282	0.5855368	0.9221705	0.1801291	0.4020126	0.7140345	3.9661346
