##############
# C1701 PWM for 8-mers
#
# Copyright (2021) David Gfeller
##############
1.00000	274
A	1.4722491	5.5321833	3.8142958	0.7517320	1.3020067	0.5789555	0.5211774	0.2853155
C	0.7244644	0.5152687	0.5936111	0.6114318	0.6322232	0.6922302	0.2170917	0.2849882
D	0.2211513	0.2824147	0.7625620	1.0988889	0.4413498	0.2429260	0.6168407	0.1752080
E	0.2289954	0.2557897	0.2681871	1.2197143	1.7588470	0.3950760	0.9769125	0.1457144
F	4.3092031	0.2799524	0.5507555	0.4754688	1.1244744	0.4560395	2.3578373	0.8641142
G	0.9498297	0.5564839	2.9455691	0.8712551	0.7039375	0.3309941	0.2464611	0.1305363
H	0.7819573	0.2239362	0.7362745	0.7668090	1.6175484	0.4806845	1.4495019	0.1684319
I	0.7564450	1.2368774	0.5549222	0.5380392	0.9708017	3.6472355	0.9553123	1.0466939
K	0.6129406	0.2846753	0.3683876	1.8854815	0.5488721	0.3444024	1.0075773	0.2238002
L	0.7887546	0.9521811	0.3173755	0.6445559	0.5015201	2.1973058	1.5897824	7.2199599
M	0.6919412	0.4997934	0.2866712	0.5032427	0.3262632	1.0812245	1.1431459	1.3465155
N	0.5095589	0.3831264	0.5148549	0.6268238	0.3379357	0.7286870	1.0106480	0.1458985
P	0.2152373	0.2104601	0.6936923	3.6361786	4.5447543	0.3055903	0.2105022	0.1178376
Q	0.3680578	0.3867134	0.2699371	1.0332340	0.6170954	0.7071730	0.8798248	0.1837845
R	0.4673522	0.2314956	0.2333554	1.1290335	0.4371131	0.2527943	0.9587685	0.2843413
S	1.7313305	1.2657244	1.7517409	0.7363416	0.4669196	0.5691323	0.8121357	0.1672495
T	0.8881184	1.2687463	1.0115299	0.8238744	0.6346606	0.7063232	0.9630988	0.2713965
V	1.3489277	1.1757501	0.4825627	0.7566389	1.4564848	3.1633471	0.6823994	0.6864557
W	0.3540879	0.4234389	0.4276342	0.6356934	0.4147447	0.2044204	1.7616089	0.2487958
Y	2.9019182	0.3505359	0.6015407	0.4355126	0.4037090	0.2976810	3.6289108	0.4220524
