##############
# G0101 PWM for 8-mers
#
# Copyright (2021) David Gfeller
##############
1.00000	324
A	0.4851761	0.6134479	1.6800746	0.6407187	1.6703537	0.5237537	0.6017951	0.2603782
C	0.6532910	0.4234389	0.5338903	0.6073658	0.6235137	0.6677167	0.2233080	0.2502528
D	0.2595074	0.1583839	0.3416973	1.2359161	0.4247413	0.1471805	0.4879948	0.1316771
E	0.4802981	0.2068119	0.3605266	1.5735248	0.8134330	0.1612817	0.9209831	0.4312541
F	0.3177806	1.0557714	0.3789904	0.7235179	0.5803528	1.7109064	1.3491089	1.0271500
G	0.3483921	0.2564024	0.3211436	0.8600218	1.8103836	0.1795704	0.3566691	0.1228308
H	0.9655235	0.2682992	0.4477400	0.5969978	0.5658779	0.3407185	0.8459884	0.2481340
I	0.6854731	4.6460057	1.4245508	0.7720983	0.3575675	2.9274109	1.4135793	1.0160935
K	5.1765032	0.5300925	0.2814644	1.6252393	0.8415236	0.4714610	0.9593292	0.3993987
L	0.5926835	2.4712017	0.8958091	0.9069554	0.5097545	2.9312108	2.2545545	6.9074711
M	1.0830530	1.8601106	0.3917309	0.7486828	0.3393009	1.3456263	0.8981596	1.0007540
N	0.6334861	0.2351205	0.3176047	0.7667002	0.4751610	0.3700238	0.7179504	0.1449674
P	0.3609609	0.4603595	7.9854637	2.1006168	5.3686126	0.6404474	0.1908690	0.1107918
Q	0.6370536	0.5805107	0.3239728	1.1936908	0.5326704	0.5084119	0.9893313	0.1868900
R	3.5146216	0.5612406	0.1893503	0.9480363	0.3959767	0.3060865	1.0804648	0.4758636
S	0.7235234	0.6029735	0.7398345	0.8821695	0.9668514	0.2628970	0.8849092	0.1618410
T	0.8975422	0.7783507	0.3374889	0.9412039	0.6193891	0.5656926	1.1152511	0.3288939
V	0.5236374	1.2439307	0.8232228	0.9001721	0.6382952	2.5995248	1.4815114	0.6641743
W	0.1807437	0.2141196	0.1340072	0.3738316	0.1557917	0.8106822	0.6271776	0.2233686
Y	0.4756430	0.7555481	0.2948090	0.4795655	0.5264487	0.4904914	1.0851775	0.3113414
