##############
# G0103 PWM for 8-mers
# Model trained on 9-mer peptides removing position 5.
# Copyright (2021) David Gfeller
##############
1.00000	587
A	0.6891538	0.5016231	0.7807456	1.2358360	1.1624919	0.7389001	0.5599131	0.1704508
C	0.6429184	0.3474266	0.4827038	0.5798910	0.5872917	0.6192517	0.1313734	0.1724837
D	0.1741720	0.1275002	0.1351805	1.7963952	0.2251807	0.1464033	0.7587873	0.0741873
E	0.3191385	0.1607136	0.1566638	1.3576612	0.2229573	0.1683356	1.9245748	0.0852376
F	0.1268831	1.6139614	0.1715258	0.3752790	0.9325650	1.0819321	0.5212842	0.9456830
G	0.2315729	0.5310923	0.1476183	0.8380228	0.7345496	0.1967239	0.3016066	0.0778968
H	1.1326405	0.9465820	0.3284344	1.1314313	1.6220692	0.7093472	1.2558234	0.1002003
I	0.3559844	3.0862689	2.4061665	0.4174439	0.3558933	2.7990081	0.8184035	0.6954172
K	5.1118796	0.4279732	0.1552023	2.2034539	3.5193061	0.2082625	1.8878358	0.1069432
L	0.3270967	1.6360811	0.2967968	0.4780193	0.3281164	1.6776192	0.9922379	8.1731888
M	0.6396940	1.7216006	0.1976233	0.3496492	0.2426415	1.0450911	1.0300320	1.6449343
N	0.3852105	0.6359567	0.4212308	1.0559844	0.9901885	0.7060701	0.8197980	0.0855486
P	0.1458080	0.1191833	9.9340239	2.0476640	1.6175583	1.8275556	0.1360968	0.0701850
Q	0.7980783	1.3007991	0.1314465	1.2329500	0.6861027	0.6554278	1.6468735	0.1085685
R	4.1304908	0.4998231	0.1165236	0.6453030	1.5497183	0.2012767	1.6553460	0.1127525
S	1.3487105	1.0441661	0.3612035	0.8888095	1.0662443	0.5361423	0.7070034	0.0996756
T	0.7707373	1.2374951	0.5041804	0.9716168	1.2919304	0.9989681	1.3697135	0.1633929
V	0.9360845	1.6857538	1.6195058	0.5998734	0.6092830	2.9832760	1.4728391	0.5133603
W	0.1149419	0.2820716	0.0806742	0.1133023	0.6283008	0.3756668	0.2544901	0.1517398
Y	0.2105840	1.6850058	0.1853266	0.5825133	1.6402047	0.9066619	0.9452672	0.2100463
