##############
# G0104 PWM for 8-mers
# Model trained on 9-mer peptides removing position 5.
# Copyright (2021) David Gfeller
##############
1.00000	618
A	0.4640979	0.5171487	0.7269976	1.3067997	1.4264904	0.6472418	0.6074937	0.1460146
C	0.6347361	0.3446211	0.4808232	0.5808759	0.5910630	0.6178371	0.1299158	0.1651957
D	0.1916365	0.1201686	0.1500915	1.3045199	0.2118195	0.1030892	0.7491473	0.0713094
E	0.3281751	0.1713755	0.1472201	1.2538310	0.2654890	0.2112329	2.0526408	0.0817569
F	0.1218003	1.7037188	0.2369638	0.4002916	1.2245552	1.3134916	0.5397570	1.1680712
G	0.2171174	0.5077719	0.1377935	0.6830520	0.9028905	0.1395501	0.2662874	0.0746556
H	1.2402403	0.6453757	0.1603224	1.0859940	1.1918973	0.4671910	1.1937114	0.0966150
I	0.4154161	3.3430626	2.7903672	0.5193515	0.4194240	3.1019062	1.0442482	0.6893036
K	4.9632163	0.3042858	0.1475346	2.2865842	2.5602081	0.1228132	1.8420131	0.1026690
L	0.3388945	1.9570751	0.3539632	0.5790796	0.4366802	2.3939536	1.2425178	8.1700747
M	0.6653180	1.5025810	0.2023457	0.3454231	0.3499527	0.8194313	0.6745865	1.3076841
N	0.3717947	0.5456176	0.2160328	0.9118810	0.9680733	0.5091130	0.6554662	0.0823275
P	0.1376858	0.1413107	9.3987268	2.2336938	1.8143700	1.1096820	0.1293155	0.0672054
Q	0.6407151	1.0793911	0.1242607	1.2161183	0.6063167	0.3172324	1.2686961	0.1035280
R	5.1622308	0.7182138	0.2071011	0.8143789	1.4331688	0.1592407	1.3566125	0.1323637
S	1.1898968	1.2209946	0.3615579	0.9100043	1.1212215	0.3788960	0.7141206	0.0953749
T	0.6842544	1.1140339	0.5067252	0.8855975	1.3166386	0.8274712	1.2888112	0.1566892
V	0.6608529	1.4146991	1.7774234	0.6437894	0.6529826	3.1508468	1.5848881	0.5507647
W	0.1120079	0.2634837	0.0806443	0.2270194	0.4860408	0.4776527	0.5871423	0.1478861
Y	0.2477443	1.1628642	0.1809530	0.7454946	1.6962488	0.9208986	0.8623961	0.2081696
