##############
# A0101 PWM for 14-mers
#
# Copyright (2018) David Gfeller
##############
1.00000	309	2
A	1.1793181	0.6163086	0.9691995	1.0174400	1.1316387	0.9690848	1.0007371	0.7706818	1.0057516	1.1342333	1.0297091	0.7522981	0.7854960	0.2297779
C	1.6701269	0.9309348	0.5530367	0.9884930	1.0030512	0.9864123	0.9896359	0.9772736	0.9786382	0.9857477	1.0119874	0.9981205	0.9360700	0.2663866
D	0.8117760	0.2906211	4.8886459	1.2909570	1.1012997	1.8991706	1.3532690	1.9130835	1.9540237	1.3597178	1.2559164	0.7066244	0.5731549	0.1496823
E	0.8861769	0.4828657	4.9458832	1.1203934	1.1111161	0.8911140	1.3066600	1.2920132	0.9007017	1.6192400	0.5768754	0.9001587	0.8156082	0.2581744
F	1.2227607	0.2529361	0.3550264	0.5777573	0.9838827	0.6181948	0.8041948	0.6827899	0.6109136	0.6724903	0.5977854	0.9443736	1.0682924	1.2867786
G	0.5390083	0.5128793	0.4809192	0.9514942	1.5309884	1.3380056	1.7396593	1.6962983	1.7973411	1.5371073	2.3551983	1.4580937	0.4440106	0.2453250
H	0.5974905	0.2101724	0.2917272	0.3918592	0.6344892	0.6419492	0.8020059	0.8888459	0.6498973	0.7235993	0.6494746	0.7379909	0.9051185	0.6775733
I	0.6689770	0.7419020	0.3309247	1.4314412	0.8839494	0.7744454	0.6581810	0.5837657	0.4219568	0.5735667	0.6625321	0.5114993	0.5065054	0.2601374
K	0.5615620	0.3019202	0.4242087	0.7291080	0.4519137	0.8131450	0.6441640	0.8155170	1.0851578	0.9663021	0.6933816	0.6980580	0.9312219	0.3298019
L	1.2077675	1.0362736	0.2297634	0.8860084	0.9923469	0.7324259	1.0527034	0.9942345	0.7311068	0.7274057	0.6785860	1.1000245	1.9077325	0.4134812
M	1.3140671	0.8560397	0.5241758	0.3592649	1.1169526	0.4231933	0.5340580	0.5243044	0.5868900	0.6984411	0.9973344	0.4656405	1.3747056	0.5259184
N	1.5475688	0.4803317	0.5409508	1.1031269	0.7371227	1.3076279	1.0743457	1.2561804	1.1600918	0.4986465	1.0466695	1.8193790	0.9290658	0.2587886
P	0.2531286	0.2037175	0.3216645	1.7464159	0.7987287	0.8430692	1.0497417	0.6767238	1.0959020	1.0947501	0.2663117	0.1744877	0.1702154	0.1014881
Q	1.7431160	0.3908114	1.0402063	1.1108194	1.1062870	1.1759888	1.0079502	1.0784918	1.1324860	1.4159867	1.1202164	1.3443808	1.1790047	0.2250675
R	0.5549447	0.2709829	0.3107316	0.8726595	0.6321398	0.8872020	0.4604515	0.8901510	0.9026247	0.4874536	0.8400442	0.9848218	1.5443454	0.2732421
S	1.1713777	4.9843802	1.0156468	1.2567890	1.5895869	1.6414040	1.3845595	1.2052501	1.6830574	1.5719784	1.6033123	1.6326488	1.3827916	0.2105416
T	0.9139114	4.1351238	0.4610091	0.8043463	1.0163444	1.2651449	1.1722076	1.2075635	0.9744427	1.2178472	1.7808184	1.0245741	0.9632021	0.2106272
V	0.8439212	0.8857175	0.2832154	0.7797790	0.9380364	0.7616140	0.6503450	0.6359624	0.4408934	0.6368636	0.7751685	1.2038417	0.7412445	0.2771758
W	1.0789424	0.4758366	0.2172001	0.4788846	0.7614516	0.9809956	0.2510797	0.2432343	0.4851842	0.4910949	1.0245703	2.2864492	1.5734309	1.2803571
Y	3.1654342	0.4044484	0.8477263	0.8783465	1.1489541	0.8075784	1.1311972	0.9673477	0.9560517	0.9660282	1.3767305	1.3289271	2.3638656	23.1588438
