##############
# A0203 PWM for 14-mers
# Model trained on 13-mer peptides adding one non-specific position after P10.
# Copyright (2021) David Gfeller
##############
1.00000	41
A	2.0978038	0.6461144	1.5450545	1.0023210	0.7702796	1.0025065	1.0514689	0.8358013	0.8777690	1.0000000	1.0000000	1.5597450	1.1347336	1.6338391
C	0.9026893	0.6654751	0.8164505	0.8771987	0.9832323	0.9466604	0.9810564	0.9629797	0.9622265	1.0000000	1.0000000	1.0817340	0.8144069	0.7836215
D	0.5227252	0.2548092	0.3442683	2.8019763	0.5040482	1.2536924	1.1675024	1.0738062	0.4885877	1.0000000	1.0000000	0.6130554	0.6656310	0.3551339
E	0.5522401	0.2930415	0.3835888	1.5635944	0.8519051	1.1926229	0.7120264	1.1717851	0.6815786	1.0000000	1.0000000	0.8704780	1.4546636	0.3853323
F	1.1280217	1.0335879	5.1584494	0.3418077	1.1516173	0.7726237	0.4840560	0.4461231	1.3837647	1.0000000	1.0000000	0.7584468	0.8975472	0.6863608
G	1.3693399	0.2761774	0.6341131	2.5904210	2.0934499	1.0605233	1.6192218	1.7948318	1.1878288	1.0000000	1.0000000	0.7959781	1.0625298	0.4353991
H	1.7763886	0.3317220	0.6021619	0.5524304	1.6462955	1.3557411	1.2876866	0.5324538	0.9015728	1.0000000	1.0000000	0.5242545	0.6127702	0.3499880
I	0.7238156	1.7601177	1.2939661	0.3737681	1.6690983	0.8826804	0.8602731	1.0906322	1.1352102	1.0000000	1.0000000	0.8987001	0.7540952	1.7722604
K	1.0456682	0.3677481	0.6013076	0.6380996	0.6328305	0.9702141	0.7568008	0.9030909	1.3986117	1.0000000	1.0000000	0.6797285	0.8221310	0.4579602
L	0.6190017	4.2959432	0.8215448	0.4217825	1.4003632	1.1145376	0.9229532	0.5657609	1.2120074	1.0000000	1.0000000	0.7639080	1.1799102	1.4227187
M	0.6348904	2.7509842	1.0720564	0.4313466	0.8665396	0.7187748	0.6821501	0.6426561	0.7903365	1.0000000	1.0000000	0.7072136	1.0597164	1.0217712
N	0.8828095	0.2937459	0.4147812	1.2653714	0.7893348	1.1442001	0.9044797	1.5504966	0.5750079	1.0000000	1.0000000	0.9431680	1.3109778	0.6125519
P	0.3778874	0.2399846	0.5366807	1.9114378	0.5617617	1.1275683	1.6435713	1.1191783	1.8900989	1.0000000	1.0000000	0.6555073	0.3555762	0.5703975
Q	0.6075602	0.3768743	0.4149707	0.8430203	0.5146269	0.8715584	0.7692627	1.2072403	0.9657444	1.0000000	1.0000000	0.8256716	1.2748953	0.4256301
R	0.9347958	0.3766602	0.7699064	0.4843262	0.4493942	1.1201539	0.8678912	0.5585657	0.6150138	1.0000000	1.0000000	0.8948677	0.7677211	0.5717522
S	1.4476135	0.3582799	0.5451084	0.8100089	0.6854688	1.2111432	1.1187285	0.9918672	0.8339018	1.0000000	1.0000000	2.5423359	1.0594403	0.6810564
T	1.0283542	0.5664743	0.5382876	0.5879655	1.0476802	0.8226379	1.1299326	0.8458634	1.0743801	1.0000000	1.0000000	1.2184540	1.4464770	0.7393075
V	0.7848478	1.5717062	0.8333013	0.4124841	1.2388013	0.6571682	1.1155706	1.7024751	0.8685972	1.0000000	1.0000000	1.2990159	0.9307062	3.6131621
W	1.5973684	0.4687685	1.9585759	0.3074669	0.4283039	0.3810894	0.3506801	0.3409172	0.4487901	1.0000000	1.0000000	0.3786887	0.4757145	1.4990442
Y	1.3759533	0.6253648	3.0182722	0.3793013	0.6623289	0.5773264	0.5130019	0.4632262	0.9964120	1.0000000	1.0000000	0.5500474	1.2402958	0.5884367
