##############
# A0202 PWM for 14-mers
# Model trained on 13-mer peptides adding one non-specific position after P10.
# Copyright (2021) David Gfeller
##############
1.00000	79
A	1.7634566	0.5150057	2.5068024	0.5456911	0.8847207	0.8776129	1.0297049	1.1985150	0.8569803	1.0000000	1.0000000	1.5183295	1.1476301	1.2928448
C	0.8452384	0.5869438	0.8540626	0.8539275	0.9628736	0.9282663	0.9674562	0.9639452	0.9347782	1.0000000	1.0000000	0.9664825	0.7493803	0.6678336
D	0.4047943	0.2136680	0.3466618	3.7179403	1.1909659	1.9446042	1.4971310	1.2263645	1.2816194	1.0000000	1.0000000	1.1742689	0.5211037	0.3833163
E	0.4631754	0.2454174	0.4803118	2.3735395	1.8065948	1.2624810	0.9892400	1.5836550	1.0045724	1.0000000	1.0000000	0.9464056	1.0364220	0.3821150
F	2.1146303	0.9369670	4.0476893	0.2805830	0.6372134	0.5733828	0.4586668	0.5853981	0.6002062	1.0000000	1.0000000	0.8622509	1.2073853	1.1362390
G	0.8898191	0.2274345	0.4586453	1.1913552	1.2647027	1.3048824	1.2815782	1.4400988	1.0670422	1.0000000	1.0000000	0.7947572	0.9788662	0.3062878
H	1.0334288	0.2923561	0.4920647	0.5298502	0.9534448	1.7246485	0.9358554	1.2471756	0.7270718	1.0000000	1.0000000	2.0500069	1.8245136	0.3038376
I	1.0197033	1.5622190	1.0923265	0.3218551	1.2782999	0.8401263	1.0065048	0.8293559	1.0206559	1.0000000	1.0000000	0.8412155	0.5182712	1.5137853
K	1.3475678	0.3094307	0.6124648	0.7164539	0.5420762	1.3140459	0.9176454	0.9754643	1.3875175	1.0000000	1.0000000	0.5864052	1.2080382	0.3419885
L	0.6610806	5.2691030	0.8050740	0.2785001	0.9859463	0.6763837	0.9259717	0.6987770	0.8511619	1.0000000	1.0000000	0.5284224	0.8893792	4.1716748
M	0.6120152	2.2431719	1.2894062	0.3691246	1.2416143	0.7376606	0.6168080	0.5584972	0.7873149	1.0000000	1.0000000	0.5618360	0.6065825	1.6511862
N	0.5214885	0.2467025	0.5256359	1.3259209	0.7008537	0.8174362	0.8783175	1.1858553	1.4142083	1.0000000	1.0000000	1.7138042	1.1546135	0.2864610
P	0.3058058	0.2022845	0.4296484	2.2560213	1.1988480	0.9147133	0.7476797	0.4638346	1.3404437	1.0000000	1.0000000	0.6051892	0.3036163	0.2308154
Q	0.6462696	0.3141612	0.6690830	1.1887191	1.0974305	1.1384362	0.9338355	1.0176968	0.9675224	1.0000000	1.0000000	1.7431546	1.8163403	0.3402003
R	1.0773814	0.3215887	0.5017422	0.4880238	0.4409936	0.7778033	0.9254840	0.9718305	0.9913340	1.0000000	1.0000000	0.7188095	1.3837633	0.3299817
S	1.2893120	0.2917403	0.6505197	0.9845184	1.0807488	1.1984902	1.0441515	1.1521360	1.0168046	1.0000000	1.0000000	0.9281388	0.9178395	0.3855184
T	1.0913359	0.4710582	0.6403593	0.7447194	0.7744579	0.8731641	1.2819802	0.8939225	0.7741609	1.0000000	1.0000000	0.8852495	1.2658738	0.5037895
V	0.8013135	1.2129676	1.1248230	0.4208159	1.1261763	0.6765457	1.2326292	1.0259369	0.9651847	1.0000000	1.0000000	1.1147318	0.5992299	1.3871905
W	0.5580063	0.4232617	0.6087273	0.2558930	0.3395980	0.3313159	0.9605504	0.3392757	0.9573217	1.0000000	1.0000000	0.4280128	0.4656738	1.0416301
Y	2.7573377	0.7537711	2.3768323	0.3437337	0.6763191	0.6904749	0.6596089	0.6803566	0.6671578	1.0000000	1.0000000	1.8115381	1.8650392	0.5726064
