##############
# A0205 PWM for 14-mers
# Model trained on 13-mer peptides adding one non-specific position after P10.
# Copyright (2021) David Gfeller
##############
1.00000	58
A	1.6394609	0.6398855	1.2739714	0.9343658	0.8793266	0.9161426	1.0684740	0.9875856	1.0628283	1.0000000	1.0000000	1.4453770	0.9844802	2.0101240
C	0.8699153	0.6357041	0.8702367	0.9120199	0.9287641	0.9702195	0.9774355	0.9484923	1.0045635	1.0000000	1.0000000	1.0154136	0.7959827	0.7099651
D	0.4716979	0.3339434	0.3289705	2.6836711	1.8460561	1.0867190	1.1908003	1.1212310	0.5182090	1.0000000	1.0000000	0.5143990	0.7152532	0.7131778
E	0.5109710	0.4383889	0.4482831	1.0666363	1.3881065	1.1357923	0.7698138	0.7301887	0.8246925	1.0000000	1.0000000	0.8676564	1.0946855	0.6589222
F	1.5150612	0.6699860	3.0074537	0.7951946	0.9207814	0.4829066	0.6835293	0.8616092	1.1414629	1.0000000	1.0000000	0.7626199	0.7459525	0.6696224
G	1.0635178	0.3001159	0.3634637	1.4601007	1.2754663	1.0374271	1.9017309	2.5246230	0.7217240	1.0000000	1.0000000	0.7490925	0.7227202	0.4528121
H	0.5847921	0.3536232	0.4321473	0.5092088	1.1442412	2.3770816	1.1179235	1.3661728	0.7756769	1.0000000	1.0000000	2.0354621	0.8556444	0.3805015
I	1.0692529	2.3373155	2.8506050	1.0367843	0.9431660	1.0712357	0.8479392	0.8927304	1.7925826	1.0000000	1.0000000	1.4584573	0.8706607	1.6356815
K	1.2326297	0.4786256	0.4967335	0.6715121	0.8215524	1.1334710	0.7899425	1.0873157	0.6626140	1.0000000	1.0000000	0.5933909	1.2173416	0.6033360
L	0.7257432	1.6577771	0.9510198	0.5256960	0.8217792	0.9159861	1.0805521	0.8932327	1.1195114	1.0000000	1.0000000	1.0187779	1.3532908	2.0465642
M	0.6655407	1.0729811	1.3546476	0.5124632	0.8543266	0.8942082	1.1461476	0.6313771	0.7624848	1.0000000	1.0000000	0.7633302	1.0301290	0.9794371
N	0.9187871	0.3902757	0.3609574	1.9067469	0.8378904	1.3720593	1.3333589	0.7886806	1.2301771	1.0000000	1.0000000	1.0807806	0.9603219	0.4289716
P	0.3371231	0.2631368	0.8463392	1.8597526	1.0878886	0.9210083	1.1130194	0.8843991	1.6857374	1.0000000	1.0000000	0.5116216	0.3305972	0.3057330
Q	0.8664035	1.6949701	0.3723046	0.5528910	0.9260134	0.6303263	1.0289894	0.6914435	0.9948202	1.0000000	1.0000000	1.3429587	2.2217570	0.4668281
R	0.8372214	0.5683081	0.3498817	0.5887752	0.7817102	0.5643891	0.6404207	0.7829280	0.6107060	1.0000000	1.0000000	0.7755019	0.7827863	0.7083995
S	1.2311709	0.5361850	0.5671229	0.8105430	1.0338311	1.2828265	0.6501020	0.5964512	0.9852804	1.0000000	1.0000000	1.1567766	1.0068537	0.7699415
T	1.3856397	0.9112695	0.7100264	0.7117580	0.5990678	1.1426941	1.3238901	0.9122015	1.3730072	1.0000000	1.0000000	0.7836014	1.3704851	0.7580134
V	0.9066622	3.9253086	1.9788875	0.7602687	0.9724987	0.9392336	0.7310503	1.1602239	0.9586965	1.0000000	1.0000000	1.5387174	1.0636412	1.7505157
W	0.5606444	0.3670645	0.5747181	0.3125534	0.3992136	0.3468330	0.3552943	0.3635984	0.3719872	1.0000000	1.0000000	0.3944579	0.4013332	2.0961567
Y	2.4371113	0.5438594	1.9034606	0.4527254	1.0538188	0.5578935	0.5033769	0.5342054	0.5813274	1.0000000	1.0000000	0.8664413	0.8072129	0.5559107
