##############
# A0204 PWM for 14-mers
# Model trained on 13-mer peptides adding one non-specific position after P10.
# Copyright (2021) David Gfeller
##############
1.00000	181
A	1.5623743	0.3736857	1.0327740	0.8641792	0.9870816	1.1009140	1.0606853	0.7672924	1.0000000	1.0000000	1.0000000	0.7536260	0.9054763	0.7745853
C	0.7918690	0.4698460	0.7742003	0.8863474	0.9330312	0.9484779	0.9334189	0.9765098	1.0000000	1.0000000	1.0000000	0.9667142	0.7176649	0.5744381
D	0.3133556	0.1639776	0.3002708	4.2179601	1.4652590	1.2460031	1.4731794	0.6204634	1.0000000	1.0000000	1.0000000	0.3328322	0.3833635	0.1695654
E	0.3439124	0.1938361	0.2976461	2.8527735	1.5510286	0.9984859	1.4076928	0.7149604	1.0000000	1.0000000	1.0000000	0.5091135	0.8537806	0.1898255
F	1.5835069	0.7381873	3.1451698	0.3243963	0.9730715	0.5734317	0.6882956	0.7989414	1.0000000	1.0000000	1.0000000	1.5446004	0.8669154	0.9213444
G	1.5961357	0.1675005	0.4073685	0.6604677	0.6199033	1.7495586	1.5181545	0.6839263	1.0000000	1.0000000	1.0000000	0.2940959	0.7590451	0.2445827
H	0.7479943	0.2117416	0.2915648	0.9179395	1.1501483	0.4625816	0.8911443	0.5460536	1.0000000	1.0000000	1.0000000	1.9099272	1.9948816	0.1933827
I	0.7955951	1.6004897	1.6526872	0.3165338	1.1376676	0.9050543	0.8303871	1.6762575	1.0000000	1.0000000	1.0000000	1.2792851	0.5059306	1.7560218
K	1.5389083	0.2371444	0.2736795	0.5039536	0.7611265	0.5929055	0.8891507	0.7083076	1.0000000	1.0000000	1.0000000	0.5935102	1.2958287	0.2284796
L	0.7667225	5.8138891	2.9485778	0.4034624	0.9055651	0.6041044	1.0038642	2.6146623	1.0000000	1.0000000	1.0000000	2.0307558	0.8768954	3.9685524
M	0.9494738	2.2939082	1.4839270	0.3030988	0.6974997	0.6349897	0.4369671	0.7926076	1.0000000	1.0000000	1.0000000	1.3841735	0.9564659	1.0209381
N	0.5620627	0.1880977	0.8039620	1.1793431	1.0218367	0.7389981	1.0612051	0.7044597	1.0000000	1.0000000	1.0000000	0.6932696	1.0822874	0.1927611
P	0.2230087	0.1499606	0.2430760	1.9027106	2.0373290	2.6473542	0.8250843	0.9479588	1.0000000	1.0000000	1.0000000	0.9389964	0.3043117	0.1601262
Q	0.5552565	0.5584679	0.8184667	0.8118865	0.8799694	0.6870897	1.2885880	0.6459694	1.0000000	1.0000000	1.0000000	1.1160077	2.0609441	0.2248413
R	1.6385712	0.2420246	0.2587553	0.3504061	0.5254261	0.4379780	0.6733015	0.7407048	1.0000000	1.0000000	1.0000000	0.5592025	1.6927047	0.2228670
S	1.3881271	0.2185941	0.5877694	1.1073928	0.6319882	1.5621129	1.0343357	0.5341498	1.0000000	1.0000000	1.0000000	0.4202811	1.4921456	0.2514914
T	1.2692419	0.3540030	0.5490182	0.5874038	0.7523918	0.9732220	0.8268910	1.1066408	1.0000000	1.0000000	1.0000000	0.7393359	1.5815440	0.3998930
V	0.7239225	1.3109591	0.7861319	0.3339147	0.9661911	0.7343371	0.7401181	1.2718375	1.0000000	1.0000000	1.0000000	1.8308698	0.6328369	3.7145952
W	0.6334039	0.2963999	2.9304485	0.2037081	1.2305404	0.2420480	0.5829566	0.2690373	1.0000000	1.0000000	1.0000000	1.2913273	0.2875757	0.2793092
Y	1.2394407	0.4007916	1.0656473	0.4006652	1.0875789	0.8868663	0.9253951	0.6034090	1.0000000	1.0000000	1.0000000	1.6474666	0.9946041	0.4053859
