##############
# A0207 PWM for 14-mers
# Model trained on 13-mer peptides adding one non-specific position after P10.
# Copyright (2016) David Gfeller
##############
1.00000	14	0
A	1.0985860	0.6550571	0.6633542	0.9548508	1.3271288	1.2623807	0.7374493	1.6236358	0.8056246	1.2366297	1.0000000	1.2867423	0.8436847	0.6191711
C	1.1083618	0.8244993	0.8596245	1.0402473	1.2065813	1.1549268	1.0691608	1.3102152	1.0389478	1.2286725	1.0000000	1.1961854	0.9949335	0.8076424
D	0.5740509	0.3188395	3.9299760	4.0064087	1.0604570	1.2117936	1.3441974	1.1070319	1.1549951	0.5886504	1.0000000	1.2120461	0.6307609	0.3510893
E	0.5119887	0.3304923	0.9584366	1.6208578	0.6452591	0.7013292	1.6362958	0.5720356	0.6749559	0.5836141	1.0000000	0.6921093	0.9647508	0.3836736
F	1.2701207	1.1613988	0.4766417	0.4099529	0.6091386	0.4382574	0.5683379	0.6735766	0.5293439	0.5925774	1.0000000	0.5571967	1.3632843	2.8796159
G	0.5971891	0.9396148	0.6218026	0.6510457	0.6154366	3.0170337	1.1264689	0.6921656	2.8858314	2.3800981	1.0000000	0.6710758	2.2766306	0.9767961
H	0.4610276	0.4159800	0.5586144	0.5655190	1.3593876	1.4177963	0.5594998	0.4725555	3.2188815	0.4660904	1.0000000	1.4559181	0.5958106	0.4267496
I	1.6999180	1.8924700	0.6560174	0.7035648	0.9170937	0.5188651	0.8990273	1.4291979	0.5014715	0.7898604	1.0000000	1.3049437	0.7543557	1.2190343
K	0.6761407	0.4299711	0.7136175	0.8346193	0.6520165	1.3486579	0.8067760	0.6195886	1.3031470	1.2945368	1.0000000	0.7773672	0.7145737	0.7833611
L	0.9325984	3.0627536	0.8195818	0.4879939	1.3907050	0.4633031	1.3098165	1.2066018	0.9258217	1.3271348	1.0000000	0.7567416	1.1238510	2.7770435
M	0.9987414	2.2538823	1.2977622	0.5992775	0.9997221	0.6225422	0.9043366	2.1783728	0.7385752	0.9563915	1.0000000	0.8703119	0.9241001	2.6900806
N	1.1967616	0.3761102	1.5254141	1.0550133	0.6464318	0.9408125	1.2526449	1.1923298	0.8869269	0.7587955	1.0000000	1.8132390	0.7300603	0.4233298
P	0.3246214	0.2304188	1.4947261	0.9371865	2.0656013	0.3649856	1.4777355	0.3367672	0.8981313	0.3458872	1.0000000	0.3291493	0.3120230	0.2302415
Q	0.5702357	0.4137711	1.0656293	0.7979808	0.9814761	0.7113535	0.7800174	0.5842666	0.7002733	0.6468867	1.0000000	1.0716289	1.4573668	0.4685897
R	1.0404250	0.4454275	0.6128672	1.1010606	0.5873545	0.7761959	1.1073205	0.5603585	0.7728051	0.7426792	1.0000000	1.1361423	0.6527810	0.5598277
S	1.1486707	0.4468315	0.8005745	0.9040292	0.9844079	1.6529072	0.9608125	1.1511192	0.9760282	1.5728593	1.0000000	0.9016035	1.0462078	0.4779110
T	2.1472484	0.6211911	1.0190332	1.3421274	0.7428868	1.1481215	0.6955233	1.4805272	0.6272461	1.1584554	1.0000000	1.4262745	1.3624554	0.5783875
V	1.5140110	1.4425242	0.7716443	0.5877721	1.1653104	0.7239963	0.6850875	1.2466968	0.4686956	0.9129693	1.0000000	1.3018828	0.8793273	0.9592744
W	0.5889635	0.7574237	0.4219053	0.4241449	0.4794536	0.4948886	0.4807399	0.5341192	0.5257586	0.5244723	1.0000000	0.5058217	0.7504684	0.8317493
Y	0.7476553	1.5028774	0.4855008	0.4631899	0.6501381	0.5751363	0.5328504	0.5976146	0.7558529	0.5475392	1.0000000	0.6557020	1.5397745	1.1297134
