##############
# A0201 PWM for 14-mers
#
# Copyright (2018) David Gfeller
##############
1.00000	168	2
A	1.3422657	0.5075598	1.1974863	0.5919765	1.1638215	0.9302143	1.0329063	1.0124926	1.1662737	1.2234761	0.9681296	1.2480409	1.3135508	1.6633235
C	0.8966929	0.5840439	0.8555770	1.0273551	1.0999022	1.0944336	1.0820224	1.0783664	1.0995304	1.0946610	1.1001608	1.1240039	0.9242638	0.6757745
D	0.2994589	0.1827065	0.8497904	3.4116982	1.4423821	1.7619002	1.6817069	1.2958772	1.5661942	1.4584114	1.0435964	1.1063345	0.8302423	0.3992593
E	0.2978453	0.1990909	0.4211285	3.2988507	1.5139021	1.6537061	1.2185957	1.5244766	1.2903044	1.6508105	1.2777110	1.3664775	1.2306494	0.3804986
F	3.2794791	0.6393306	3.4632603	0.2306906	0.8143415	0.7645963	0.7323385	0.6954421	0.5894963	0.5732374	0.8059561	0.6650697	0.9258225	0.9281415
G	1.5113084	0.2783091	0.3067164	1.9138124	1.6427299	1.4434088	1.6611649	1.3623674	1.6372417	1.4489615	1.1488378	0.9428028	0.6990185	0.3823456
H	0.4665338	0.1994352	0.4765769	0.4847573	0.4679451	0.4589114	1.1051538	0.5993633	0.5643997	1.0922111	0.8281219	0.9462253	0.7169585	0.2359905
I	0.9843203	1.3171531	1.0477379	0.3378014	0.8319261	0.8208726	0.4506824	0.6952424	0.5606532	0.6036972	0.7585977	1.3972634	0.6910015	1.0877808
K	0.9262108	0.2539094	0.6720194	0.6640536	0.8723000	0.8960669	0.9570219	0.9704054	0.8316700	1.1369485	1.1650978	0.6841424	0.7277180	0.5997425
L	0.7647453	5.8854063	1.4379852	0.4290909	0.9803578	1.0393186	0.6511303	0.9373834	1.3630378	0.8185035	1.3203331	1.1671398	1.6421331	2.6017698
M	0.9426335	1.8024749	2.1398606	0.4722939	1.0362384	0.7609333	0.4237495	0.4620569	0.6448822	0.4523989	0.9380974	1.2452489	0.8556262	1.8956717
N	0.5412403	0.3706653	0.4008700	0.9757550	1.1750618	1.2901821	1.6347738	1.0931589	1.0113391	0.9608949	0.8261370	0.8853399	0.9962783	0.5307630
P	0.1772375	0.1338205	0.3621745	1.1582826	0.8727614	0.7391573	1.2162106	1.5520724	1.1413387	0.9491366	1.2775803	0.7277655	0.5348160	0.2377420
Q	0.3238043	0.4075884	0.8871800	0.8528342	0.9884309	1.0912011	1.4093921	1.1696813	0.9812432	1.0229062	0.9875872	0.8842135	1.4036281	0.3803499
R	0.6397677	0.2727985	0.4065831	0.4783187	0.3889915	0.5478798	0.4906555	0.9124205	0.8174380	0.6432370	0.6294143	0.5105549	0.7648990	0.3149826
S	1.7716497	0.2569128	0.6370017	0.9193805	0.7285921	1.0030145	1.0174870	0.7763971	0.8783221	0.8711444	0.8219576	0.6540283	1.0719356	0.7139066
T	0.9360953	0.4865670	0.6228315	0.8303483	0.8394756	0.9783365	0.8554129	0.7731633	0.6565528	1.3436064	1.0865781	0.9687697	1.6111162	0.7531888
V	0.9665976	0.9659257	0.7920459	0.3509584	0.7894335	0.7375005	0.8870545	0.6669083	0.8516028	0.7536490	0.7532402	1.1818725	0.6567780	2.4734860
W	0.9427802	0.3691939	3.8977537	0.2606290	0.7762960	0.7329594	0.3126981	0.7533982	0.7161792	0.3162858	0.7569548	0.7644110	0.3699543	0.3562460
Y	2.5647487	0.4049149	3.0044757	0.2766264	1.3485469	0.6055035	0.7324830	1.2119434	0.4695050	0.7243020	0.9958387	1.1176789	1.1382999	0.6599513
