##############
# A0211 PWM for 14-mers
# Model trained on 13-mer peptides adding one non-specific position after P10.
# Copyright (2021) David Gfeller
##############
1.00000	60
A	1.0506176	0.7011562	1.3910371	0.6908418	0.8374303	0.8753738	1.0786509	0.9919565	0.9418798	1.0000000	1.0000000	1.1018377	1.2457101	1.2225261
C	0.8205200	0.6304651	0.8118541	0.8276969	0.9851313	0.9095946	0.9622848	0.9375299	0.9764380	1.0000000	1.0000000	1.0013543	0.7898175	0.7170056
D	0.4532826	0.2601859	0.4892318	5.0719447	0.5963724	2.0618324	1.4536269	1.1125181	0.9528325	1.0000000	1.0000000	0.5919515	0.5599127	0.4659177
E	0.5420898	0.2985708	0.4130004	2.1799603	0.7590179	1.5505458	0.7078630	1.3697206	0.8742189	1.0000000	1.0000000	0.7991435	1.3410236	0.3471385
F	1.4799170	0.8941898	2.0768907	0.3032652	0.9404857	0.3756484	0.6292928	0.3938807	1.5541346	1.0000000	1.0000000	1.1393556	0.9206047	0.9431185
G	0.5752006	0.2754851	0.4063059	1.0176431	0.6443397	1.5586502	1.0222917	1.6985859	0.5521098	1.0000000	1.0000000	0.8036015	0.9996214	0.3458453
H	0.8824575	0.3198103	0.5192796	0.5723734	0.7015955	1.1510636	1.3878370	0.8347835	0.7938970	1.0000000	1.0000000	1.7315509	0.8512651	0.3389115
I	1.1025340	2.1894276	1.2011319	0.3329105	1.5951204	0.6166792	0.6168505	0.5934100	1.4411840	1.0000000	1.0000000	1.6104429	0.6649916	2.1108142
K	1.9413096	0.3641073	0.5453432	0.7724897	0.4821143	0.7723446	1.2671312	1.2922551	1.3334856	1.0000000	1.0000000	0.6358677	1.0371081	0.6051112
L	1.0395184	3.7198869	1.3932572	0.3628482	1.4355022	0.4905059	0.6358468	0.5967782	1.1928308	1.0000000	1.0000000	1.3215898	0.9167759	2.0208069
M	0.7273952	3.0013492	1.7345609	0.3883656	1.2587188	0.7446208	1.0381239	0.7851372	1.0176519	1.0000000	1.0000000	1.2921913	1.1327525	1.7740517
N	0.7429237	0.2994161	0.3988152	1.4045621	0.7791725	1.5698914	1.0161813	1.6705924	0.8998622	1.0000000	1.0000000	0.6726865	0.7722501	0.5218008
P	0.3191635	0.2333365	0.8240979	1.4615665	3.2838736	1.0797939	1.2722211	0.8970973	0.3058145	1.0000000	1.0000000	0.4792183	0.5206217	0.2662881
Q	0.7822933	0.5211324	0.8829804	1.0165927	0.7608310	1.4261627	0.7607985	1.1260888	1.0424062	1.0000000	1.0000000	0.9834079	1.2884634	0.3912259
R	1.6219616	0.3572362	0.4125073	0.6462931	0.3999999	0.8101068	1.1148068	0.8725219	0.9808607	1.0000000	1.0000000	0.7370118	1.5363402	0.3817681
S	1.2860689	0.4517999	0.6699798	0.6390197	0.6015383	0.9244427	1.1961238	0.9372240	1.0039730	1.0000000	1.0000000	0.6319964	1.0167135	0.4666522
T	0.7536678	0.5616755	0.5348784	0.5395566	0.8146403	0.9582340	1.3534456	1.0950344	0.8595149	1.0000000	1.0000000	0.9345311	1.3390861	0.7508231
V	0.9626416	1.8380885	0.8651745	0.3555852	1.3704778	0.8587481	1.0134633	1.0706825	1.3278543	1.0000000	1.0000000	1.4028168	0.9847678	3.2093991
W	0.5334366	0.4202658	8.5957111	0.2700887	0.3393275	0.3171265	1.1358276	0.3269598	0.4303619	1.0000000	1.0000000	0.5049972	0.4243092	0.4057252
Y	2.1587335	0.5706018	2.4364478	0.3540357	0.5363764	0.4452914	0.5362911	0.4435849	0.9029350	1.0000000	1.0000000	1.9161505	1.0601368	0.8210923
