##############
# A0250 PWM for 14-mers
# Model trained on 13-mer peptides adding one non-specific position after P10.
# Copyright (2016) David Gfeller
##############
1.00000	88	0
A	1.3074518	0.4727721	1.2554775	0.6460795	0.9362110	0.9749946	1.0000000	1.0000000	1.0000000	1.0000000	1.0000000	1.2546261	0.7121274	1.3717865
C	0.3829500	0.4626022	0.6723521	0.8990598	0.3593737	0.6933930	1.0000000	1.0000000	1.0000000	1.0000000	1.0000000	2.1623667	0.3229556	1.4313043
D	0.3490730	0.2667041	1.1006462	2.4488164	1.1697067	1.0032402	1.0000000	1.0000000	1.0000000	1.0000000	1.0000000	0.8603502	1.1030009	0.2861823
E	0.5463968	0.3247180	0.5580614	1.8585260	0.8154848	0.5337872	1.0000000	1.0000000	1.0000000	1.0000000	1.0000000	0.4383732	1.3766662	0.3068134
F	3.0735025	0.9394919	1.5560586	0.7386064	0.7589047	1.5424752	1.0000000	1.0000000	1.0000000	1.0000000	1.0000000	2.1683157	1.7335097	0.6031949
G	0.9664727	0.2562062	0.7863351	1.6888422	1.5958780	1.0948698	1.0000000	1.0000000	1.0000000	1.0000000	1.0000000	0.9993651	1.1822095	0.3340277
H	1.1622702	0.3261914	1.1366335	0.6724140	0.4751457	1.3438322	1.0000000	1.0000000	1.0000000	1.0000000	1.0000000	2.1625259	0.9302600	0.2605775
I	0.8851729	1.7210891	1.1343379	0.7651089	1.0970402	1.5738466	1.0000000	1.0000000	1.0000000	1.0000000	1.0000000	1.0700918	0.5851278	1.9673996
K	0.6758725	0.3850066	0.8284359	0.6947689	0.7524169	0.4906770	1.0000000	1.0000000	1.0000000	1.0000000	1.0000000	0.7802822	0.8279895	0.3558938
L	1.2390507	3.4513372	1.0614037	0.5150436	0.9115906	1.0204573	1.0000000	1.0000000	1.0000000	1.0000000	1.0000000	0.7214357	0.8555480	1.6691109
M	1.8321890	5.6915261	1.7771056	0.8273176	0.7726343	1.4172632	1.0000000	1.0000000	1.0000000	1.0000000	1.0000000	1.1474480	0.5451987	1.0970994
N	0.6508494	0.3112525	0.7222636	0.8478855	1.2728903	0.7720982	1.0000000	1.0000000	1.0000000	1.0000000	1.0000000	0.8515446	1.0441184	0.3300297
P	0.3781210	0.2172912	1.3677341	1.6523734	0.8161102	0.5429026	1.0000000	1.0000000	1.0000000	1.0000000	1.0000000	1.0811871	1.2334166	0.2546597
Q	0.6717346	1.0201161	1.0947076	0.6822523	0.9816060	0.8348313	1.0000000	1.0000000	1.0000000	1.0000000	1.0000000	0.9336691	1.0552301	0.3434623
R	0.5073798	0.3753183	0.6549533	0.5304808	0.6470595	0.8282831	1.0000000	1.0000000	1.0000000	1.0000000	1.0000000	0.4219411	1.1096014	0.3182043
S	0.5415528	0.4440582	0.6447866	0.6598862	0.6778062	1.4521216	1.0000000	1.0000000	1.0000000	1.0000000	1.0000000	0.5807304	0.8135669	0.7692412
T	0.6665268	0.9907293	0.5997730	0.5762794	1.0880232	0.7645450	1.0000000	1.0000000	1.0000000	1.0000000	1.0000000	0.7739304	0.9795181	1.2982584
V	0.9378625	1.3729956	0.7891511	0.6007978	0.9647804	0.9262350	1.0000000	1.0000000	1.0000000	1.0000000	1.0000000	0.7445931	0.6266193	4.0163758
W	3.0127391	0.4050183	1.6695458	3.9144876	4.0064579	0.4674082	1.0000000	1.0000000	1.0000000	1.0000000	1.0000000	4.5809496	3.4129780	0.3280964
Y	3.2048510	0.5444043	2.1902990	0.8877060	1.8980487	1.9763797	1.0000000	1.0000000	1.0000000	1.0000000	1.0000000	0.7929965	1.4373180	0.4718746
