##############
# A0301 PWM for 14-mers
#
# Copyright (2018) David Gfeller
##############
1.00000	178	2
A	2.0070065	1.3189475	1.5922665	1.2158229	1.3027934	1.3450454	1.0240178	1.3541390	1.2616795	1.0266006	0.9038932	1.3153635	0.9882032	0.6115670
C	0.7878766	0.6208855	1.0391467	0.9407755	0.9753873	0.9453413	0.9444839	0.9564090	0.9398157	0.9488758	0.9530186	1.0020074	1.0233052	0.2933960
D	0.3375071	0.3003321	0.4274717	1.1143562	0.6212460	1.2275021	1.0856759	1.3941381	1.2698778	0.8174441	0.8511349	0.4343142	0.5822123	0.4010147
E	0.4036605	0.4763859	0.4393218	0.9977526	0.6112298	0.7665682	0.9404444	1.1244410	1.1732414	1.0968241	0.9458783	0.6870626	0.8094476	0.5542728
F	0.4359131	0.4042177	2.6426379	0.5313799	0.7438714	0.6546252	0.3699421	0.5404714	0.3841585	0.4025502	1.1329870	0.5158773	1.1016866	0.3488182
G	1.6258790	0.6579480	0.6539341	2.3196959	1.7762501	2.3888246	1.8424339	1.3568657	1.8755686	1.9085229	1.3716981	0.8254255	0.8646319	0.5614167
H	0.5690039	0.4965252	0.8398883	0.5727783	0.7681554	1.4313842	0.4295303	0.9336975	1.0779616	0.9341756	1.4166092	0.5468896	0.6851225	0.5110685
I	0.4491553	1.1424546	0.8863465	0.4497301	0.6488969	0.5094456	0.6406636	0.7108140	0.4926754	0.5131898	1.0085697	1.0053808	0.5946040	0.3278754
K	2.0238821	0.6483536	1.3730935	1.2272236	1.0991587	1.0955036	1.7176580	1.2851007	1.4660103	1.3943418	0.7292055	0.9831861	1.9276995	8.1539367
L	0.4066232	2.0276875	1.0502233	0.5813019	1.0520118	0.4656451	0.7602106	0.6485969	0.4734123	0.9783856	1.0548155	0.9783685	1.4196919	0.2715800
M	0.6908073	1.2130815	0.9320418	0.3983941	0.8811312	1.0656495	0.5696786	0.4321428	0.3927128	0.5963519	1.4360643	2.1286234	0.9282468	0.6490638
N	0.5133918	0.5193143	0.5858507	1.3391853	0.7121482	1.0976167	0.8380556	1.0296054	1.3598582	1.0029731	0.8810196	1.1301207	1.2857165	0.6523854
P	0.2653201	0.1841267	0.4316287	1.0432722	1.7532731	0.8452459	1.4337612	0.7874941	0.5910615	0.7141361	1.2916434	0.5861158	0.6437719	0.2901664
Q	0.9476967	0.9814324	0.6919247	1.2122097	0.7549026	0.8785767	1.0558535	1.1468651	0.8453145	1.2232966	0.8530913	1.1125365	0.8978026	0.8162513
R	3.5526360	0.5634667	1.9280968	0.9764290	0.4470144	0.9568775	1.0000856	0.9170132	1.2076850	1.0621507	0.7116396	0.8908768	1.0910103	1.7971877
S	1.3193521	1.2488608	0.5639855	1.3180474	1.1334956	1.1008862	1.1385029	1.6290196	1.5288335	1.2957559	1.1961127	1.6312607	1.0301537	0.6260427
T	0.6168867	2.3909269	0.6129038	1.0808537	1.3148148	0.9473128	1.0763111	1.1622613	1.0327394	1.1398348	0.7652450	1.8440701	1.5477877	0.5164504
V	1.0954709	1.7263502	0.7162950	0.6518630	0.9737797	0.7048565	0.8945376	0.7370142	0.6949229	0.8520845	0.7456912	0.9589827	0.6034333	0.2592092
W	0.3013770	0.3132956	0.8876205	0.6964354	1.0973421	1.1283615	0.2855672	0.2984653	0.3178988	0.3147031	1.1514928	1.5053522	0.7369044	0.7289233
Y	0.4519666	0.3576604	2.5507759	0.6790267	0.6018766	1.0798939	0.5445866	0.5792275	1.0351465	0.8061960	1.1361899	0.4862568	0.7567758	1.1720127
