##############
# A0319 PWM for 14-mers
# Model trained on 13-mer peptides adding one non-specific position after P10.
# Copyright (2016) David Gfeller
##############
1.00000	29	0
A	0.6301853	1.0932277	0.6910739	1.1162515	0.7751869	0.7844927	1.0000000	1.0000000	1.0000000	1.0000000	1.0000000	0.8710123	1.6383374	0.6046345
C	0.4024954	0.5842027	0.4459745	0.4144333	0.4281305	1.2502114	1.0000000	1.0000000	1.0000000	1.0000000	1.0000000	0.4712325	0.5158426	0.6026750
D	0.4850802	0.3490939	0.3667249	0.9047550	0.5238684	0.4895164	1.0000000	1.0000000	1.0000000	1.0000000	1.0000000	0.4450407	0.5811976	0.2940966
E	0.6138784	0.3966371	0.4477730	0.8999432	0.5852719	0.4946600	1.0000000	1.0000000	1.0000000	1.0000000	1.0000000	0.4753420	0.7713870	0.3445624
F	0.9997641	1.6666895	3.0380609	0.4646377	1.3351726	2.1891866	1.0000000	1.0000000	1.0000000	1.0000000	1.0000000	1.6940773	1.5283555	1.0082080
G	0.9480378	0.3969033	0.3665058	1.3204283	0.9840661	0.7079484	1.0000000	1.0000000	1.0000000	1.0000000	1.0000000	0.4291212	0.6046477	0.2961004
H	0.6352342	0.4667071	0.7591320	1.0981407	2.6459403	1.0734914	1.0000000	1.0000000	1.0000000	1.0000000	1.0000000	2.6729785	0.6602092	0.3534508
I	0.6853632	1.6136882	1.1071132	0.4775600	0.8844412	1.1076295	1.0000000	1.0000000	1.0000000	1.0000000	1.0000000	1.2299365	0.6186080	2.0987859
K	1.4525599	0.4945770	0.6755393	1.5389066	1.1717199	0.8513399	1.0000000	1.0000000	1.0000000	1.0000000	1.0000000	0.5542630	0.9958191	0.6002177
L	0.8351262	1.5886278	1.0136478	0.5678313	0.6691798	1.1673441	1.0000000	1.0000000	1.0000000	1.0000000	1.0000000	1.4884815	0.8080913	3.1287096
M	2.1190668	2.4578019	3.2963685	0.5794890	1.3996046	1.2097501	1.0000000	1.0000000	1.0000000	1.0000000	1.0000000	1.9719677	0.6751797	3.5714794
N	0.6690488	0.4102028	0.4736200	1.0000992	0.9751001	1.1453254	1.0000000	1.0000000	1.0000000	1.0000000	1.0000000	0.8228578	0.9056204	0.3332983
P	0.3242216	0.6530082	0.6349798	1.8012185	0.3261863	0.3078112	1.0000000	1.0000000	1.0000000	1.0000000	1.0000000	1.3709069	2.1738625	0.2608335
Q	0.8331727	0.4741237	0.5875490	1.2538044	0.7206115	0.5890414	1.0000000	1.0000000	1.0000000	1.0000000	1.0000000	0.5519661	0.6302013	0.4512659
R	3.8708479	0.6728298	1.7153560	1.4738018	2.1125194	1.5168851	1.0000000	1.0000000	1.0000000	1.0000000	1.0000000	0.7370670	0.5886568	0.4467258
S	0.8896534	0.5614856	0.5173037	0.8851412	0.8000206	0.8900764	1.0000000	1.0000000	1.0000000	1.0000000	1.0000000	0.6996244	1.5863167	0.4031359
T	0.8451615	1.0726186	0.7749089	1.0489515	1.2242375	1.0645568	1.0000000	1.0000000	1.0000000	1.0000000	1.0000000	0.8048526	0.7875198	0.6475329
V	0.7742212	2.2469289	0.9955849	0.5261871	0.9667533	1.2442626	1.0000000	1.0000000	1.0000000	1.0000000	1.0000000	0.8668316	0.6586191	2.1937722
W	2.0699285	2.1539778	0.9632389	3.4827447	3.6003151	2.1364778	1.0000000	1.0000000	1.0000000	1.0000000	1.0000000	2.2106679	0.6334504	0.4865490
Y	1.1268459	1.7101944	4.1485189	0.6298928	0.9451996	1.3863408	1.0000000	1.0000000	1.0000000	1.0000000	1.0000000	2.2968380	2.4866194	0.6579017
