##############
# A1101 PWM for 14-mers
#
# Copyright (2021) David Gfeller
##############
1.00000	88
A	1.8586253	0.9767507	1.3472462	1.1287294	1.5376410	1.0057991	1.0805475	1.2125907	0.9578946	0.7164715	0.9794212	1.0991701	0.8362698	0.6458568
C	0.8172006	0.6278482	0.9107588	0.8293852	0.8821077	0.8459824	0.8516569	0.8466787	0.8527134	0.8549019	0.8451534	0.8860609	0.8015741	0.2894475
D	0.4536966	0.9115298	1.0856064	1.2111300	0.8492795	1.7191990	1.1390489	0.8706740	1.3277338	0.7279650	0.9872489	0.4043139	0.6189509	0.4912911
E	0.5241812	0.7910802	0.5931094	1.1153089	1.0002536	1.0709713	1.4101659	0.9070095	1.0456834	1.0909355	0.9131395	0.7460165	0.9043927	0.7060187
F	1.1817484	0.6762244	2.3973851	0.5566039	1.0764000	0.7401271	0.8472034	0.6443301	1.0220102	0.7658236	1.0480106	1.5132074	0.6781638	0.4376557
G	1.6969836	0.5931598	1.1830657	1.6146768	1.2629016	1.2443711	1.1305804	1.9491768	1.2295491	0.9824982	1.3230601	0.9839096	1.0032876	0.4989669
H	0.6528756	0.3931632	0.6889380	0.9014267	0.9235889	0.4842066	0.4692504	0.7205271	0.9050538	0.6717747	0.9212947	0.6544322	0.7144575	0.7690911
I	0.8958787	1.3051950	1.1880783	0.9581477	0.7386529	0.9831824	0.7651545	0.7779827	0.7559208	0.8691423	1.0168388	1.3681555	0.8182864	0.3627093
K	0.5934777	0.4736081	0.4289751	1.0286949	0.8506344	0.7885853	0.7518659	0.8654570	0.7972621	0.7077449	0.6992497	0.9792769	0.9632481	5.7235338
L	0.5546416	1.1354646	1.1578476	0.7257324	0.6913689	0.5750921	0.5674679	0.9123747	0.9962630	1.2202020	1.0060536	1.6339711	1.1131976	0.3485973
M	0.7557569	0.9114068	0.8644058	0.5418054	0.7474404	0.7320634	0.5407861	0.9444039	0.9788628	1.0407885	0.6060374	1.1507592	0.9942699	0.4721285
N	0.9413931	0.6712218	0.7345160	1.0857216	0.8408684	1.5371412	1.1058974	1.6126789	0.8647115	1.0511558	1.7313053	0.8433774	1.4506306	0.6384858
P	0.5858381	0.4369942	0.6721838	1.5237789	0.7228127	0.4361930	1.2796673	0.5675937	0.9875549	1.5274229	0.9739863	0.6892458	1.1095955	0.4723681
Q	0.7140086	0.8350306	0.8964049	1.1398783	0.7662662	1.2736608	1.4358196	0.8879978	1.1496912	1.3841806	0.9998768	0.5849910	1.0192266	0.8799393
R	0.7309895	0.4049455	0.3704852	0.4795642	0.4604909	0.4697880	0.7938050	0.6742750	0.6769241	0.6705804	0.7628859	0.6531161	0.8011685	3.4012830
S	1.9390288	1.4163803	0.8059366	1.0681521	1.9084496	1.4012637	1.1172513	1.2433081	1.7239842	1.1295081	1.1479308	0.8015845	1.1622692	0.5559898
T	1.1349507	2.7360946	0.9897070	0.8392012	1.2022871	1.3630960	1.4489645	1.0444712	0.9881316	1.4311014	1.1407436	1.1159724	1.7933353	0.6068083
V	1.4230450	2.0151766	1.0377550	0.9867337	1.0039625	1.0841607	1.2902850	0.6934074	0.9192659	1.2689746	0.9598208	1.1112117	0.6563612	0.5179940
W	0.3542718	0.3527835	0.4926098	0.8913534	0.3875743	1.5129762	0.3269768	0.9589951	0.3315261	0.3339356	0.3443976	1.0126244	2.1186887	0.3087854
Y	0.7076424	0.8502057	2.0110189	0.6339111	1.2798822	0.8545908	0.6540138	1.2266204	0.4994110	0.6635292	0.6955463	1.1796502	1.2649420	0.4384681
