##############
# A2301 PWM for 14-mers
# Model trained on 13-mer peptides adding one non-specific position after P10.
# Copyright (2021) David Gfeller
##############
1.00000	40
A	0.9787966	0.4718807	0.5907904	0.7791193	0.6480494	0.6847359	0.8877908	1.2513901	0.8275901	1.3471342	1.0000000	0.5677908	0.7600966	0.4096123
C	1.0550877	0.4486474	1.1408346	0.9333262	0.9641827	0.9486255	1.0428283	1.0538301	0.9563611	1.0540880	1.0000000	1.0692154	0.7185932	0.3888283
D	0.7571011	0.2985506	0.4080767	1.7387674	0.9702949	1.9942598	1.3821369	0.9486554	0.9181912	0.5737234	1.0000000	0.5547696	0.5163248	0.2784345
E	0.6137610	0.3598625	0.5238398	1.2638557	0.9556377	1.2791952	0.7410838	0.5668707	1.3899917	0.9750611	1.0000000	0.3998958	0.8459024	0.3090082
F	0.6260807	3.0095321	1.5979301	0.4112168	1.2051829	0.6932928	0.5821257	0.6093885	0.6871907	1.6391232	1.0000000	0.9562750	1.9830724	7.5941400
G	0.4953299	0.6934980	0.3478590	1.2713048	0.6274307	1.8586203	1.0308804	1.0965836	1.6621414	1.0767465	1.0000000	0.5156320	0.8206339	0.3072877
H	0.9652095	1.2041672	0.4306297	0.9914770	0.6461622	0.5980891	1.3080858	1.3324286	1.8131595	0.9396530	1.0000000	0.4762223	1.7944333	0.5388128
I	1.3652848	0.7162166	1.9964584	0.3880542	0.7103461	0.6186797	1.3545478	1.1021350	0.6207299	0.8492357	1.0000000	2.1014311	0.7938863	0.9338110
K	1.4757780	0.4110387	0.5851942	1.1045264	1.9758175	1.2645718	1.2675973	0.7391214	1.9664050	0.8919057	1.0000000	0.5151721	1.4029049	0.6078752
L	0.7776634	0.9816481	2.0221898	0.3516566	0.6872008	0.7224904	1.2107831	1.1263826	0.5312894	1.2253193	1.0000000	2.3518802	1.1279681	1.6106488
M	0.7790859	1.0466986	1.6561293	0.4535240	1.2377788	0.5782800	1.4047559	1.3425079	0.5627613	0.8072449	1.0000000	2.0247212	0.7942193	0.9780079
N	1.1158538	0.4165052	0.8630036	1.2017504	0.6582977	1.7172621	1.1074321	1.1030826	1.2182029	1.2573485	1.0000000	0.4369926	0.6511547	0.3427016
P	0.3608378	0.2432038	1.5951656	3.2688442	1.4036153	0.6196933	0.3334303	0.6026370	0.9019477	0.6017724	1.0000000	0.5324075	0.3323706	0.1925220
Q	1.0331045	0.4391567	0.4414951	0.8788956	1.1227708	0.9101697	0.8042904	0.9601873	0.7933391	0.9938834	1.0000000	0.6568174	0.6744445	0.3205926
R	0.8529607	0.4065536	0.4208556	0.7752664	1.3102996	1.0014952	0.6043603	0.7127407	0.9539697	0.7399193	1.0000000	0.9746508	1.5751417	0.3840853
S	1.4595060	0.4057436	0.5945809	1.0270267	0.9408922	1.2473138	0.8460301	1.2423945	1.2503923	0.8987454	1.0000000	0.5673785	0.9753645	0.3454716
T	1.2488218	0.4528422	0.9315362	0.9451010	0.8010426	0.8254725	0.9753086	1.1536074	0.8264419	0.9690654	1.0000000	0.9036091	1.4142351	0.4339073
V	1.8699002	0.6425557	1.6597415	0.4318761	1.0595908	0.5152454	1.5252707	0.7722854	0.6310465	1.1870586	1.0000000	1.3667328	1.0291767	0.7303783
W	0.4411638	2.7236027	0.4751192	1.4658426	0.5368332	0.3630959	0.3810121	3.7711076	0.3778891	0.4523479	1.0000000	1.6570029	0.5267899	6.7078005
Y	1.2396466	11.2859447	1.0353871	0.8231907	1.9728484	0.4864726	0.5601686	0.6615439	0.5869483	0.7276973	1.0000000	1.6359919	1.1911427	2.6217756
