##############
# A2402 PWM for 14-mers
#
# Copyright (2018) David Gfeller
##############
1.00000	75	2
A	0.9700940	0.4323467	1.1429818	1.1298625	1.0672258	0.8608618	1.0744202	0.7729969	1.2764350	1.0396597	0.9967035	1.2326719	0.8299826	0.4611169
C	0.9738084	0.4837942	0.7906499	0.9277453	0.9194279	0.9133919	0.9448552	0.9036013	0.9255115	0.9083023	0.9212815	0.9558815	0.8462580	0.4470976
D	0.8971094	0.4128472	0.5953736	1.3558258	1.1510328	1.4721858	1.0642058	0.9163746	1.1220905	1.7960806	0.8889828	0.7766835	0.9561895	0.4113533
E	0.9447338	0.3284565	0.5403311	0.9063152	0.7843723	1.0808302	1.0046179	0.8773833	1.3993627	0.9374571	0.9742457	0.8811720	1.3474301	0.2600523
F	0.8103171	3.6785322	1.6023381	0.7053592	1.9340292	1.3493402	0.7897414	1.1608118	1.1958940	0.7243998	1.8388186	1.4163134	0.9944092	9.3858189
G	0.9789143	0.5843019	1.5216644	1.6987183	1.1252653	1.5290079	1.4178054	1.6446131	1.5633623	1.9893476	1.3700564	1.8217805	0.5836136	0.4581264
H	0.4042090	0.7483326	0.4189152	0.6501536	0.9149293	0.4773803	0.9108599	0.7005173	0.4488615	1.1472359	0.7142233	0.6581948	1.6150428	0.6347821
I	1.2920082	0.6628054	1.0252773	0.5411566	0.6042118	0.5372806	0.8010450	0.4764303	0.6069783	0.5623729	0.9241782	0.5870366	0.6311806	1.1493001
K	0.8545257	0.4627761	0.8344562	1.0287257	0.7430239	0.5401259	0.8725347	0.8596850	0.8831774	0.8511438	0.5776452	0.6629993	0.8959765	0.2753873
L	0.8069409	1.2199324	0.9866177	0.6094855	0.7094952	0.8438108	0.5401112	0.9703989	0.5813718	0.4114415	0.6197753	1.1255685	1.7005007	1.0997093
M	0.7112574	0.9731741	1.7610569	0.5365751	1.0377140	0.8076704	0.7915308	0.8282389	0.7750078	0.9305229	1.0621577	0.6703768	0.8165317	0.8388662
N	1.1119811	0.3681623	1.3649802	1.3350032	0.9858234	1.0392816	0.7574172	1.1510335	1.1754120	1.5458728	0.8347167	0.8708256	1.0243293	0.6143818
P	0.7773692	0.1734377	1.5663000	1.9891160	1.7024832	1.3105784	1.4608462	1.7050665	1.3258119	1.1982272	0.9020781	0.9183136	0.3847226	0.1409294
Q	0.6478451	0.4963448	0.8739596	0.6555151	0.8948414	0.7744311	0.9439365	0.9194870	1.1016092	0.6705662	1.3108268	1.1754968	1.9297445	0.2420581
R	1.1322823	0.3932867	1.0028319	0.5237603	0.8711522	0.5923385	0.7798226	0.8989382	0.6635485	0.6412060	0.9964849	0.7551451	0.5974150	0.3024838
S	1.1879690	0.4694386	0.7539071	1.1807085	0.8635324	1.3100787	1.5109795	1.1164905	1.1028641	1.2642307	0.9375917	1.6526876	1.0379595	0.3440805
T	1.0270611	0.5078096	0.7410870	1.1974299	1.0508625	1.2815242	1.3263661	1.0609452	1.1879583	0.9879709	1.0554995	0.9081952	1.2847156	0.3830959
V	1.8362877	0.5232631	0.7220887	0.7981837	0.8366037	0.5331849	0.8619670	0.5886282	0.6832288	0.6349523	0.8943481	0.6378673	0.8302121	0.6145858
W	0.4435604	7.0784639	1.2932564	1.2008609	0.5474962	2.1708401	0.4753288	1.3301412	1.2524225	2.8698815	1.4088950	1.2859187	0.4766247	5.1001824
Y	0.9233153	8.9015942	0.8259516	0.6840578	1.5239572	1.8686991	1.3606841	1.6273375	0.7563198	0.7434252	1.9566830	0.8084982	0.8164052	1.8084839
