##############
# A2501 PWM for 14-mers
# Model trained on 13-mer peptides adding one non-specific position after P10.
# Copyright (2016) David Gfeller
##############
1.00000	76	0
A	0.6136139	0.8605006	1.9875763	0.9454156	1.2152830	1.0466559	1.3355993	0.6911934	1.0000000	1.0000000	1.0000000	0.9692172	1.2299570	0.3712739
C	0.7203106	0.7701498	0.8340720	0.7568444	0.8140771	0.7656423	0.9090748	0.8995283	1.0000000	1.0000000	1.0000000	0.7933460	0.4666441	0.3275742
D	4.2190361	0.3397306	0.3647257	2.4846486	0.9720551	2.0435292	0.8591097	0.3377951	1.0000000	1.0000000	1.0000000	0.8522799	0.5362907	0.2580092
E	4.2910700	0.3458103	0.3816438	1.5044136	1.3690514	1.4054334	0.7149905	0.4338227	1.0000000	1.0000000	1.0000000	1.0867129	0.6857599	0.2951417
F	0.5023160	0.5605590	0.4984876	0.4757223	0.7516620	0.7499620	0.4480869	1.4395170	1.0000000	1.0000000	1.0000000	0.4027762	0.7789608	3.3039511
G	0.6015101	0.3746658	0.7310717	1.6848549	2.0639236	1.0094187	2.0364988	1.2665164	1.0000000	1.0000000	1.0000000	1.4220404	0.9364335	0.6081751
H	1.4716421	0.2634366	0.5387309	0.9119717	1.3541279	1.8550798	0.3439028	0.5649166	1.0000000	1.0000000	1.0000000	1.6408130	1.8830619	0.5020393
I	0.2706977	1.7145933	2.5349796	0.4857378	0.6372306	0.6646304	0.9938323	1.8033390	1.0000000	1.0000000	1.0000000	0.5040601	0.7010378	0.4523365
K	0.7253067	0.4078919	0.7537092	1.0174670	1.1457357	1.4918942	0.7786062	0.5282234	1.0000000	1.0000000	1.0000000	1.6699310	1.6470097	0.3297369
L	0.2908977	1.2297135	0.8317585	0.3433332	0.8918881	0.6859841	1.0244847	1.7047016	1.0000000	1.0000000	1.0000000	0.5346662	0.5970944	0.7901438
M	0.4041195	0.9370521	0.8015835	0.4522373	0.6028622	0.5755557	0.7092029	1.5768221	1.0000000	1.0000000	1.0000000	0.5583689	0.8233516	0.6197457
N	0.8413081	0.4192045	0.5449891	1.0119139	1.0457373	0.9696125	0.8257084	0.4075077	1.0000000	1.0000000	1.0000000	1.2569130	1.2312116	0.4620897
P	0.2854087	0.3701639	1.3108711	1.5983401	0.6600662	0.5311869	0.6539919	0.3404158	1.0000000	1.0000000	1.0000000	0.4102616	0.2735114	0.1287390
Q	0.8580873	0.5097976	0.5414330	1.1473985	0.7168101	1.3078998	0.4648014	0.5239807	1.0000000	1.0000000	1.0000000	1.4681346	1.4386879	0.4472605
R	0.5785335	0.3825724	0.6735850	0.8116543	0.6834649	0.8939936	0.5810405	0.7727920	1.0000000	1.0000000	1.0000000	1.5775394	1.4519975	0.4785230
S	0.8344520	0.8537118	0.6786676	1.2645659	1.3953580	0.8160359	1.1564546	0.9619115	1.0000000	1.0000000	1.0000000	1.3732176	1.8654587	0.4180416
T	0.8141539	2.5180336	0.9063826	0.9745496	0.6798777	1.0430355	1.4310391	0.6683598	1.0000000	1.0000000	1.0000000	1.4160784	0.9499883	0.3582097
V	0.3092065	3.6337860	1.9089025	0.4512780	0.7527650	0.5995670	1.8159892	2.0009751	1.0000000	1.0000000	1.0000000	0.7159167	0.7700922	0.3951397
W	0.4086747	0.4055307	0.3788714	1.1547965	1.2324314	1.2485320	0.3856659	1.3166360	1.0000000	1.0000000	1.0000000	0.4362812	2.0900613	34.0559302
Y	0.8780428	0.4877626	0.4660957	0.4365156	0.7396357	0.9857441	0.4238534	1.0518187	1.0000000	1.0000000	1.0000000	0.9217585	1.0405738	3.8687233
