##############
# A2902 PWM for 14-mers
#
# Copyright (2018) David Gfeller
##############
1.00000	44	2
A	1.4506175	0.6173690	0.8369007	0.8317179	0.8453585	1.0867917	1.5795541	0.9436539	1.2936489	0.7277216	1.1578061	0.7955183	0.7539329	0.4937390
C	1.6825337	1.3308247	0.7849188	0.9106609	0.9351296	0.9504496	1.0244218	0.9635241	0.9841581	0.8840011	0.9588546	0.9641778	1.1897439	0.4321193
D	0.5515123	0.4103495	0.6286881	0.9343161	1.0242967	1.6501065	0.8012567	1.3655291	0.6297556	1.4681466	1.0042055	0.4869851	0.8074132	0.3213279
E	0.6189390	0.3997222	0.5557405	1.4427709	1.0871353	0.7741831	0.8116754	0.8567985	0.9180583	1.2154821	0.6965445	0.8358966	1.1136425	0.3987295
F	1.1394754	2.6574333	2.7587534	0.6497200	0.7013086	0.6763853	0.8075827	0.8734260	0.7809399	0.4686086	1.0429448	2.5880318	1.1140836	2.2360740
G	1.8094205	0.8121259	1.0584693	1.5928169	1.9677834	2.6892501	2.0633165	1.5562450	2.4304037	2.7989181	2.8760493	2.3559494	0.9028629	0.5568012
H	0.8617287	0.5773258	0.4849217	0.8880476	0.8715274	1.5624779	0.5193657	0.8689091	0.8596827	0.9031340	1.2352281	0.5693782	1.2286165	1.2138508
I	0.6330929	1.1716821	1.2346592	0.4922862	0.6406353	0.4137033	0.7521882	0.7222964	0.6569621	0.4653456	0.6023636	0.5882667	0.6998877	0.5070654
K	0.7169531	0.4585568	0.6119539	0.8583962	0.8620258	0.6510792	0.6086087	0.8653113	0.7567039	1.0425061	0.7601225	0.6429498	0.8442636	0.5263632
L	0.9415608	1.1714844	1.6433089	0.5012910	0.7724056	0.4981305	0.7011791	0.7185700	0.8784726	0.4834306	0.8888622	1.0891004	1.5271739	0.5774176
M	1.0161287	0.9194376	1.2679146	0.5491458	0.6816064	0.5486517	0.6563251	0.6696612	0.6774337	0.5462004	0.9659191	1.0516991	0.8809073	0.6691548
N	1.2617897	1.0884457	0.7052385	1.5512388	0.9102374	1.2183816	1.2869048	0.8783142	1.6988512	0.9990801	1.5503282	0.5670744	1.4647991	0.4584723
P	0.2930076	0.4325415	0.6592579	2.3823992	1.3283291	1.1460057	1.1334595	1.3219838	0.9103819	0.7058590	0.4872112	0.4637411	0.4710429	0.2179453
Q	0.5445776	0.7796546	0.6286265	1.2242832	2.1016091	1.1427171	0.9172332	0.9309340	0.7602360	1.4185355	1.1233754	0.4959003	1.1868693	0.4964369
R	0.7191827	0.4504414	0.4706707	0.8070261	0.8338518	0.7462211	0.5261749	0.5638110	0.7409263	1.3993759	0.7590658	0.4834065	1.3592421	1.0512559
S	1.5539626	0.5564196	0.6968227	1.2111576	1.1500332	1.1276159	1.4665527	1.1363266	0.9852135	1.1764896	0.8407068	0.9807510	0.9730178	0.4690745
T	1.2644439	1.1499242	1.1432305	1.0755411	0.7801295	1.2051335	0.9817596	0.9251805	1.0580260	0.8919432	0.8749625	1.1445798	0.7601981	0.5931545
V	0.8800132	1.6993663	0.8767898	0.4432136	0.7951836	0.5320672	0.7759509	1.0280581	0.7428266	0.4114613	0.5159782	0.5541707	0.8759109	0.5005891
W	0.6498009	0.9508575	0.7925029	0.4491016	0.4850310	0.4793198	0.5594175	1.8693053	0.5346822	1.7831832	0.5733218	2.1988716	0.5855649	2.0535303
Y	1.8638257	3.7194179	2.1830562	0.8329897	0.8613083	0.8774213	1.4791813	1.8614205	1.1758835	1.1380417	1.2583426	3.1511574	1.2904239	13.3846226
