##############
# A3001 PWM for 14-mers
# Model trained on 13-mer peptides adding one non-specific position after P10.
# Copyright (2016) David Gfeller
##############
1.00000	31	0
A	1.2430730	1.0726184	1.0300802	0.8698958	0.9659560	1.0514208	1.3443148	0.9448430	1.1708143	1.0000000	1.0000000	1.1590113	1.3491956	0.8392996
C	1.2505179	1.0590460	0.6565403	0.9563888	1.0193517	1.0052841	1.0427067	0.9905336	0.9528378	1.0000000	1.0000000	1.0457114	1.2041517	0.4525602
D	0.5882292	0.5881567	0.5323828	1.5312022	1.1010079	1.1357711	1.0589318	0.8073227	0.6086533	1.0000000	1.0000000	0.4614397	0.5637312	0.6804054
E	0.6892940	0.6629052	0.5740822	0.8289479	0.5777233	0.6294130	0.7263313	0.6960892	0.7904947	1.0000000	1.0000000	0.5119445	0.6212755	0.8799418
F	0.4533117	0.5639209	0.9505023	0.4348206	0.7993355	0.8651197	0.9237218	1.5622425	0.7582759	1.0000000	1.0000000	0.5478297	0.5052758	0.4680665
G	0.6375628	1.7257821	1.6772867	2.3331674	1.9779365	1.4321666	1.9562267	2.2122955	2.2522896	1.0000000	1.0000000	0.5248930	0.8840832	0.6112651
H	2.3372645	0.5172285	0.9702580	0.5665910	0.9095285	0.9930165	0.4591423	0.5052854	0.5319603	1.0000000	1.0000000	0.4188958	0.4921281	0.6347180
I	0.5757442	0.9024973	1.1019477	0.3918284	0.8242344	0.7503198	1.1267927	0.7661500	0.9226247	1.0000000	1.0000000	1.3197579	0.7616986	0.4630755
K	1.8982330	0.8833886	1.5636766	0.7712359	0.6445959	0.7451299	0.5888218	0.6110377	1.3595826	1.0000000	1.0000000	0.8272444	1.0828515	4.5855056
L	0.6345541	0.8688984	1.0302445	0.3815275	0.5729881	0.8084674	1.1505644	0.7043993	0.5851797	1.0000000	1.0000000	0.8192523	1.1191633	0.7421285
M	0.6974288	0.8300909	0.8445365	0.5160825	1.0096120	0.7395146	0.8504365	0.6955367	1.0225611	1.0000000	1.0000000	2.1932278	1.1851611	1.0561137
N	0.7815016	0.7492995	0.9346125	1.6941480	0.7547945	1.2971900	0.6228831	0.6505150	1.2296241	1.0000000	1.0000000	0.5171221	1.1596215	1.3403552
P	0.8993267	0.3258328	0.2952173	1.4582973	1.4461330	0.8740037	1.1449195	1.7061054	0.8672659	1.0000000	1.0000000	2.8439426	1.7189745	0.3595691
Q	0.7940849	1.7705123	0.8751955	0.6592254	0.7905825	1.0770003	0.9827505	0.7591189	1.1569292	1.0000000	1.0000000	0.7816937	1.3127343	1.2543609
R	2.0782338	0.6743568	1.2398591	1.3240086	0.7851968	1.3366531	0.5109947	0.7496611	1.9426665	1.0000000	1.0000000	1.0425576	1.1641858	1.7121960
S	1.6300357	1.9422082	1.0003651	1.9522835	1.3931356	1.2299581	0.9993420	1.2598331	0.8826676	1.0000000	1.0000000	0.8317180	1.1658253	0.9128304
T	0.9459802	1.3843950	1.0319738	0.9685331	1.8050327	1.4349102	0.8462623	0.8582101	0.6450121	1.0000000	1.0000000	1.0452368	0.7326231	0.6705782
V	0.8917335	1.2830596	0.9596551	0.5346235	0.7463786	0.8527158	0.9885789	0.9421391	0.7339138	1.0000000	1.0000000	1.1791916	1.1258490	0.4678458
W	0.4709164	0.5368018	2.3333817	0.4683097	2.2075588	0.5474401	0.5441993	0.6392638	0.4864044	1.0000000	1.0000000	2.1629973	0.4444983	0.5234214
Y	0.6642126	0.9585351	1.1063216	0.8658356	0.6252211	1.0274017	0.9899874	1.5222273	0.5534868	1.0000000	1.0000000	0.5714907	0.5263092	0.9615615
