##############
# A3002 PWM for 14-mers
# Model trained on 13-mer peptides adding one non-specific position after P10.
# Copyright (2021) David Gfeller
##############
1.00000	108
A	1.1055136	0.6610412	0.6366235	0.8273255	0.6539163	0.7458676	0.8229721	1.5141753	1.1688124	0.8942218	1.0000000	1.4055184	1.1760740	0.3603072
C	1.0983981	0.8220436	0.4519010	0.6497496	0.6956924	0.6775287	0.6991234	0.7368116	0.6919326	0.7031036	1.0000000	0.6846036	0.8861549	0.2562214
D	0.5235975	0.3510523	0.5612706	2.6163413	0.8325042	1.2907548	1.8074711	1.2400608	1.1912536	0.9516363	1.0000000	1.7492305	0.4251931	0.2445626
E	0.5736023	0.4841118	0.4765691	2.1191340	1.7092980	1.4736239	1.4174230	0.8403370	1.4721276	0.8478101	1.0000000	0.7359953	0.6877360	0.3211751
F	0.3113522	1.3465426	1.0234224	0.4354090	0.8067335	0.7663580	0.4239566	0.8334070	0.9555939	0.8638995	1.0000000	0.7737699	0.9003757	2.0584025
G	0.8030622	0.9089045	0.5673817	1.3407768	1.0482652	1.1176939	1.2216652	1.2603242	0.9746511	1.8292101	1.0000000	1.5948053	1.2183223	0.2375313
H	0.8644334	0.4106997	0.8919778	0.6722806	1.2515755	0.8809511	1.2142084	0.4163655	1.0460060	0.8513821	1.0000000	2.7943445	0.8636275	1.0924712
I	0.4782139	1.5554134	1.6735129	0.4815488	0.8747719	0.9628531	1.2250448	1.1612998	0.8877984	0.8384562	1.0000000	0.4901091	0.9400765	0.4817537
K	2.7018495	0.4458874	1.5275282	1.0152463	0.9257804	1.2008549	0.7284836	0.6602453	1.1470019	1.3215794	1.0000000	0.7143668	1.4958143	0.8033920
L	0.5148075	1.0491841	1.3071930	0.4529091	0.7976874	0.8982954	1.1104142	0.8427236	0.9977519	0.7680068	1.0000000	0.6477012	1.1235698	0.4752413
M	0.4867289	1.8835278	1.7228261	0.4000094	0.5448126	0.8862996	0.5780697	1.0787350	0.7240781	1.3961808	1.0000000	1.4908063	0.7727553	0.6892293
N	0.5732436	0.4376491	0.5646986	1.0987046	1.2186772	0.9852447	1.0157406	0.8485891	0.9715359	0.9797674	1.0000000	1.0487101	1.1568800	0.3446816
P	0.2904288	0.2450059	0.5991175	1.8155918	0.9788838	0.7312261	0.7364558	0.7424138	0.9728974	0.8587500	1.0000000	0.5026931	0.2656627	0.2035992
Q	1.4304774	1.9329574	1.9462545	1.2567577	1.2227186	1.0925561	1.1727407	1.0240029	0.8768277	1.1624495	1.0000000	0.8489258	1.3804032	0.3953247
R	3.9759218	0.4831363	1.4425816	0.5702639	0.9289832	0.9336629	0.6114553	1.0497337	1.2012705	0.6622235	1.0000000	1.6135881	1.2323999	0.3835082
S	0.9860490	1.0570727	0.5649632	1.2007177	1.1638397	1.0092274	1.1504282	1.1221312	0.9577591	0.7862368	1.0000000	0.9303093	1.0170028	0.3286378
T	0.9254062	1.7870041	0.8089042	0.7652363	1.0380732	0.8352426	0.8555940	0.9542069	0.5851149	1.2578272	1.0000000	0.8201320	0.7633597	0.3558324
V	0.6805089	1.9512973	0.8077928	0.3784678	1.3043453	0.8461303	0.9597311	0.9879169	0.7827567	0.9180524	1.0000000	0.4398916	0.9448488	0.4587569
W	0.2922814	1.8797914	0.9463623	0.2690213	0.8249433	0.8751581	0.7924443	1.8286099	0.8358773	0.3704905	1.0000000	0.8156659	0.8785556	1.3879176
Y	0.4000333	1.5528227	2.3876447	0.5289719	0.8133403	1.7893988	0.5875371	0.7994319	0.9830810	1.4687815	1.0000000	0.6807136	1.6428908	17.5933457
