##############
# A3101 PWM for 14-mers
#
# Copyright (2018) David Gfeller
##############
1.00000	37	2
A	0.7531007	1.3883764	1.4860372	0.6532188	0.7741702	1.0445620	1.1326683	1.3105660	1.3873529	1.1543848	1.0253891	1.1342263	0.9305059	0.5712432
C	0.7782302	0.8547222	1.2230833	0.9517336	0.9927783	0.9563065	1.0202159	1.0350500	1.0545685	1.0245657	0.9882054	1.0788831	1.0436363	0.3422777
D	0.8242400	0.5266330	0.4680662	1.6100979	1.7174793	2.8557913	1.4019192	1.1438834	1.2467165	0.9147829	1.3379409	1.4537690	1.0703555	0.5321146
E	0.8334617	0.7214059	0.5817483	1.5209867	1.1948822	1.6847371	1.4279977	1.6785648	0.7538548	1.4072396	1.4761639	0.7536711	0.7702662	0.7513533
F	0.8122114	1.0367405	1.5558638	1.7111910	1.4942644	0.5508919	1.3377157	0.8331031	1.6408448	0.7466940	1.1993475	1.3852846	1.3887068	0.3362957
G	1.2748687	1.0451557	0.7941182	1.6973183	1.4307524	1.0784358	1.3122221	0.7896410	1.7877622	2.0077236	1.4627316	1.0308855	1.2805763	0.4783972
H	2.1517401	1.3583701	0.5294733	1.3284764	0.4843350	0.5893847	0.9451786	0.8901708	0.8823780	0.5058798	1.3235104	0.4549211	1.3261601	0.6591202
I	0.5469914	1.3529282	1.4743147	0.9310544	1.2991439	0.6131573	0.5898902	1.2004396	0.8216393	0.9002072	1.1428319	1.1391738	0.6647877	0.2971032
K	1.7719791	0.6200742	0.7756686	0.6116168	0.5693001	0.8451448	0.8366662	0.9613526	0.9150076	0.8570764	0.6186376	0.6678216	1.1194122	2.2464876
L	0.9353009	0.9259499	1.1938462	1.1247869	1.0560911	0.6982718	0.6611918	1.1126655	0.8007070	0.9773737	0.8732921	1.2280573	0.9706942	0.4135309
M	0.7450189	0.8582928	0.9498724	0.7864554	1.4633193	0.9394568	0.9947212	1.1577162	0.7339892	0.7590730	1.0744698	0.8941860	0.7482225	0.5835614
N	0.7830278	0.8437581	0.5470729	1.1883114	0.6322858	1.5416062	1.2227215	1.0918580	0.6983217	0.9356728	1.1116635	0.6759420	1.4212529	0.7816002
P	0.3023593	0.5320664	0.5241285	0.2651084	0.2532043	0.5458824	0.5489686	0.5325087	0.5431635	0.7895480	0.5095089	0.2854629	0.7700644	0.2845502
Q	0.9741648	1.3841846	1.7525892	0.8350986	0.9693417	0.9180591	1.0900168	0.8933377	0.9772180	1.4840649	0.6285309	0.9755508	1.0283064	1.0509763
R	2.1197275	0.5705162	0.5991503	0.5458024	0.5063294	0.6143207	0.6266280	0.6234505	0.5928388	0.6345495	0.7403926	1.1865002	0.8813729	7.9391313
S	1.5774725	1.2144161	1.1777856	1.0089846	0.8436159	1.0122731	1.2939103	0.8191602	1.1621823	1.2681695	0.6448710	1.4440841	0.9974893	0.7871976
T	0.6928653	0.8602425	0.6894142	0.5960341	0.5964559	0.8048959	1.1748325	0.6433570	1.3021234	0.9984051	0.5849415	0.8783264	1.2730080	0.5828161
V	0.7055850	1.2217393	1.0648401	0.6005712	0.9463602	0.6185021	0.8652683	1.0607182	0.7379619	0.6304362	0.9996755	1.1632018	0.5634521	0.3538118
W	0.5559896	0.6945876	0.6917022	2.0963469	5.0368194	2.0016212	0.5712404	1.9707083	0.6006076	0.4782811	2.0903852	0.5348074	2.0592826	0.4755627
Y	1.0520742	2.1365849	1.8084820	1.1649503	1.1461590	1.2351504	1.0468554	0.6368840	1.0952850	0.5394137	1.4342160	0.6736264	1.1182639	0.5003246
