##############
# A3201 PWM for 14-mers
# Model trained on 13-mer peptides adding one non-specific position after P10.
# Copyright (2021) David Gfeller
##############
1.00000	88
A	0.9246429	0.7415117	1.1682606	0.8255667	1.1243052	1.0036008	1.0515272	1.6307059	0.9785069	1.2559586	1.0000000	0.7416898	1.1869774	0.4182627
C	0.2873628	0.5018510	0.6922534	0.5350850	0.5880968	0.5753884	0.6568075	0.6942333	0.5728095	0.6229072	1.0000000	0.6397945	0.5845351	0.3287863
D	0.4738748	0.3349386	0.2928663	2.7745327	1.2754802	1.9003194	1.2988918	0.7404503	0.8342554	0.7310164	1.0000000	0.3568053	0.5160130	0.2197788
E	0.6806339	0.3498702	0.4219947	2.1764355	2.0197691	1.9287125	1.0960831	0.4760263	1.6245506	0.9252410	1.0000000	0.6642470	0.9405440	0.2555099
F	0.2995705	0.6038576	2.0634856	0.3295374	0.6971503	0.5059625	0.5043975	0.5162071	0.5656479	1.0832366	1.0000000	1.6202234	0.7633568	4.4699747
G	0.4061988	0.6264896	0.4194137	1.5392943	1.5132364	1.3393752	0.9935920	1.3167832	1.0328362	1.6347553	1.0000000	0.5097604	1.1605630	0.2587895
H	0.5478891	0.3124557	0.3842946	0.9758252	0.6974963	0.7355749	0.6409171	0.8224895	1.0006777	0.4692209	1.0000000	0.6795980	1.4086238	0.4789166
I	0.4471714	1.9948370	2.1147519	0.3244402	1.1080130	0.4138359	1.6689724	2.5641569	0.5546127	0.8822074	1.0000000	1.1674701	1.0398728	1.0878330
K	4.4463287	0.4009910	0.5745806	0.7601503	1.0910984	1.2992794	0.6795387	0.6957166	1.7719695	1.2861343	1.0000000	0.5428461	1.2549744	0.2989464
L	0.4218970	1.9493560	2.0921568	0.2829445	0.5778656	0.5895807	1.3534353	0.9581090	0.8177932	1.2037636	1.0000000	2.4218643	0.6709973	1.8568294
M	0.4919361	1.3044398	2.2483299	0.3690629	0.9104044	0.6701727	0.7181340	0.7122457	0.9266947	0.8333333	1.0000000	3.9618041	0.7813960	1.0002891
N	0.6275370	0.4240328	0.3395929	1.4817890	0.5651979	0.8046149	0.6718633	0.7258810	1.5168880	1.4413215	1.0000000	0.7728075	1.2511475	0.2733080
P	0.3247313	0.2644332	0.2309347	2.1026265	1.4139737	1.0104478	0.4284936	0.5586506	0.5833634	0.5651487	1.0000000	0.5098924	0.3079051	0.1586599
Q	1.1019391	0.7546680	0.7527790	0.7531595	1.1084850	1.5196853	1.0043394	0.4165118	1.4234645	1.2716155	1.0000000	1.5625604	0.9439983	0.2873496
R	4.4387606	0.3604466	0.6830175	0.5734904	0.7090049	0.6665974	0.6444832	0.5911037	1.3639358	0.5144868	1.0000000	0.5324142	0.8509131	0.5078785
S	0.7120356	1.0276228	0.5561841	1.0355078	0.9132141	1.3402611	0.8649750	0.9767409	1.2987899	0.8542928	1.0000000	0.4228637	1.5784253	0.2849595
T	0.6220898	2.3362187	0.6003100	0.8184493	0.5344804	1.1410912	1.8215064	0.9674436	0.5745214	0.8318022	1.0000000	0.6782500	1.4987066	0.3715867
V	0.4788656	2.6500081	1.3628192	0.4281340	0.9312843	0.5107241	1.2172486	1.7207835	0.6188601	0.9634061	1.0000000	0.9306499	1.2109801	0.6509080
W	0.3084437	0.3385482	2.7947338	0.2897440	0.3216936	0.3132012	0.3323222	0.3252746	0.3441824	0.3685030	1.0000000	1.0467609	0.3590257	16.0279098
Y	0.4151217	0.4688512	1.2848475	0.7565703	0.6358862	0.6078543	0.6340375	0.6414051	0.8429730	0.8843985	1.0000000	1.4059484	0.9022598	3.4252106
