##############
# A3207 PWM for 14-mers
# Model trained on 13-mer peptides adding one non-specific position after P10.
# Copyright (2016) David Gfeller
##############
1.00000	87	0
A	0.7892757	1.2009455	0.6344034	1.5556784	0.8756145	0.7788527	1.0000000	1.0000000	1.0000000	1.0000000	1.0000000	0.9774652	1.7955027	0.3949525
C	0.3399716	0.4361610	0.3568165	0.3676453	0.3890022	0.6804112	1.0000000	1.0000000	1.0000000	1.0000000	1.0000000	0.6673765	0.4158403	0.3879995
D	0.3997263	0.4271361	0.3019919	0.7889848	0.3647228	0.6326945	1.0000000	1.0000000	1.0000000	1.0000000	1.0000000	0.3846751	0.4475119	0.2371583
E	0.6566799	0.8579296	0.3616187	1.2245418	0.4703842	0.4062182	1.0000000	1.0000000	1.0000000	1.0000000	1.0000000	0.5932366	0.7141047	0.2643645
F	1.1667023	0.7876832	2.9571418	0.5490192	1.5128541	2.5779665	1.0000000	1.0000000	1.0000000	1.0000000	1.0000000	1.9365946	0.9080405	4.9857572
G	0.5671307	0.4849313	0.3019758	1.5860428	0.9707185	0.5667141	1.0000000	1.0000000	1.0000000	1.0000000	1.0000000	0.3714511	0.8659987	0.2401123
H	1.0260508	0.4817907	0.9403034	0.9106139	1.0586573	0.8829172	1.0000000	1.0000000	1.0000000	1.0000000	1.0000000	2.2580799	0.6411843	0.3889965
I	0.6238229	0.9807874	1.0129604	0.5854021	1.1322049	0.9817486	1.0000000	1.0000000	1.0000000	1.0000000	1.0000000	1.0335165	0.5283064	2.1802081
K	1.1921067	0.5549338	0.6988989	1.1122669	0.4951672	0.6035442	1.0000000	1.0000000	1.0000000	1.0000000	1.0000000	0.4813852	0.5890824	0.6552069
L	0.6588967	0.9877228	1.3743752	0.5643920	1.1381006	1.2433305	1.0000000	1.0000000	1.0000000	1.0000000	1.0000000	0.8896920	0.6688355	2.4438637
M	3.4430739	3.1872454	3.9940239	0.6680510	1.4316443	0.6843639	1.0000000	1.0000000	1.0000000	1.0000000	1.0000000	1.7746216	0.6978678	1.5593724
N	0.5200169	0.4807933	0.5089836	1.3304519	0.5718320	1.2289052	1.0000000	1.0000000	1.0000000	1.0000000	1.0000000	0.7096311	0.6007651	0.2757976
P	0.2666912	0.5684227	0.3543997	1.5614335	0.9423252	0.8033624	1.0000000	1.0000000	1.0000000	1.0000000	1.0000000	0.9420332	4.0741214	0.1852223
Q	0.6369268	2.1708826	0.4654055	0.9599341	0.5667932	0.5723713	1.0000000	1.0000000	1.0000000	1.0000000	1.0000000	0.8432119	0.7178196	0.3063148
R	3.4391412	0.5875088	1.9207853	0.9423059	1.2484987	1.4819469	1.0000000	1.0000000	1.0000000	1.0000000	1.0000000	0.8432414	0.4084975	0.4417252
S	1.1594776	0.8900663	0.4730669	1.1380382	1.0001885	0.9284072	1.0000000	1.0000000	1.0000000	1.0000000	1.0000000	0.9928879	1.3446815	0.2985889
T	0.7292688	2.0375908	0.6515880	0.9509472	1.2062893	1.1117459	1.0000000	1.0000000	1.0000000	1.0000000	1.0000000	0.8991804	1.0782507	0.4303691
V	0.5377852	1.4688073	0.7537334	0.4827617	1.1742924	1.2245340	1.0000000	1.0000000	1.0000000	1.0000000	1.0000000	0.7616219	0.8279339	1.1474594
W	1.7531615	0.4537780	4.8234067	2.1320747	7.0340829	2.8748231	1.0000000	1.0000000	1.0000000	1.0000000	1.0000000	7.1411357	0.3486263	2.4523153
Y	2.9660119	1.8933605	2.6670170	0.6713349	0.9333834	1.3605816	1.0000000	1.0000000	1.0000000	1.0000000	1.0000000	2.2397367	1.2619299	2.2479805
