##############
# A3301 PWM for 14-mers
# Model trained on 13-mer peptides adding one non-specific position after P10.
# Copyright (2021) David Gfeller
##############
1.00000	55
A	0.4807812	0.8227668	0.7194271	0.8163824	1.5329456	1.1879282	1.0066230	0.9065901	0.8091154	1.4975188	1.0000000	0.8376830	0.7200212	0.4797809
C	0.6670734	0.8064004	1.0950284	1.0710724	1.1854741	1.1118214	1.1487649	1.1566688	1.0912127	1.1714813	1.0000000	1.1481209	1.0925419	0.2884496
D	6.8882075	0.4135554	0.6229987	2.9917000	0.9910337	2.3033543	1.4219227	0.9607693	1.1138947	0.6767594	1.0000000	0.6007063	0.5437016	0.6186788
E	1.5620620	0.6111187	1.0380682	1.6328549	1.0684615	1.5199310	1.2853758	0.7532561	1.2963448	0.8611139	1.0000000	0.4930991	0.9507618	0.6424800
F	0.7571865	1.3064387	1.2752765	0.6125388	0.7591588	0.6785748	0.6942625	0.7796736	0.5532069	0.5070823	1.0000000	1.6337171	0.9598318	0.6160141
G	0.5034276	0.9623210	0.3487045	1.2242542	0.6036402	0.6588029	1.0410947	1.1409732	1.4709923	1.6533708	1.0000000	0.6844413	0.7228667	0.5131562
H	0.5879433	0.5094798	0.5109960	0.8791870	0.4529690	0.5914612	0.8166153	0.4638148	0.9097951	0.7886144	1.0000000	0.4856106	2.1621076	0.9659670
I	0.5014946	1.5674185	1.9896266	0.4398773	1.3318649	0.7630615	1.2571400	1.6472145	0.9944315	1.0862458	1.0000000	1.6078993	0.9631363	0.4323211
K	0.6141231	0.4407349	1.2124489	0.8605887	0.6712442	1.2552606	0.9299013	1.1567071	1.4650074	1.0671984	1.0000000	0.9932604	1.5750806	1.6755865
L	0.3259001	1.5831182	1.6625404	0.5217793	1.1842836	0.5347059	0.9653868	1.1231182	0.8865875	1.1741459	1.0000000	1.4485268	0.9140771	0.7802719
M	0.4031178	1.1606710	1.4314446	0.4800376	0.9868461	0.5627734	0.7028514	0.7733629	0.6409620	0.7162569	1.0000000	1.3440096	1.1997083	0.8549749
N	1.9518434	0.8259073	0.4941637	1.3459808	0.6970414	1.2879817	1.1872159	0.5851331	1.3788931	0.7759408	1.0000000	1.0547938	0.9885327	0.6789988
P	0.3347335	0.2831468	0.2867052	1.3468755	1.9265017	0.3560069	0.5339478	0.5137899	0.3284605	0.5337604	1.0000000	0.2869133	0.7297330	0.2923571
Q	0.8131982	0.4439506	2.0461178	0.6696221	0.5422704	1.0292982	1.0925258	0.8818629	1.0078159	0.7472309	1.0000000	1.0319163	1.3229721	0.8979298
R	0.4756874	0.3946235	1.1782937	0.6656594	0.7354381	1.0398445	0.5381405	1.1112672	1.2071213	1.1096232	1.0000000	1.8224338	1.1082053	7.0889118
S	0.7528760	0.9098145	0.4871388	1.3132559	0.8108247	1.3334690	1.0302722	0.9610936	1.0773353	1.2036511	1.0000000	0.7293669	1.0572667	0.5302050
T	0.8242205	1.2689003	0.5675897	0.8860066	0.9982133	0.9227221	1.3933932	1.2472445	0.7420238	0.8920290	1.0000000	0.9699239	0.8858377	0.5195635
V	0.4890998	2.0657546	1.2315123	0.5418618	1.1861403	0.8568550	1.1175682	1.2154621	0.7099298	0.8092993	1.0000000	1.1439177	1.2293603	0.4416094
W	0.2933834	0.5736600	0.4411052	0.3396186	0.3682810	0.3864190	0.3565250	1.2427085	0.4219111	1.2086719	1.0000000	0.4328834	0.4138901	0.3861061
Y	0.4199045	2.4989919	0.8937609	0.7184105	0.7677143	1.0127252	0.5100239	0.7980225	1.2791357	0.4997012	1.0000000	0.6644873	0.9226864	0.5247649
