##############
# A3402 PWM for 14-mers
#
# Copyright (2021) David Gfeller
##############
1.00000	43
A	0.7621715	1.3504730	0.8499844	0.9727910	1.2213992	1.1497826	1.1428994	0.8452842	1.0457274	0.6659026	1.0620460	0.8666258	1.4608650	0.5853863
C	0.7741678	0.6499578	0.6777930	0.7244004	0.7367863	0.7900056	0.7486128	0.7312221	0.7388133	0.7701083	0.7300740	0.7805001	0.5110837	0.2992716
D	1.3415777	0.9366403	1.0407152	1.4119518	0.8325902	1.5803078	1.3672400	1.4419373	1.4833848	1.1179890	1.1876437	0.8240355	0.8112061	0.5757529
E	1.7895590	0.9610667	0.6123059	1.0508064	1.6744163	0.8608552	0.8265597	1.1472417	1.2223564	0.6642731	0.9913136	1.0961786	1.2393024	0.8314892
F	1.3914266	1.1583759	2.2699069	0.8557165	1.2015560	1.1030128	0.8762673	1.1621679	1.0015220	1.6033268	1.4909610	1.7038453	0.8055985	0.3873676
G	0.4751425	0.6602295	0.9609577	1.2097456	1.0259742	1.0554832	2.1416643	1.0248592	1.8253242	0.7939808	1.0217091	1.0459616	0.8757242	0.6382177
H	1.8332256	0.9076787	0.6373415	0.5910425	1.0156726	0.9123438	0.9458616	0.5558019	0.5630567	0.4709904	1.0285531	1.3632349	0.5121396	0.6706521
I	0.8662245	1.1257855	1.4898700	0.8301765	0.6434101	1.0904529	0.7396231	0.9032678	0.7088494	1.4472011	0.8159144	0.9629243	1.0289178	0.5227923
K	0.6941210	0.5671436	0.4793403	0.7779044	0.6480658	0.5641114	0.7124850	0.9858177	0.9446310	0.8186001	0.7189863	0.5734316	0.7935006	4.7358130
L	0.8325538	0.9639780	0.9269402	1.0138852	0.7457266	1.0110264	0.8762425	0.8653849	0.9762757	1.1812629	0.7436530	1.2429763	1.2078511	0.4149217
M	0.6886006	0.7889029	1.0572268	0.7071203	1.1982081	1.0257509	0.6404433	0.6755062	0.6731590	0.8248330	0.6573746	0.7960807	0.7972113	0.5590928
N	1.1942517	0.8097042	0.5496416	1.3099347	0.6234646	1.1210763	0.9203427	1.2986958	1.1911423	1.0355314	1.2794113	1.5504323	1.2531415	0.7572464
P	0.3557201	0.8489430	0.7958644	1.0834825	1.3494220	0.5926969	0.8454982	1.3722430	0.3543857	1.3191311	1.3355904	0.3187599	0.6035495	0.3867239
Q	1.1178273	0.9397705	0.6569828	1.3670994	0.8650607	0.7493410	0.5654703	0.5966948	1.2384663	0.7129188	0.9599049	0.5836386	0.6397234	1.0531875
R	0.7518544	0.4816496	0.4156576	0.7225149	0.6912835	0.4752516	0.6589477	0.5308704	0.7607286	0.6699564	0.5139027	0.6747277	1.0585236	3.5780159
S	1.2684637	0.9154233	1.0670710	0.9639706	1.0966917	1.4223224	1.1268301	0.7293219	1.3618320	1.1288924	0.7778075	0.9004884	1.0268460	0.6358839
T	1.7384386	1.5878826	0.6318130	0.7940122	0.9436640	1.0229232	1.2366600	0.9269556	0.9869502	1.1317019	1.2131237	1.5959440	1.1493136	0.5923194
V	0.6639891	1.8286873	1.2780478	0.9753445	0.8395056	1.3088981	0.7344607	1.2366311	0.6029744	1.5042816	0.9848129	1.0945091	1.4568707	0.4476560
W	0.4987612	0.4679202	1.7963023	1.5080366	1.6041512	0.4283137	0.4761418	2.6936218	0.3974068	0.4194510	0.5687419	1.6078259	0.3870902	0.3946711
Y	1.3840587	1.2890228	3.4115771	1.2140529	1.9524414	0.9307702	1.5084687	1.3213450	0.5541621	0.6741297	2.2864344	0.7794510	0.5476385	0.8193402
