##############
# A3601 PWM for 14-mers
#
# Copyright (2021) David Gfeller
##############
1.00000	69
A	1.2338061	1.0576454	0.8280715	1.2605545	1.1067876	0.8619365	1.1073281	0.8611164	1.0162946	0.8872734	1.3682119	0.9686266	1.0340001	0.4136813
C	0.7260658	0.6901112	0.5390588	0.7377334	0.7396046	0.7133180	0.7359455	0.7111392	0.7072900	0.6890373	0.7704171	0.7175916	0.4204754	0.2953232
D	0.4861147	0.5128387	4.9915977	1.5525806	1.1719014	1.1128608	0.9293137	1.5894186	2.1459839	1.6914299	0.5998625	1.0996829	0.4414703	0.2710786
E	0.6417847	0.4849873	3.0675186	1.1750069	1.7560515	1.0685466	0.9287112	1.3046951	1.2378108	1.3042258	0.4769361	0.8468137	0.7027223	0.3481851
F	0.3510153	0.4911861	0.3736865	0.4324930	0.8413862	0.9561654	1.0370723	0.8143407	0.5935528	0.7333204	0.9764938	1.1093474	1.4254238	2.2962477
G	0.9434432	0.5070954	0.4429276	0.5909497	1.2981099	1.4125313	1.1732374	1.1966610	0.9679032	1.0406493	1.4644349	0.8115803	0.3988746	0.2685503
H	0.5338000	0.4132865	0.5796787	0.7447792	0.4879539	0.4897427	1.0337790	1.8931337	0.7807100	1.6485655	0.7819431	1.0821734	0.8136941	1.2863683
I	0.7443016	0.9737451	0.8808242	1.1591594	1.3589931	0.8856953	0.7750924	0.7130497	0.8797782	0.7525285	1.0479837	0.7772043	0.8789815	0.5482474
K	3.2352298	0.5417481	0.6705781	0.7943301	0.6669782	1.2141644	1.0820722	0.8797430	0.9081370	0.9032950	0.7262411	0.5805019	1.1191930	0.4034667
L	0.4408209	0.9819907	0.3928825	0.8351079	0.8263004	0.7687310	0.9174594	0.9636800	0.7767551	1.0235372	0.8487791	1.0631732	1.6977067	0.5367821
M	0.7558003	0.9296356	0.8879930	0.6020865	0.6448645	0.8191388	0.6388110	0.8330474	0.5676876	0.8359153	1.3153062	0.6725346	1.7080294	0.5901045
N	0.6360279	0.6949455	0.8568229	1.0834839	1.0578370	1.0913481	0.9040647	1.1342943	1.3243876	0.9557518	1.0273657	1.8162913	0.9781984	0.3894442
P	0.5088133	0.3688999	0.3338825	2.0283846	0.6547825	0.9884097	0.9852458	1.1744773	1.0002026	1.1585054	0.6496260	0.2880696	0.2852870	0.2276303
Q	0.9301591	0.5195246	1.1915823	0.7186256	1.0244534	1.1671885	0.8543166	0.8904317	1.0326877	1.0389170	1.0752781	1.3927876	1.1513462	0.4297435
R	3.3252928	0.4626821	0.5079022	0.8565082	0.4704165	1.0508205	1.0182018	0.6361890	0.7675094	0.8938579	0.5947289	0.8588575	1.4401760	0.5126182
S	0.9485891	2.7997194	0.7773417	1.2955565	1.0319441	1.1190551	1.1849146	1.3378684	1.4705269	0.9129341	1.1376255	1.0827172	0.8820595	0.4533696
T	0.7008076	3.8255451	0.5474740	1.0787811	1.1653016	1.3756138	1.1626016	0.6085969	1.1856722	0.8914951	1.4005937	1.0408572	1.0233129	0.4094205
V	0.6899303	1.2819845	0.4931169	0.8231373	1.2184092	0.9310677	1.1901623	0.9740530	0.5692556	0.6424805	0.9402280	1.1014752	0.8717948	0.5252136
W	0.3276102	0.3441317	0.3087796	1.0266037	0.3631642	0.3496216	0.3928049	0.3417713	1.0336725	0.4126472	2.6462210	3.9795989	1.9521558	1.6435017
Y	0.4364029	0.4671419	0.6140931	0.4542081	0.7207483	0.5018310	1.0061599	0.5482104	0.4706388	1.4550936	1.5287125	1.1132134	1.6041577	16.3015200
