##############
# A6601 PWM for 14-mers
# Model trained on 13-mer peptides adding one non-specific position after P10.
# Copyright (2021) David Gfeller
##############
1.00000	43
A	0.6366741	1.3888947	0.8544348	0.8299773	0.9129325	1.2107010	0.6443854	0.8922380	1.2440956	1.3642819	1.0000000	1.7588026	0.8876247	0.4975903
C	0.6732351	0.7600487	0.6984631	0.6877138	0.8062833	0.7715274	0.6828647	0.7129618	0.7076085	0.7981702	1.0000000	0.7954970	0.4249450	0.2726184
D	1.9423432	0.4874397	0.3282671	1.7427306	0.4779059	1.2520373	1.7118598	0.9872883	0.9936725	0.5314498	1.0000000	0.7834569	0.7556254	0.4889447
E	3.5127512	0.6144672	0.3789917	1.7658804	0.5800768	1.3324849	1.5196747	0.7133485	0.9963118	0.6699717	1.0000000	0.5691200	0.7438606	0.7143300
F	1.1286905	0.5448279	2.5993653	0.6859007	1.4114199	0.4408893	0.7496891	1.2352551	0.6973828	1.0528060	1.0000000	0.6740527	0.9297956	0.3447770
G	0.4540387	0.4970526	0.3361781	1.9594337	1.1658422	1.7992284	1.9422498	2.3095562	2.6902168	1.4431894	1.0000000	2.4188113	1.7545175	0.3872457
H	1.9150887	0.3931417	0.5697086	0.5773440	1.2415397	0.5258251	0.5874938	1.3175372	1.3233722	0.5065050	1.0000000	0.5284579	1.0165077	0.7180901
I	0.4354156	1.2829378	3.1762628	0.5593913	1.4363743	1.0179097	0.5901636	0.7019697	0.6250924	0.8601048	1.0000000	0.5612971	0.8119547	0.3304790
K	0.7676730	0.5358124	0.8470187	0.7979314	0.5229748	0.8123370	0.9729282	1.0350772	0.9188323	1.0595069	1.0000000	0.8064935	1.3002509	1.8712324
L	0.4028429	0.7499557	1.1205767	0.4866864	1.1834344	0.6131116	0.8493227	0.7745161	0.4266355	0.9067868	1.0000000	0.5484088	0.8410917	0.4063346
M	0.5127142	0.8132459	1.2563682	0.5031672	0.8310919	0.6314681	0.6228874	0.6256655	0.5176736	1.2828548	1.0000000	0.5739261	0.9616172	0.5438421
N	0.8008773	0.6041237	0.3866836	0.9899041	0.7951268	0.7428727	1.1810454	1.3514638	0.9024037	1.0624302	1.0000000	1.3502772	1.0818852	0.7447806
P	0.6161238	0.6270078	0.2620011	1.8700500	1.0757208	0.6240312	0.8514592	0.8357013	1.5998911	0.6074423	1.0000000	0.6232640	1.0975982	0.3146246
Q	0.9386590	0.5198020	0.6161710	0.8840200	0.4966411	1.2301895	1.2734368	0.9757381	0.9939936	0.7963513	1.0000000	0.9651176	1.3829293	1.0363545
R	0.6035145	0.4549115	0.6190748	0.5353028	0.6149279	0.7284118	0.9433264	0.9205545	0.8898710	1.1082987	1.0000000	1.0598898	0.6342572	8.0982938
S	1.2957686	1.4581613	0.4371185	1.3461925	1.0809981	1.4976267	0.7694279	0.9011239	0.7932052	0.9678134	1.0000000	1.3467530	0.8599052	0.5781688
T	0.6400009	2.7819150	0.5712005	0.9615959	1.7148274	1.3239011	1.0519767	1.2057401	0.7417111	1.7309021	1.0000000	1.3070313	0.9233987	0.5512071
V	0.5584251	2.8453181	1.5124638	0.4932773	1.4317430	1.0244599	0.7634447	0.6883463	0.7461392	0.9559744	1.0000000	0.8163882	0.9656431	0.3892980
W	1.5955828	0.3653844	1.8029016	0.3749545	0.4596019	0.3557026	0.4034739	0.4128472	0.3931369	1.5086478	1.0000000	0.3722042	0.5176258	0.3839651
Y	1.9792041	0.5224289	3.1717403	0.7946375	1.0153368	0.4616910	0.8294489	0.6333746	0.8490565	0.6145560	1.0000000	0.4920524	1.8878595	0.4871559
