##############
# A6802 PWM for 14-mers
#
# Copyright (2018) David Gfeller
##############
1.00000	19	2
A	0.7415514	1.4034530	1.9960292	0.7979649	1.0355938	0.9597932	0.9944850	0.9918781	0.8210260	1.2283038	1.1921414	1.3924047	1.4845731	0.8961502
C	1.0660754	0.9551436	1.2874967	1.0668966	1.1369945	1.1105026	1.1067516	1.0701788	1.0446247	1.1259757	1.1126126	1.1508265	1.0863061	0.7790309
D	0.8305441	0.6135794	0.4118663	1.1020492	1.0007941	1.3926350	1.3621858	1.1474050	1.1096843	0.5944103	0.6020453	0.6223145	0.6057047	0.3128762
E	1.9596281	0.8134789	0.4230115	0.9519185	0.6146785	0.8721933	0.5882057	1.3501610	0.6598740	0.8337502	1.1048467	1.1229556	0.7221884	0.3232461
F	2.1138503	0.5794264	3.1026245	0.5996761	0.6199385	0.6626421	0.4950959	0.5106740	0.9216960	0.6756057	1.4459043	1.5371941	0.7402260	1.8973722
G	0.5565992	0.6532646	0.6383436	2.3172508	1.4632146	1.8409878	1.8702294	2.3182434	2.7990873	2.3290085	1.4187797	1.0407774	1.1252280	0.3822738
H	2.7179658	0.4251996	0.4211851	1.2968838	1.9050164	0.5137871	1.1268820	0.5197099	1.2499813	1.9227850	0.5017813	1.2054799	1.3376747	0.3272075
I	0.5508168	1.0688498	1.5497635	0.7207008	0.9879557	0.9150238	0.8219990	0.8924281	0.4333531	0.8022539	0.7993338	0.9093922	0.5801866	2.4837522
K	0.7807857	0.6548340	0.4982936	0.9895997	0.6370424	1.1844382	0.6553613	0.7312880	0.9963487	0.7104785	1.0337095	0.9928939	1.3177381	0.4049232
L	0.7697507	0.9518317	1.0273735	0.6276874	0.6405468	1.1758177	0.9234527	0.7303111	0.6227145	0.7671813	0.6613930	1.0508910	0.9211126	2.2189105
M	0.7826288	0.9434939	1.4860597	1.6421739	0.7537175	0.8736770	0.7482553	0.6948933	0.6278756	0.7684236	0.7591798	0.8934251	0.8294593	1.9596507
N	0.8154946	0.7362244	0.4736244	1.2244562	1.1298904	0.7241191	0.7216886	1.1408273	1.6592822	0.7375969	0.6074584	0.6578346	0.7824058	0.3457837
P	0.3243952	0.3653768	0.2982215	0.7568797	1.6212760	0.7500071	2.4985680	1.1866840	1.1909311	0.3103959	1.6200405	0.7585785	0.3549215	0.2318480
Q	1.1689383	0.6221637	0.4431080	1.3495422	0.9007445	0.6542371	0.5543570	0.6889361	0.9743594	0.9664075	1.0026728	1.0172512	1.3823479	0.3750671
R	0.7118760	0.5847065	0.4557739	0.7190763	0.5740208	1.0348898	0.8829180	0.9371268	1.0447034	0.9726430	1.3807985	1.0429276	1.1855178	0.4013569
S	1.1996687	1.6196186	0.8052251	1.0135381	1.1217414	0.7592405	0.9352988	0.9758850	1.2052918	1.0048977	0.7230142	0.9812753	1.4844666	0.4719814
T	1.4568180	2.7488544	1.2242994	1.1981575	0.7449556	1.1617703	0.9266259	0.9252979	0.9531859	1.1845234	0.6686399	0.9532744	1.3030247	0.6815592
V	0.5588184	1.7335106	1.3862828	0.5989890	1.3390769	0.8744773	0.7977256	0.6416428	0.4483794	0.8171023	1.2962343	0.8965592	0.6271451	2.2185749
W	0.7959694	0.5095841	0.7746688	0.6075705	0.5621365	0.5908805	0.4346430	3.1606850	0.5162388	3.3257311	0.5588912	0.6112794	0.7264784	0.6611634
Y	1.7209696	0.5804628	1.1532398	1.2146400	1.2799559	1.1506112	0.5429805	0.5671120	0.6496416	1.3673119	0.7498677	0.8455893	1.8984198	0.8813290
