##############
# A6801 PWM for 14-mers
#
# Copyright (2021) David Gfeller
##############
1.00000	161
A	0.4831944	1.4982602	1.2596668	0.9864041	1.0213331	1.0612693	1.5972723	1.1062352	1.2658403	1.4151380	1.2568174	1.4482907	1.1218935	0.4066831
C	0.8667605	0.6622392	1.0460750	0.9292735	0.9743732	0.9447005	0.9743887	0.9422811	0.9457536	0.9535810	0.9651370	0.9926019	0.6741062	0.2243404
D	2.0892244	0.4602533	0.3693580	1.7787664	1.0730750	1.9019042	1.2793794	1.5401423	1.2828848	0.8486738	0.5350523	0.4114278	0.3939537	0.3472159
E	3.1493357	0.3101854	0.5884312	1.5793956	0.5270203	1.3247029	0.8136490	1.1036587	0.9105121	1.1377411	0.9874050	0.6399843	0.9875468	0.4951864
F	0.9550558	0.5847804	3.3284044	0.5057180	1.0707012	0.6920214	0.3308074	0.6938474	0.5752180	0.8043823	1.2190185	0.9626253	0.9462916	0.2435536
G	0.5557337	0.6326233	0.4758856	2.1013579	1.2221999	1.4903900	1.6997150	1.5614551	2.1642621	2.0466811	1.5442597	1.1757651	1.4386796	0.2777378
H	1.5960040	0.2738451	0.7925115	0.3898316	1.0579890	1.0765056	0.6430996	0.6603315	0.6380127	0.6613074	0.7904421	0.9144756	0.8340932	0.4638480
I	0.7389647	1.2623636	1.9819038	0.4104438	1.5127277	0.8845749	0.7883282	0.7787395	0.6621794	0.5767278	0.8948676	1.5750068	0.4529679	0.3206552
K	0.4684438	0.3450711	0.6681565	0.5722776	0.4318643	0.6349581	0.8831426	0.9984551	0.7203395	0.8310157	0.7410252	0.8663742	1.8077409	2.6897332
L	0.5029232	0.8966608	0.6092826	0.6362831	0.8555732	0.5461089	0.7394126	0.8077934	0.5799090	0.5206701	0.8881291	0.8468872	0.9023065	0.4038565
M	1.0823809	0.5725773	0.5475048	0.5197363	0.5054346	0.9466899	0.7125731	0.7054282	0.3921412	0.5386185	0.6105720	0.5326080	0.7380461	0.3884334
N	1.1214341	0.7233655	0.5082292	1.1031810	0.6781123	1.2490403	0.9788187	1.8305978	0.9800062	0.8802444	1.1786917	0.7352422	0.9634282	0.5859334
P	0.2414658	0.8252509	0.7022814	0.9876539	1.2192175	1.3989918	0.8293510	0.8150813	1.8160558	1.3202093	1.2260292	0.3933818	0.4915792	0.2257141
Q	0.6205000	0.4960901	0.6617089	1.1285951	0.8605952	0.5036103	1.1799537	0.8548138	0.8309916	1.1002540	0.9024060	1.0665005	1.0753501	0.7687187
R	0.4448233	0.2949756	0.3075140	0.7676219	0.5156253	0.4101150	0.5776096	0.6531629	0.8911341	0.6392112	0.4867877	0.9014741	1.3513482	8.8173533
S	1.3237078	1.2608374	1.1373972	1.4337323	1.3398077	1.1752600	1.2077480	1.3152103	1.2322255	1.3825227	1.2585334	1.1970898	1.2259338	0.5087304
T	1.6068306	2.8644082	0.8274129	1.0938339	1.4249173	1.2868466	1.4988860	0.7172319	1.1539433	0.9721257	1.0992838	1.0504689	1.1032352	0.5208821
V	0.7117235	3.0825739	1.6731926	0.5634280	1.3527960	0.9386580	0.9135283	0.9276996	0.7012074	0.9074282	1.1280055	1.7909599	0.9253190	0.3442316
W	0.3176748	0.2580826	1.1168510	0.6137492	0.6495358	0.2480720	0.6053449	0.5982643	0.2420848	0.2795588	0.2923767	0.6409123	0.3058982	0.2549722
Y	1.5422246	0.4918792	2.2519641	0.8237913	1.1681520	0.4830064	0.5823720	0.3565216	0.4540213	0.9872383	0.9130390	0.7928970	1.1615884	0.3304962
