##############
# B0702 PWM for 14-mers
#
# Copyright (2021) David Gfeller
##############
1.00000	81
A	1.9712106	0.9265366	1.1747339	2.0434746	1.2250874	1.0306364	0.9887274	1.3628429	1.1649887	1.1700848	1.7097380	1.5103506	1.9935373	1.2118564
C	0.7742354	0.3865112	0.5678491	0.7271507	0.7230014	0.6642145	0.6980326	0.7117500	0.7146867	0.6947279	0.7342007	0.7380053	0.9042121	0.6336529
D	0.4680995	0.3980554	0.4561173	0.9760847	0.7015983	1.1723409	0.7711217	1.6530104	0.4917993	0.7561020	0.5908855	0.6601425	0.5988292	0.2833154
E	0.6218516	0.4090576	0.6649230	0.5698093	0.7316518	1.5411765	1.1497924	1.0940433	0.9989230	0.8744758	0.7131576	0.9850254	0.6934293	0.4010950
F	0.4150826	0.2730996	0.3591915	0.5020816	0.7538539	0.5050260	0.5663549	0.3953965	0.7427922	0.7306978	0.9491136	0.7029971	0.7657139	1.1014160
G	0.8311491	0.3783471	0.6278897	2.6538030	1.7121349	1.4883086	1.3852208	1.3282814	1.9471590	2.0610483	1.7507806	1.5882119	0.7224826	0.3143933
H	0.7271796	0.3387983	0.8113226	0.4212296	0.6566379	1.0251357	0.4561207	0.4421257	0.4267653	0.7119992	1.3998793	0.7075244	0.6907116	0.5773977
I	0.5236005	0.4845498	0.4833289	0.6054005	0.9878724	0.6805514	0.5947156	1.0550657	0.8515451	0.5834214	0.8525798	0.7177474	0.7757945	1.4210193
K	1.1900254	0.4718493	1.2503028	0.7052373	0.6935318	0.8295453	0.7499767	0.7544160	0.8876173	1.1931769	0.5940710	0.8606803	0.6681937	0.5538686
L	0.6733272	0.3620495	0.4534210	0.4951578	0.8017407	0.5453807	0.6882233	0.8178186	0.7749916	0.5940310	1.1519784	0.5539062	0.8081850	3.8814192
M	0.5626865	0.5900071	0.5077029	0.4649200	0.7863859	0.7153648	0.7473002	0.5622536	0.7612595	0.7110672	0.6270052	0.5336671	0.6286552	1.5732410
N	0.6112933	0.3776619	0.8902975	0.8604082	0.5417955	0.7547092	0.8437147	0.7616405	0.6818267	0.7457966	0.9535568	0.8924808	0.7129979	0.4507886
P	0.3352886	10.3998686	0.4429057	1.9407418	2.0659119	0.8936498	2.2202950	1.5080898	2.0918285	1.4915449	1.1849084	1.2313155	0.6250312	0.5329798
Q	0.7501290	0.3813954	1.0113375	0.7336767	0.8668485	1.0073213	1.3177409	0.8047151	0.6416518	0.9382643	0.6095134	1.0841749	1.1698165	0.3712552
R	2.6503955	0.3358696	6.0467396	0.6435994	0.6478968	1.4917604	0.6943913	0.9008955	0.6733844	0.8442301	0.6412841	0.8291386	0.9108979	0.4784224
S	2.0267097	0.5033957	0.9550678	1.3446006	1.4057091	1.1900830	1.2138414	1.6008430	1.4245717	1.6613386	1.3575560	2.0328705	2.0950123	0.4732589
T	1.1756688	0.5188334	0.7501939	0.8938570	1.0025551	0.9673437	1.4922179	0.9236971	1.0032392	0.9119099	0.8897330	0.9769816	1.3016291	0.5070219
V	0.8558107	0.9709737	0.5995833	0.5862123	1.2218049	0.8898849	1.1445081	0.7524092	1.0360437	0.8008316	0.7621766	1.0160521	1.4045075	1.2466848
W	0.9620574	0.1778412	0.3401695	0.2942216	0.3285570	0.4032664	0.9429433	0.2930944	0.3277119	0.3468130	0.3561517	0.3176331	0.3464497	0.4043663
Y	0.6610807	0.3388486	0.6416152	0.3877590	0.6633896	1.6733548	0.6460906	0.3942565	0.6480863	0.8609825	0.7264939	0.4589314	0.6957210	0.7653342
