##############
# B0704 PWM for 14-mers
# Model trained on 13-mer peptides adding one non-specific position after P10.
# Copyright (2021) David Gfeller
##############
1.00000	149
A	1.8690960	0.7408124	1.3336835	1.2304502	1.1353363	0.7346182	1.4115831	0.7954846	1.0000000	1.0000000	1.0000000	0.9683650	1.3400616	0.6140935
C	0.7153939	0.3078287	0.5692128	0.6614082	0.6422715	0.5988137	0.6859427	0.6407876	1.0000000	1.0000000	1.0000000	0.6363077	0.8341467	0.5524311
D	0.4274156	0.3249811	1.6601091	0.8628429	0.9934128	0.3993092	0.4579001	0.7827085	1.0000000	1.0000000	1.0000000	0.4229550	0.6100741	0.1908556
E	0.4173986	0.3331631	0.5184137	0.9053510	1.0043320	0.7068754	0.6272745	0.9044998	1.0000000	1.0000000	1.0000000	0.6091371	0.9107678	0.2742113
F	0.4450612	0.2103103	0.4187864	0.7616391	0.6307308	0.3148805	0.4774671	1.0949295	1.0000000	1.0000000	1.0000000	0.4741271	0.4783979	1.9853476
G	0.5685677	0.3649886	0.5476386	1.1330489	1.0880668	1.1072033	1.2179458	1.3610940	1.0000000	1.0000000	1.0000000	0.3030640	0.6653852	0.2016129
H	1.1522695	0.2766334	1.5478886	0.8293190	1.6472602	2.2670969	0.9807537	1.3173905	1.0000000	1.0000000	1.0000000	1.7980143	0.3451624	0.2481446
I	0.6872567	0.4592400	0.3769664	0.8728791	0.4445428	0.7198298	1.1846154	0.7463240	1.0000000	1.0000000	1.0000000	1.2461184	1.2316548	1.5212519
K	1.1450140	0.3917888	1.9017023	0.6938664	0.9340672	2.6029347	1.1076094	1.0802398	1.0000000	1.0000000	1.0000000	1.0746622	1.3215940	0.2615921
L	0.6879582	0.3108704	0.3378526	0.9914083	0.4838494	0.7361230	0.6911489	1.0666139	1.0000000	1.0000000	1.0000000	0.8810395	1.1640192	4.6895666
M	0.9124829	0.3012422	0.8125796	0.6262929	0.5520768	0.4428560	1.0421607	1.0825606	1.0000000	1.0000000	1.0000000	0.5284886	0.7206643	1.8707903
N	0.5525073	0.3104192	2.0333912	0.5412660	1.2355491	0.9466685	0.6383626	0.9061091	1.0000000	1.0000000	1.0000000	0.6252760	0.4379957	0.2163672
P	0.3434810	11.9173285	0.5397899	2.3210141	1.4203796	0.9626494	1.7001573	0.9534985	1.0000000	1.0000000	1.0000000	0.5891380	0.2514539	0.3478568
Q	0.6744714	0.3117538	0.8952645	1.3301486	1.2043952	0.8339887	0.5157504	1.3578676	1.0000000	1.0000000	1.0000000	1.1501788	1.4549029	0.3478884
R	3.3170713	0.4187257	1.7579268	0.7372667	1.2890523	3.0143988	0.8280062	1.2141227	1.0000000	1.0000000	1.0000000	4.0755171	1.0155807	0.3299659
S	1.7211297	0.4038964	2.1502774	1.5429678	1.7849237	0.9810597	1.8979452	0.8261899	1.0000000	1.0000000	1.0000000	0.9054425	1.3495927	0.3130680
T	0.8551793	0.4780758	0.6664230	0.9606692	1.1135798	0.6408239	1.4074053	1.2615032	1.0000000	1.0000000	1.0000000	0.7244462	1.6759802	0.3900277
V	1.3299695	0.7082270	0.4083838	0.6850605	0.7589376	0.4946102	0.7863359	0.9481856	1.0000000	1.0000000	1.0000000	1.3140292	1.6059097	1.5020915
W	0.2725196	0.1393281	1.0360087	0.6492605	0.6534331	0.2649629	0.2783319	0.3048710	1.0000000	1.0000000	1.0000000	0.2835902	0.2667079	0.3588409
Y	0.5200138	0.2667244	0.7961768	0.6595183	0.8043621	0.5292674	0.9063655	0.8416543	1.0000000	1.0000000	1.0000000	0.6835524	0.3686637	0.6699486
