##############
# B1302 PWM for 14-mers
# Model trained on 13-mer peptides adding one non-specific position after P10.
# Copyright (2016) David Gfeller
##############
1.00000	21	0
A	1.1977620	0.7326141	0.8204358	0.7587135	0.8984443	0.8546048	1.1478340	1.8447366	1.1497060	1.0000000	1.0000000	0.8719957	0.8155614	0.9480871
C	0.8731558	0.6355216	0.8148815	0.8000370	0.9111900	0.9306682	0.8142222	0.9370198	0.9169064	1.0000000	1.0000000	0.8430161	0.5799118	0.7763577
D	0.5919202	0.6766566	0.8066576	1.5233024	1.2584592	1.5771911	0.7396985	1.4782035	1.3505465	1.0000000	1.0000000	1.0737919	0.6893974	0.3942382
E	0.6826674	1.2883069	0.4694976	1.4689047	0.5883351	0.9505789	1.3873163	1.2846528	1.1025571	1.0000000	1.0000000	1.1902663	1.2811756	0.5963195
F	0.4128034	0.5565838	1.5106589	0.9055197	0.7575305	0.4836225	0.4193822	0.4421422	1.0543956	1.0000000	1.0000000	0.6621553	0.9813941	0.7975572
G	2.2140510	0.5242742	0.4569291	1.7657067	0.9173970	1.0837349	1.4055147	1.5450951	1.7395008	1.0000000	1.0000000	0.5578257	0.5593499	0.3914612
H	0.5745547	0.6805468	0.5845523	0.5703692	1.7585114	0.5824117	0.5679027	0.5800902	0.4775116	1.0000000	1.0000000	1.2657857	0.5801848	0.3072689
I	0.4221591	0.8115534	1.8928135	0.5681886	1.5021929	0.7319099	0.4641167	0.6767279	1.3796851	1.0000000	1.0000000	0.7641886	1.1608282	3.1418059
K	1.8271091	1.0284236	0.7942308	1.2369813	0.5884651	0.7369714	1.1537189	0.8694936	0.6467342	1.0000000	1.0000000	1.0803377	1.5899817	0.4498381
L	0.6265580	1.5167200	1.2601183	0.8470293	1.4492070	0.6129727	0.7937396	0.5645441	1.2745732	1.0000000	1.0000000	1.1709468	0.8965164	1.4688196
M	0.6587218	1.1229501	2.3990163	0.7293618	1.0240207	1.1671840	0.6755809	1.1385892	0.9778146	1.0000000	1.0000000	1.3414039	0.9205021	1.3100485
N	0.8102402	0.7337794	0.8800247	1.1780355	0.6815015	2.3985526	1.0761926	0.8395577	0.6694201	1.0000000	1.0000000	1.4660911	0.7439713	0.3919892
P	0.3350803	0.3128808	0.2505309	1.1322094	1.1021368	0.3438737	2.3544592	0.3674270	0.2969072	1.0000000	1.0000000	0.7108430	0.3320905	0.2564799
Q	0.8603826	4.4631549	0.5316942	1.3722656	0.8453769	1.0016500	1.1009474	1.6772661	1.2077905	1.0000000	1.0000000	1.3807955	2.0435432	0.4266787
R	3.5584485	0.9694642	0.8856152	0.7641534	0.5420347	0.6633593	1.7355111	1.0477794	0.5659448	1.0000000	1.0000000	1.4296648	1.2523176	0.4060693
S	1.1975772	0.8984807	0.5599680	0.9584032	0.8739662	1.5284250	0.9723324	1.5030077	0.8792794	1.0000000	1.0000000	0.7440078	1.3112656	0.5415355
T	0.9414178	0.7127602	0.6433406	0.9125020	1.1483846	2.0662583	0.6762987	1.0410268	0.6819913	1.0000000	1.0000000	0.9142659	1.0355856	0.9938052
V	0.4827900	0.9940338	1.3866587	0.6776849	0.9240333	1.1151500	0.4968279	0.6387547	1.1797865	1.0000000	1.0000000	0.9630774	1.2435577	2.7964765
W	0.4971952	0.5415353	3.3417570	0.5053953	0.5966617	0.4723218	0.4375736	0.4861373	0.5455860	1.0000000	1.0000000	0.5991736	0.5498454	0.5125678
Y	0.5047899	0.6373199	2.5466910	0.6021274	1.2533376	0.5285755	0.4968871	0.5261044	0.6445723	1.0000000	1.0000000	1.2103112	0.6902488	0.6242096
