##############
# B1401 PWM for 14-mers
# Model trained on 13-mer peptides adding one non-specific position after P10.
# Copyright (2021) David Gfeller
##############
1.00000	103
A	0.4419790	0.4995270	0.4901599	0.7282088	0.6624721	0.7579722	1.0000000	1.0000000	1.0000000	1.0000000	1.0000000	0.5607707	1.4589515	0.5300147
C	0.6748894	0.3829340	0.5954599	0.6630427	0.6231785	0.7050191	1.0000000	1.0000000	1.0000000	1.0000000	1.0000000	0.6957148	0.4127937	0.4226473
D	3.6999711	0.6857454	0.4398734	1.6829255	0.7373232	0.7119519	1.0000000	1.0000000	1.0000000	1.0000000	1.0000000	0.5731307	0.9672486	0.2053224
E	1.0064935	1.1638323	0.3791947	2.3131885	0.7442792	0.5996742	1.0000000	1.0000000	1.0000000	1.0000000	1.0000000	1.0812211	1.5786969	0.2367678
F	0.9581500	0.3088123	3.5401937	1.1054604	1.1114202	1.1809060	1.0000000	1.0000000	1.0000000	1.0000000	1.0000000	0.9772012	0.6257342	1.7803920
G	0.7692496	0.3389959	0.4692542	0.5172360	0.9658191	0.9558674	1.0000000	1.0000000	1.0000000	1.0000000	1.0000000	0.4353328	0.7199246	0.2193691
H	0.9681515	0.9869592	0.7266690	0.6610142	0.7474040	0.8543491	1.0000000	1.0000000	1.0000000	1.0000000	1.0000000	1.3020895	0.4543650	0.3870338
I	0.5095233	0.2825739	1.1912653	0.9458617	0.5849121	1.4835465	1.0000000	1.0000000	1.0000000	1.0000000	1.0000000	1.4513375	0.6287714	1.5975881
K	0.6165143	1.2935475	0.8045513	0.7623611	1.4172684	0.8356489	1.0000000	1.0000000	1.0000000	1.0000000	1.0000000	0.8305379	0.8966503	0.2872324
L	0.4164116	0.3183130	1.2985694	1.2560701	0.4282303	0.8113591	1.0000000	1.0000000	1.0000000	1.0000000	1.0000000	1.1346877	0.4847201	4.1907444
M	0.9431440	0.4333947	0.8777045	0.9474770	0.4621227	0.9612950	1.0000000	1.0000000	1.0000000	1.0000000	1.0000000	1.5208032	0.8757532	1.6656547
N	3.4619989	0.8329615	1.0827114	0.7506101	0.7896114	0.9478461	1.0000000	1.0000000	1.0000000	1.0000000	1.0000000	1.4230194	0.7259318	0.2444128
P	0.3850899	1.1243571	0.7030604	1.6037499	0.9931398	0.8643259	1.0000000	1.0000000	1.0000000	1.0000000	1.0000000	0.5022786	0.3224905	0.1877661
Q	0.8715461	1.9073161	1.1860264	1.2517942	0.8563712	1.2632999	1.0000000	1.0000000	1.0000000	1.0000000	1.0000000	1.3093061	1.6180466	0.2919147
R	0.9075172	6.5512349	0.7794031	0.5424575	4.3758540	1.3727381	1.0000000	1.0000000	1.0000000	1.0000000	1.0000000	0.9323344	0.6918761	0.2928609
S	0.8144340	0.6379323	0.4635139	0.7501748	0.8998577	0.7705305	1.0000000	1.0000000	1.0000000	1.0000000	1.0000000	1.0987164	2.1983585	0.2842221
T	0.7717303	0.6416412	0.7087323	0.6614677	0.8254116	1.4597451	1.0000000	1.0000000	1.0000000	1.0000000	1.0000000	1.3916876	1.9574921	0.4290261
V	0.7887757	0.3299682	1.2990585	0.8141595	0.4128070	1.3832447	1.0000000	1.0000000	1.0000000	1.0000000	1.0000000	0.9213407	1.2114130	1.3757778
W	0.3511511	0.3163204	1.1199327	0.3344366	0.4082819	0.3928378	1.0000000	1.0000000	1.0000000	1.0000000	1.0000000	1.4312751	0.3047631	1.0686383
Y	1.4729094	0.7555531	3.5662014	0.8210266	1.8602189	1.5428868	1.0000000	1.0000000	1.0000000	1.0000000	1.0000000	1.7438502	0.4287525	3.0608851
