##############
# B1503 PWM for 14-mers
# Model trained on 13-mer peptides adding one non-specific position after P10.
# Copyright (2021) David Gfeller
##############
1.00000	55
A	1.4277854	0.7914435	0.5436434	1.3513689	1.3349543	0.7176611	0.9394190	1.2086470	1.1503187	1.0000000	1.0000000	1.2555648	1.3417986	0.4186171
C	0.6066594	0.3932605	0.5586073	0.8337715	0.8417389	0.7680566	0.8409542	0.8196890	0.8374136	1.0000000	1.0000000	0.8885718	0.7629226	0.3755756
D	0.5263571	0.6003739	0.3282107	0.9411062	0.5741609	2.2562655	1.9369814	1.1247010	0.6903853	1.0000000	1.0000000	0.5432063	0.5921865	0.2753548
E	0.6219183	0.9058087	0.4956931	1.2964900	1.2450789	1.1501096	1.0665989	1.1748168	0.7759269	1.0000000	1.0000000	0.9039549	1.0400008	0.3247661
F	0.5526564	0.3223870	4.5523987	0.8410986	1.1166865	0.8100761	0.4665436	0.8541116	0.5918663	1.0000000	1.0000000	0.7433444	0.5102064	5.6768180
G	1.2663842	0.6278114	0.3082438	1.7051356	1.5312633	1.6340183	1.5184427	1.3838143	1.7979615	1.0000000	1.0000000	0.7799485	1.1183542	0.2853531
H	0.6416335	0.9459104	1.3458866	0.8446167	1.4982872	0.8496794	0.4874337	0.5468789	0.8883808	1.0000000	1.0000000	0.8311470	0.5286714	1.0385774
I	0.4263936	0.4271395	1.5639229	0.7145472	0.8016891	0.4993596	0.9048457	0.6792163	0.7648236	1.0000000	1.0000000	1.2164403	0.8086258	0.6980636
K	2.1197925	5.6591923	0.6805409	0.8642072	0.7339612	1.1299443	0.7100269	1.0958440	0.8798835	1.0000000	1.0000000	1.0787359	0.7693532	0.3576460
L	0.4881386	0.4728174	0.9553360	0.4680011	0.6512579	0.6466798	1.0730179	0.5362350	0.6695191	1.0000000	1.0000000	0.7049739	0.5991674	0.8009287
M	0.5407262	0.5687505	1.0435955	1.0270509	0.5927256	0.5383689	0.6641799	0.5528345	0.8556566	1.0000000	1.0000000	1.1790414	0.6382379	0.9678612
N	0.8716483	0.7359798	0.4066452	0.8319735	0.7900025	0.9373330	1.2401379	1.5447878	0.9855592	1.0000000	1.0000000	0.9711565	0.8741603	0.3754461
P	0.3617226	0.4000019	0.4351885	1.7904305	1.7796269	1.3464208	0.9478591	1.5587642	0.7300687	1.0000000	1.0000000	0.5464357	0.3740942	0.2155542
Q	0.7538368	2.1433903	0.5964454	1.1199444	0.9334053	1.1326713	0.7435715	0.9552129	1.0792266	1.0000000	1.0000000	1.0987503	1.1154229	0.3729025
R	2.7982801	1.3477056	0.8637942	0.6774381	0.7975926	1.1518927	0.7769626	0.8538949	1.2571166	1.0000000	1.0000000	0.8611950	0.8337351	0.3618615
S	1.5395944	0.6588704	0.3972062	1.3397439	1.2157916	1.0114546	1.2116621	1.0599470	1.2857262	1.0000000	1.0000000	1.4321900	1.9190532	0.4621077
T	0.8015943	0.5966830	0.4709692	0.7783507	0.7622262	0.9746332	1.0340285	1.0214462	0.7778849	1.0000000	1.0000000	1.4702891	2.2977417	0.4257201
V	0.4941845	0.5317979	0.9899140	0.6561783	0.8866180	0.6649041	1.0251816	0.9410434	1.1677883	1.0000000	1.0000000	1.4300801	1.2623380	0.6092378
W	0.4741202	0.3409819	2.6717688	1.2306677	0.3979375	0.3432057	0.3298323	0.3681466	1.3102343	1.0000000	1.0000000	1.2552508	0.4021360	1.4691633
Y	1.8333561	0.4926132	4.9988626	0.5417608	0.8790930	0.4964794	0.4332354	0.7718144	1.5890883	1.0000000	1.0000000	0.8342669	1.0210422	10.5650567
