##############
# B1502 PWM for 14-mers
# Model trained on 13-mer peptides adding one non-specific position after P10.
# Copyright (2016) David Gfeller
##############
1.00000	121	0
A	0.6550658	0.8496273	1.6158673	0.8061135	1.1401872	0.7906898	1.0000000	1.0000000	1.0000000	1.0000000	1.0000000	1.2640772	2.0050335	0.3608433
C	0.6248050	0.5598920	0.7448930	0.8918529	0.9408405	0.9609071	1.0000000	1.0000000	1.0000000	1.0000000	1.0000000	1.0112491	0.8628832	0.3542136
D	1.4183623	0.3016780	0.4373995	1.6919402	1.0803343	0.7129198	1.0000000	1.0000000	1.0000000	1.0000000	1.0000000	0.4551020	0.4947616	0.2280095
E	1.6426237	0.5214555	0.3677734	1.5251646	0.5946669	0.6335784	1.0000000	1.0000000	1.0000000	1.0000000	1.0000000	0.7071816	1.4034397	0.2704489
F	1.8997238	0.6212682	1.2660205	0.4097801	0.8891843	0.5601245	1.0000000	1.0000000	1.0000000	1.0000000	1.0000000	0.4736820	0.4398090	4.1108203
G	0.4438823	0.3058965	0.7546228	1.7068276	1.4009147	2.7101820	1.0000000	1.0000000	1.0000000	1.0000000	1.0000000	0.7257387	0.7670681	0.2587740
H	1.9479567	0.2864554	0.7384326	0.6797678	1.3294379	1.1513014	1.0000000	1.0000000	1.0000000	1.0000000	1.0000000	1.4862805	0.6994453	0.7577420
I	0.6201210	1.5071730	1.4677682	0.6173866	0.6354892	0.7923317	1.0000000	1.0000000	1.0000000	1.0000000	1.0000000	0.8725379	0.6255993	0.4835568
K	0.5887878	0.4179310	0.8910390	0.7876094	0.6878146	0.8280797	1.0000000	1.0000000	1.0000000	1.0000000	1.0000000	0.6232267	0.7605124	0.3130360
L	0.4642384	2.4540279	0.9645238	0.5388717	0.6101951	0.6809852	1.0000000	1.0000000	1.0000000	1.0000000	1.0000000	0.6864630	0.4003830	0.8000538
M	1.1653610	1.0531919	1.1198891	0.6006230	0.4802901	0.6745673	1.0000000	1.0000000	1.0000000	1.0000000	1.0000000	0.8844565	0.5052553	1.7603622
N	1.8631234	0.3210113	0.9203637	0.7058378	0.9183193	0.7446613	1.0000000	1.0000000	1.0000000	1.0000000	1.0000000	1.2430563	0.5318527	0.2985669
P	0.2289553	1.4680926	0.9331929	3.2861494	2.6593904	1.1276374	1.0000000	1.0000000	1.0000000	1.0000000	1.0000000	1.3209475	0.9853649	0.7947623
Q	1.0472689	2.2123769	0.6108056	0.9840114	1.2373796	1.0448092	1.0000000	1.0000000	1.0000000	1.0000000	1.0000000	0.8576088	1.5378930	0.3164456
R	0.4745978	0.3929728	1.2409574	0.6986319	0.5179980	0.6196437	1.0000000	1.0000000	1.0000000	1.0000000	1.0000000	0.5295587	0.5761841	0.3246652
S	1.9758096	0.4064760	0.7648312	0.5757729	1.3292752	1.7960112	1.0000000	1.0000000	1.0000000	1.0000000	1.0000000	2.1677865	2.2360691	0.3244367
T	1.7072677	0.7065129	0.8565927	0.5970098	1.0349418	1.4445979	1.0000000	1.0000000	1.0000000	1.0000000	1.0000000	1.8915668	1.9087714	0.3395805
V	0.5169069	2.1347435	0.9039299	0.8456021	0.7749667	0.9650261	1.0000000	1.0000000	1.0000000	1.0000000	1.0000000	1.2943806	1.1048208	0.4339207
W	0.4809359	0.3589961	1.0852955	0.2971840	0.8798486	0.3390370	1.0000000	1.0000000	1.0000000	1.0000000	1.0000000	0.3341218	0.3431561	1.3613014
Y	1.5412625	0.4343386	2.8284360	0.5029343	0.6067017	0.4032956	1.0000000	1.0000000	1.0000000	1.0000000	1.0000000	0.4334865	0.5539152	13.0126634
