##############
# B1501 PWM for 14-mers
#
# Copyright (2018) David Gfeller
##############
1.00000	149	2
A	1.5063493	0.6657705	0.8213291	1.2080850	0.9229048	1.0972722	0.9295022	1.1140144	1.0016181	1.0848950	1.0982370	1.0639221	1.1900468	0.3265997
C	0.6418590	0.4935449	0.6649385	0.9278886	0.9378870	0.9289619	0.9373147	0.9228612	0.9203192	0.9211275	0.9405842	0.9747737	0.8132646	0.3288839
D	0.6017684	0.3454902	0.3259795	1.3272609	1.0385992	1.7438438	1.0654056	1.1495110	0.9884998	0.8229318	0.7680581	0.9698524	0.5842828	0.2932924
E	0.5716975	0.6129541	0.4817126	1.0388942	0.9983858	1.3185763	0.8125895	1.0989652	1.3965538	0.9681324	0.8679301	0.8590906	1.4422453	0.2452934
F	0.8939873	0.4358876	3.6604117	0.3911652	0.8650674	0.6173565	0.5246969	0.6021672	0.6448489	1.1950351	0.7036540	0.3306174	0.6629185	4.8789578
G	1.8395049	0.3101745	0.7010126	2.8039312	1.5680303	1.5344524	2.0411097	2.1021252	1.5638477	2.2730919	2.1603984	1.2129231	0.6754660	0.3150027
H	0.3522461	0.3474675	0.3848975	0.4823749	1.0328428	0.5057200	0.6315805	0.7637160	0.6247286	1.0588698	0.9260861	0.8826085	0.4754234	0.8390271
I	0.9397562	1.2800478	1.5301051	0.4861545	0.6869712	0.5650480	0.6959214	0.7293500	0.8523693	0.4859630	0.6090335	0.9780369	0.7361325	0.5514779
K	1.5944393	0.5131681	2.1233847	0.8392474	0.5544620	1.0420429	0.8663071	0.9371121	1.3419517	1.1626735	1.0546975	0.8522788	0.6086826	0.2776031
L	0.8707240	2.1931097	0.6836460	0.6378002	0.8263817	0.4625240	0.8494960	0.7191623	0.9466283	0.3796113	0.6770451	0.5493605	0.8897521	0.7971892
M	0.8243839	1.2339694	1.0111767	0.5716244	0.4923129	0.7272443	0.4932236	0.4678665	0.6501767	0.7164012	0.7602680	0.6672840	0.8524964	0.7121934
N	0.5381681	0.5691406	0.9116494	1.1358391	0.7226097	0.9732453	1.0371275	1.0239755	0.7242505	0.8456787	1.4106952	0.8402648	0.8001466	0.3750281
P	0.2043641	0.2607127	0.6317807	1.3420595	1.6310149	1.0447430	0.9656952	1.0345521	1.3357577	1.3454642	1.1323698	0.6624381	0.7386317	0.1363276
Q	0.5357349	4.9202268	0.7616753	1.2277784	0.9313152	1.1734842	1.9518837	1.3354641	1.1677190	1.1541207	1.6191811	1.5876107	1.3401626	0.2785113
R	2.1533969	0.6425024	1.3560235	0.6519222	0.6132462	0.6812749	0.9178184	1.2992155	0.7738587	0.9199328	0.7769756	0.9054661	0.9689623	0.2944014
S	1.1508936	0.6038478	0.5167127	1.4429759	1.4492423	1.7843499	1.2156242	0.8610633	0.9456842	1.2082243	1.3484112	1.6643646	1.1662326	0.3506590
T	1.1345544	1.0592914	0.4591788	0.7939869	0.9253510	0.8869365	1.4682464	1.2383847	0.9688067	1.1153229	1.1444670	1.3789555	2.0317354	0.3080563
V	0.7306538	1.5120484	0.6351890	0.6209151	1.0458936	0.8237765	0.7219691	0.7125140	0.6427596	0.6232310	0.5595264	1.7569111	1.5378151	0.4501977
W	0.4074871	0.3545125	0.5586702	0.3093227	2.2011475	0.8017093	0.3366321	0.3291539	1.2635664	0.8373564	0.3347011	0.3130504	1.2736384	1.2929781
Y	1.4865998	0.5382153	2.4170830	0.5888293	1.2302910	1.0304709	0.7622411	0.6316819	0.9175426	1.1067822	0.6554692	0.4979785	0.8050003	13.8394790
