##############
# B1518 PWM for 14-mers
# Model trained on 13-mer peptides adding one non-specific position after P10.
# Copyright (2016) David Gfeller
##############
1.00000	42	0
A	1.2630454	0.5214338	0.9449917	0.8089459	1.4093269	0.8089459	1.4657898	1.0571527	1.0000000	1.0000000	1.0000000	0.8662307	1.3042992	0.4857606
C	0.7746813	0.4088297	0.7451247	0.9276901	1.0018393	0.9345095	0.9876242	1.0046247	1.0000000	1.0000000	1.0000000	1.0494793	0.9576512	0.4584077
D	1.0522360	0.6122892	0.4117319	2.3305820	0.6573483	1.5176241	0.6297492	0.7867911	1.0000000	1.0000000	1.0000000	0.9710586	1.2038511	0.3021590
E	0.7991850	0.8930013	0.5071321	0.9535191	0.8682913	1.2238684	0.7224910	0.5958104	1.0000000	1.0000000	1.0000000	0.6781750	0.6162848	0.3517344
F	0.5395564	0.5741261	2.4956094	0.5462282	0.3843982	0.6882641	0.6541149	1.0382272	1.0000000	1.0000000	1.0000000	1.1136141	0.5995449	4.8524871
G	1.0654485	0.5001871	0.6717375	1.6409675	2.1486577	1.8291889	2.3446825	2.3070131	1.0000000	1.0000000	1.0000000	0.9648621	1.0512132	0.3503878
H	1.6460866	11.9254010	1.4009164	1.2726882	0.8443535	1.2298878	1.2142097	0.8747835	1.0000000	1.0000000	1.0000000	1.5497992	0.5141691	0.9922777
I	0.6247939	0.3179941	0.7654330	0.5434991	0.5218304	0.7292062	0.6743084	0.6225997	1.0000000	1.0000000	1.0000000	1.0974598	0.6814055	0.6626692
K	0.7297189	0.8857084	1.2210565	0.6241490	1.0823028	1.2293490	1.3671924	1.3342874	1.0000000	1.0000000	1.0000000	0.5722094	0.7969814	0.4009260
L	0.5492925	0.4661277	0.8653244	0.6349796	0.6080227	0.7216987	0.5602458	0.7881951	1.0000000	1.0000000	1.0000000	1.1096388	0.7532344	0.7780604
M	1.5315664	0.5971145	1.0683354	0.8644244	0.5751488	1.2305026	0.5984899	0.6798406	1.0000000	1.0000000	1.0000000	1.7191217	0.7278360	1.3771984
N	1.2173950	0.9331686	0.5319669	1.4550401	1.3600950	1.4001839	1.5642088	0.9567143	1.0000000	1.0000000	1.0000000	1.1114531	0.9714149	0.4053679
P	0.7595723	0.7092142	0.6900010	1.5999801	2.0619885	0.9481681	1.1791404	0.5257020	1.0000000	1.0000000	1.0000000	0.5013388	0.3260021	0.1981875
Q	1.2343220	1.3930450	0.7723032	0.7872941	0.8116404	1.0574985	0.8195729	0.9854074	1.0000000	1.0000000	1.0000000	0.7443886	0.9739678	0.4055760
R	1.0201989	1.1789296	1.6092436	0.5400782	0.6292271	0.6765802	0.8742128	0.6790115	1.0000000	1.0000000	1.0000000	0.5335947	0.7908900	0.4244537
S	1.7979633	0.6018728	0.6881690	1.2134633	1.7482899	0.9705714	1.2605443	1.8267581	1.0000000	1.0000000	1.0000000	1.5392374	1.8305288	0.5488339
T	1.6503853	0.4569556	0.5523785	1.0829813	0.8755894	1.0683552	0.8178144	1.1654858	1.0000000	1.0000000	1.0000000	1.4609263	2.2754462	0.4616588
V	0.6674618	0.3019470	0.8892694	0.4692871	0.4847792	0.6351304	0.6219104	0.6324451	1.0000000	1.0000000	1.0000000	1.1203181	1.1308166	0.6771815
W	0.5397066	0.6098755	1.0157957	0.5260310	0.3986472	0.4545439	0.4435167	0.5705202	1.0000000	1.0000000	1.0000000	0.5553102	0.5714755	1.8491871
Y	1.2464564	1.6581876	4.2197139	1.4870031	0.4660894	0.5560868	0.5469356	1.2554591	1.0000000	1.0000000	1.0000000	1.0178582	1.5029073	9.9458704
