##############
# B1517 PWM for 14-mers
# Model trained on 13-mer peptides adding one non-specific position after P10.
# Copyright (2021) David Gfeller
##############
1.00000	42
A	1.0859760	1.2509930	0.5963998	0.8524336	1.2389087	1.1247323	0.7548307	1.0605614	1.0429065	1.0000000	1.0000000	0.7829022	0.8810241	0.5783821
C	0.6406479	0.6931593	0.6309234	0.7992581	0.8522632	0.8051476	0.7966406	0.8119368	0.8473240	1.0000000	1.0000000	0.9043685	0.7233959	0.4506222
D	0.4698612	0.5976539	0.5343508	2.4660522	1.4044030	1.6814407	1.7724725	0.5870506	0.5856564	1.0000000	1.0000000	0.3083704	0.6682153	0.5069290
E	0.5936177	0.5587942	0.3515314	1.2452180	0.9214325	1.5270359	0.8189964	0.5899936	0.7453393	1.0000000	1.0000000	0.3577334	0.6864471	0.3437711
F	1.1158290	0.7476536	2.8575697	0.5486136	0.5394382	0.5050775	0.5824594	0.5591465	0.7098925	1.0000000	1.0000000	1.5131954	1.0275914	4.6843674
G	1.0139170	0.7818191	0.3206559	1.0274051	0.7102495	1.4272591	1.1969203	2.9254295	1.2672968	1.0000000	1.0000000	0.8824922	0.9760581	0.4997783
H	0.5647163	0.4738007	1.0514325	1.3571759	1.7291753	0.5909562	1.3528774	1.0115501	1.7607243	1.0000000	1.0000000	0.4547167	0.5441082	0.8205811
I	0.9887046	0.7256701	2.0366646	0.7725834	0.7495922	0.5367920	0.7975896	0.7331747	0.6225937	1.0000000	1.0000000	1.4214557	1.4727497	1.1682041
K	1.3827570	0.6233506	0.3871072	0.6261357	0.7571574	1.0981144	1.4503950	1.1952290	1.5781385	1.0000000	1.0000000	0.5724283	1.1544055	0.3722389
L	1.2980667	0.6452515	1.8692087	0.7759257	0.8844966	0.4520690	1.0156522	0.5394992	0.5886375	1.0000000	1.0000000	2.9392600	1.6018786	1.6058617
M	0.8242243	0.6854394	1.0469745	0.6165899	0.6638522	0.8192488	0.9728308	0.5696575	0.6153302	1.0000000	1.0000000	1.8098609	0.9388933	0.9471402
N	0.6173457	0.8186938	0.6243588	0.9823357	0.9267609	0.7354414	0.7247851	1.3653345	1.1673179	1.0000000	1.0000000	0.3766780	0.5681029	0.3983022
P	0.3331698	0.4301605	0.2441227	1.6218293	1.8958885	1.3900828	1.3643956	0.6049007	0.8917581	1.0000000	1.0000000	0.2563636	0.3192996	0.2354364
Q	1.2595147	0.5939310	0.3881661	0.8199388	0.9970315	1.0935044	1.0323497	1.3759998	0.7093779	1.0000000	1.0000000	0.6122939	1.1579856	0.3742527
R	2.4528270	0.5271917	0.3750708	0.6725861	0.5405742	0.7778774	0.8232951	0.7974583	1.5996384	1.0000000	1.0000000	0.6016142	0.9432850	0.3681222
S	0.9595319	2.4407512	0.4272932	0.8813133	1.2637050	0.9459578	0.9429328	1.0475982	1.0927951	1.0000000	1.0000000	0.4272590	1.0049050	0.4090577
T	0.9428952	4.1122114	0.8253673	1.0770038	1.2912405	1.2403390	0.7756550	1.0864533	1.7550240	1.0000000	1.0000000	0.5562138	0.8098472	0.6269734
V	0.8445570	1.0092944	1.0504560	0.9363372	0.7547988	0.7688131	0.8387670	0.5678137	0.9410968	1.0000000	1.0000000	1.4505685	1.3366118	0.8135083
W	0.4604589	0.3941516	3.0599309	0.4025851	1.4716486	1.4985550	0.4221393	0.4682870	0.3856497	1.0000000	1.0000000	1.6581168	0.5118497	1.1750089
Y	0.9446611	0.5460493	4.3016906	1.1647235	0.9173203	1.1491209	1.1882261	1.4749979	0.6004372	1.0000000	1.0000000	1.6984376	1.5844427	6.5400809
