##############
# B1510 PWM for 14-mers
# Model trained on 13-mer peptides adding one non-specific position after P10.
# Copyright (2016) David Gfeller
##############
1.00000	27	0
A	0.8632359	1.0803358	1.1285491	0.7691887	1.0999684	0.9622004	1.3407215	1.2969358	1.0000000	1.0000000	1.0000000	1.3932825	1.6380953	0.5463764
C	0.6881818	0.4950623	0.8089020	0.9390250	0.9793513	0.9315336	1.0453398	1.0384859	1.0000000	1.0000000	1.0000000	1.0372108	1.0131820	0.6733627
D	0.6892979	0.6155690	0.8387968	2.2864392	1.0005051	1.6563717	1.0036604	1.5273143	1.0000000	1.0000000	1.0000000	0.6690143	0.5165459	0.3627858
E	1.1493532	0.7403017	1.0045042	1.1584234	1.0534962	0.9846114	0.8801564	0.7273299	1.0000000	1.0000000	1.0000000	0.8183542	0.5802540	0.3455742
F	0.7422519	0.5865529	1.7328425	0.3998597	0.4095842	0.7616712	0.4310375	0.6292395	1.0000000	1.0000000	1.0000000	0.9427254	0.5706811	2.0772980
G	1.2017864	0.9169928	0.5174077	1.5757994	1.2489939	1.9309032	1.0127946	1.2855998	1.0000000	1.0000000	1.0000000	0.9734367	1.2551317	0.3698483
H	3.8159536	11.0081738	1.7247379	0.5607883	1.0379123	2.1256677	0.5216116	1.1064169	1.0000000	1.0000000	1.0000000	1.0918624	0.9640032	0.4015858
I	0.6478841	0.3726383	1.3123786	0.6276019	0.5436187	0.3757472	0.6947505	0.7679690	1.0000000	1.0000000	1.0000000	1.0269843	1.1765128	1.2778062
K	0.7906667	0.7333279	0.6481204	0.7298577	0.7570607	1.3315522	1.3036924	0.7411330	1.0000000	1.0000000	1.0000000	1.1481922	0.8722627	0.4661022
L	0.5882713	0.5481186	0.9994473	0.4833639	0.6115454	0.4012524	0.6498459	0.6997836	1.0000000	1.0000000	1.0000000	0.7640626	1.0370874	3.6662728
M	1.4809336	0.6568035	2.0479370	0.9604831	0.6357411	0.5656652	0.6804643	0.7395731	1.0000000	1.0000000	1.0000000	0.7768899	1.2937887	2.3841095
N	1.1273394	0.9776210	0.6060610	1.7958554	1.3357154	1.5467978	1.3870008	1.1263626	1.0000000	1.0000000	1.0000000	1.6407960	0.6490738	0.9957082
P	0.3101872	0.2941663	0.2804011	1.6090151	2.5746302	0.6594328	1.6408160	0.3308940	1.0000000	1.0000000	1.0000000	0.3293066	0.3266161	0.2117730
Q	2.0468567	1.0669752	1.3976502	1.1858813	1.1741603	1.2563721	0.9498940	1.4039570	1.0000000	1.0000000	1.0000000	0.9487384	1.1106455	0.4291700
R	0.7573082	1.0394133	0.6076036	0.6191011	0.8953528	0.7897777	0.7391857	0.9136805	1.0000000	1.0000000	1.0000000	1.2592338	0.9027741	0.7452992
S	0.9458101	0.6993551	0.8036540	1.2907375	1.1281674	1.4791845	1.6772676	1.4788597	1.0000000	1.0000000	1.0000000	1.1934553	1.1637650	0.4372579
T	1.2423700	0.5060078	0.6277094	1.1303679	1.1122941	1.1250485	1.4199708	1.3702831	1.0000000	1.0000000	1.0000000	1.5378430	1.5661409	0.5684581
V	0.5590547	0.3727934	0.8333689	0.6442812	0.7840151	0.4225808	0.7405605	0.9004959	1.0000000	1.0000000	1.0000000	0.7388842	1.3775888	0.9884025
W	0.7519949	0.6157985	0.9475878	0.4098760	0.4123974	0.4940265	0.4278407	0.6115850	1.0000000	1.0000000	1.0000000	0.5895231	0.5051492	0.6930486
Y	2.2484431	1.4100682	3.2105020	0.4601788	0.5234476	0.6787735	0.4996944	1.5089302	1.0000000	1.0000000	1.0000000	1.1265809	0.5991070	0.8754036
