##############
# B1803 PWM for 14-mers
# Model trained on 13-mer peptides adding one non-specific position after P10.
# Copyright (2016) David Gfeller
##############
1.00000	155	0
A	0.3671866	0.8568969	0.7252135	1.0597716	0.5117235	0.6402648	1.0000000	1.0000000	1.0000000	1.0000000	1.0000000	0.7583402	2.4380676	0.6578613
C	0.6659625	0.2508650	0.5551629	0.8041454	0.7760494	0.8164113	1.0000000	1.0000000	1.0000000	1.0000000	1.0000000	0.8102122	0.9865528	0.3658853
D	8.6214686	0.9742076	0.2872642	0.6904894	0.5219729	0.5814139	1.0000000	1.0000000	1.0000000	1.0000000	1.0000000	0.5049076	0.6012298	0.2078181
E	1.5949716	7.4988715	0.3053098	2.4421924	0.4484748	0.6646460	1.0000000	1.0000000	1.0000000	1.0000000	1.0000000	1.7827015	0.9765676	0.2367812
F	0.3767871	0.7436194	3.5371765	0.4570163	2.6310233	0.7873522	1.0000000	1.0000000	1.0000000	1.0000000	1.0000000	0.7026445	0.4748999	4.3802955
G	0.4004057	0.7060726	0.2988976	0.7644618	0.4078585	0.3151496	1.0000000	1.0000000	1.0000000	1.0000000	1.0000000	0.3257130	0.6477656	0.2458579
H	0.9347964	0.6033010	1.7593967	0.4730736	1.6306461	0.5875643	1.0000000	1.0000000	1.0000000	1.0000000	1.0000000	2.0081246	0.4713413	1.4936535
I	0.3486478	0.2829706	0.9535050	1.1152476	0.9035116	1.3581735	1.0000000	1.0000000	1.0000000	1.0000000	1.0000000	1.1522905	0.3815665	0.9680611
K	0.5141923	0.6545146	0.9030894	1.0937121	1.1455812	1.4664796	1.0000000	1.0000000	1.0000000	1.0000000	1.0000000	0.6298280	0.7402051	0.4616922
L	0.3620306	0.3479885	1.4462799	1.2733288	1.1263492	1.3590496	1.0000000	1.0000000	1.0000000	1.0000000	1.0000000	0.8591588	0.4225577	2.4945620
M	0.7456627	0.5102504	1.0693850	0.5698852	0.7136388	0.7412072	1.0000000	1.0000000	1.0000000	1.0000000	1.0000000	0.5659109	0.4512855	1.2119310
N	1.2917932	0.5099281	1.2172291	0.6610521	1.7422206	0.9903658	1.0000000	1.0000000	1.0000000	1.0000000	1.0000000	0.9578486	0.7817487	0.2639800
P	0.2063578	0.2298365	0.1541464	1.0918882	0.1757400	2.2105274	1.0000000	1.0000000	1.0000000	1.0000000	1.0000000	0.1909506	0.3947888	0.1396947
Q	0.6509696	1.1512096	0.6900764	1.3742299	1.2954131	0.8392913	1.0000000	1.0000000	1.0000000	1.0000000	1.0000000	1.5370948	1.1617146	0.2726413
R	0.3755694	0.6646035	0.8339140	0.8262198	1.8167316	0.9691761	1.0000000	1.0000000	1.0000000	1.0000000	1.0000000	1.4992994	0.7413595	0.4532225
S	0.7203346	0.6380692	0.4179062	0.4511324	1.0382615	0.5353775	1.0000000	1.0000000	1.0000000	1.0000000	1.0000000	0.7931409	3.0815173	0.2938821
T	0.6604277	0.5984554	0.5687396	0.6831511	0.7465806	1.0218231	1.0000000	1.0000000	1.0000000	1.0000000	1.0000000	1.1674874	2.3032736	0.3416270
V	0.2968404	0.2802893	1.0281138	1.3024378	0.7482890	1.2963415	1.0000000	1.0000000	1.0000000	1.0000000	1.0000000	1.7672535	0.8736155	1.0059084
W	0.2861986	0.3501536	4.1823108	0.3224516	0.5110649	0.3444035	1.0000000	1.0000000	1.0000000	1.0000000	1.0000000	0.8341791	0.3069107	0.7503495
Y	0.9432193	0.7694631	3.3743507	0.6215371	2.3010973	1.0534186	1.0000000	1.0000000	1.0000000	1.0000000	1.0000000	1.3725262	0.3594318	5.0059909
