##############
# B2707 PWM for 14-mers
# Model trained on 13-mer peptides adding one non-specific position after P10.
# Copyright (2016) David Gfeller
##############
1.00000	43	0
A	1.0783278	0.5204523	0.7615155	0.9157184	0.9104681	1.2769365	0.9276190	0.8679006	1.2307611	1.4699763	1.0000000	1.1621577	0.9429660	0.6810549
C	0.4559055	0.3192290	0.5663177	0.7522310	0.7674342	0.7894363	0.7151202	0.7668676	0.7363669	0.7758933	1.0000000	0.7819764	0.7301352	0.5888700
D	0.5281315	0.4929276	0.3049106	2.2004836	0.9468609	1.5840549	1.8932598	1.5852656	2.3654687	0.6892563	1.0000000	0.5607217	0.9181991	0.3100674
E	0.5967450	0.7063634	0.3315512	0.7563542	1.1723996	0.8627728	0.9300518	0.8485005	1.3905032	1.7423246	1.0000000	0.7296794	1.3333702	0.3378697
F	0.6690003	0.3300231	4.1431918	1.0655672	0.6186714	0.6644900	0.4199489	1.4837115	0.3786377	0.7157513	1.0000000	0.6311873	0.4706877	3.1506136
G	2.8856123	0.4392519	0.3998286	1.3742891	1.7233998	0.7713163	1.8328800	1.7911087	1.6835692	1.4473604	1.0000000	1.5986712	1.6247238	0.7909454
H	1.2574864	0.6543789	0.4504032	0.4599248	0.4141762	0.8490477	0.8407533	0.7848959	0.4823456	0.4920129	1.0000000	0.8842988	0.5467931	0.4119341
I	0.3999846	0.2820754	1.1025849	0.8983497	1.3085105	0.7984352	0.6589403	0.8256973	0.4189164	0.9203673	1.0000000	1.0044373	0.7745966	1.0874502
K	1.4019495	1.6932551	0.4034376	0.5646756	0.6820426	0.8612295	0.6354013	0.7005691	0.8050975	0.9957866	1.0000000	0.8110455	1.0639816	0.6841031
L	0.4226554	0.4074340	1.6999911	1.1853847	1.4595803	1.3706077	0.7788119	0.9809359	0.6046271	0.9526169	1.0000000	1.3313272	0.8445565	2.9071366
M	0.5624867	0.5678543	2.2063934	1.0796543	1.1726362	1.1190448	0.9292772	0.7557393	0.8433958	0.7415737	1.0000000	1.4597811	1.2900140	2.4764071
N	0.7362956	0.7482705	0.3696302	0.9138985	0.5448434	0.8692684	1.5950532	0.6897689	1.0313697	0.8529506	1.0000000	1.2741879	1.7871609	0.3740455
P	0.2855501	0.2622258	0.1888948	0.9159192	1.3357590	1.1510694	1.7875655	0.9213457	1.6089262	0.9660270	1.0000000	0.2824171	0.2912535	0.2075928
Q	0.9197114	1.0236394	0.3714107	0.8966442	0.5402724	0.5739919	1.1444405	0.7217522	0.6559725	1.0860542	1.0000000	1.7232336	1.2821427	0.3993827
R	3.6213382	9.2005428	0.5979912	0.4990376	0.4897124	0.5607890	0.5496063	0.5157548	0.5693182	0.8295503	1.0000000	0.8225407	1.4515370	0.4647268
S	1.0687419	0.6195053	0.6751634	1.1330441	0.7286215	1.1821107	0.9611348	1.3707814	1.5240704	1.3362983	1.0000000	0.9625450	1.2108625	0.5545441
T	0.7472630	0.5408853	0.5227363	0.9341509	0.8854835	1.1031816	0.9272852	0.9632583	1.2798290	0.6833738	1.0000000	1.2311973	0.9662530	0.5344698
V	0.6080611	0.3399369	0.9516677	0.9214120	1.0509529	0.8446742	0.8096830	1.1841877	0.4637683	0.8324316	1.0000000	0.7995879	0.7651374	1.0391154
W	0.5213536	0.4699154	10.0992411	1.8201892	1.7962614	0.5615516	0.3985437	0.5105182	0.3914402	0.4586644	1.0000000	0.5643556	1.7648126	0.8005897
Y	0.8818761	0.4878519	2.0466880	0.9245932	0.8490996	1.5117870	0.4661331	0.6719776	0.4244078	0.5305801	1.0000000	1.2070957	0.5195155	1.6559058
