##############
# B2705 PWM for 14-mers
#
# Copyright (2018) David Gfeller
##############
1.00000	254	2
A	2.0938016	0.2799163	0.8958050	1.0163430	1.0457113	0.8962428	0.8507241	1.0841921	1.0104610	0.8794131	1.4052347	0.7960001	0.9255039	0.5110464
C	0.2781683	0.1713759	0.3382794	0.5772303	0.5907293	0.5775131	0.5846612	0.5734934	0.5754733	0.5790216	0.5868039	0.5790902	0.5863808	0.2490211
D	0.2975122	0.2649640	0.6544405	1.7888675	0.6907649	1.5654748	1.2225105	1.5465409	0.5986504	1.0891820	1.1117146	0.7757217	0.5745286	0.2192565
E	0.4599506	0.3780840	0.3624199	0.9287989	1.1036204	0.8763749	0.9096168	1.4448981	1.1210268	0.6770555	0.6491547	0.5649083	0.5781212	0.3882063
F	0.2212373	0.1771496	3.3826516	0.8961856	0.4626133	0.5776383	0.9985062	0.8244671	0.5225910	0.5730862	0.7311591	0.8873761	0.6594562	4.7482568
G	2.3950387	0.2359113	0.4321729	2.1114913	1.9391440	1.8537505	1.4970288	1.8199688	2.3840923	2.2095819	2.2498894	1.1988047	1.6535405	0.3232762
H	1.4198994	0.3491426	0.6500094	0.3598152	0.6254095	0.2607733	0.8218664	0.5557513	0.7376071	0.7446940	0.7323577	0.5519006	0.9329496	0.3162876
I	0.2812161	0.1519201	1.5303692	0.6066817	1.0015369	0.8167023	0.6876511	0.6494057	0.6057642	0.5664995	0.7063557	0.9769100	0.3804595	0.5207631
K	1.3910456	0.9875885	0.4895348	1.0122328	0.6654009	1.0557315	0.9530666	1.4119099	1.4567098	1.1230958	1.0038791	1.2974223	1.6829391	1.9775958
L	0.3189690	0.2185061	1.6923158	0.7794264	1.0187622	0.7862689	1.1031850	0.6924033	0.8449399	0.7137514	0.8491783	1.0371537	1.0962021	1.6637913
M	0.7469860	0.3051717	1.1850748	0.8946040	0.8375691	0.3662827	0.7371475	0.5702595	0.5918645	0.5730014	0.5906664	0.9625835	0.5040161	0.8191585
N	0.3960430	0.4016200	0.8221502	1.0826019	0.8419042	1.1866079	0.8526473	1.2658402	1.1057076	1.3343980	0.9840239	1.1508285	1.0550455	0.3958761
P	0.1675609	0.1407940	0.1230751	0.8478485	1.2356474	1.4363899	1.0865098	0.7530373	0.8446839	0.6529639	0.9430550	0.6894345	0.5506245	0.2746111
Q	0.6556914	0.6100036	0.7562093	0.9675156	1.2759865	0.9612566	1.3350969	0.9953971	1.3624321	1.4845730	1.0776142	1.2844522	1.0608850	0.5009674
R	4.4256665	13.9706001	0.6900367	0.8092890	1.0059303	0.9139992	0.6452754	0.5719048	0.8413940	1.1011212	0.9104320	1.7403781	2.3078816	2.2968802
S	1.7124177	0.3317484	0.6203160	1.7966240	1.2426003	1.2972011	1.1532557	1.5541445	1.1241600	1.8115863	1.0951831	0.9012998	1.2149165	0.5672628
T	0.6917428	0.2897091	0.6411389	0.9294525	1.0608340	1.2055763	1.1509128	0.8804143	0.8166137	1.4104002	1.1004439	1.2872204	1.3893983	0.3301683
V	0.2826576	0.1827164	1.0027262	0.4875891	0.9079250	0.7740505	1.0569515	0.6559052	0.9280632	0.5511018	0.6764781	0.9110138	0.6901006	0.3962761
W	0.5577719	0.2514842	3.1307468	0.8540159	0.8443550	0.2504815	0.5760365	0.2568204	1.1554695	0.8543718	0.8721004	1.7771562	0.2770624	0.8059248
Y	0.5603892	0.2621734	2.7404084	0.5714638	0.4695276	0.7274617	0.8750198	0.5687819	0.7513048	0.6572556	1.0342701	1.0637829	0.8547922	3.6303835
