##############
# B2706 PWM for 14-mers
# Model trained on 13-mer peptides adding one non-specific position after P10.
# Copyright (2016) David Gfeller
##############
1.00000	21	0
A	1.8403301	0.5769056	0.7738403	0.8096453	0.7767897	0.9174260	0.8994222	1.3150268	1.5214349	0.9885323	1.0000000	0.6927110	0.7731703	0.9501040
C	0.6565854	0.3687936	0.6256937	0.7710274	0.7931382	0.7270183	0.7652871	0.8027053	0.8190758	0.7812323	1.0000000	0.7380737	0.8061523	0.6364421
D	0.5700547	0.5329224	0.4350035	0.9614048	0.5309713	2.1851378	2.5199194	1.8338360	1.4678312	1.0313678	1.0000000	0.9894891	0.6943193	0.3051337
E	0.5954336	0.7595668	0.6511725	0.8374413	0.6915785	1.2931310	0.9365073	0.9454878	1.1559680	0.6684958	1.0000000	0.8208835	1.3507601	0.3409246
F	0.9073888	0.3934633	2.5169169	1.0789592	1.9396978	0.5760735	0.6469149	1.3171008	0.4728164	1.0000385	1.0000000	0.5885865	0.5908038	3.2505912
G	2.3209387	0.4796229	0.4342346	2.5455668	1.7090693	0.9703631	0.9796567	2.3204386	2.3241838	2.2220924	1.0000000	1.3206087	1.3132214	0.4350930
H	0.5136492	0.7089330	1.2387725	0.4980074	0.4316257	0.6039263	0.5284992	0.5220799	0.5133262	0.5490702	1.0000000	1.2258716	0.5386277	0.4158603
I	0.5192075	0.3590271	1.0454922	0.6826230	1.2476783	0.6531911	0.8913508	0.4364765	0.5118172	0.8178967	1.0000000	0.9394606	1.0603858	1.0989501
K	1.1152300	1.7997835	0.4848363	0.6457836	0.5459686	0.8997850	0.6229520	0.9226166	0.9376181	1.1650558	1.0000000	1.0884383	0.8287986	0.4071474
L	0.5747064	0.5169468	2.2635488	1.4746068	0.9109773	0.8880826	1.1503935	0.4602285	0.6301867	1.1489825	1.0000000	1.5035097	1.2586747	2.5539501
M	1.1281091	1.1041313	1.7220828	1.3792280	0.8351227	0.7747934	1.2713204	0.5911413	0.6430968	1.3120474	1.0000000	1.0429446	1.4170689	2.2734822
N	0.7530849	0.8038763	0.8303685	0.7059988	0.5904888	0.8345326	1.1600244	0.9153796	0.8376382	1.5173742	1.0000000	1.1177475	1.0596341	0.3527120
P	0.3511054	0.2859942	0.2315822	0.6918506	1.9014646	0.7235883	1.5220164	0.7595389	0.7560281	0.3117704	1.0000000	0.2949185	0.3031161	0.2089222
Q	0.7009710	1.1030604	0.4965202	1.1926359	0.4913582	1.3716084	0.5992471	0.6587947	0.6936224	1.2541611	1.0000000	2.5270740	1.3522900	0.3895760
R	2.0533092	7.7697826	0.5017071	0.5848115	0.4732627	1.7021762	0.5345420	0.6299601	0.6390922	0.7370707	1.0000000	1.1639771	1.3558695	0.4370024
S	1.1776932	0.6749936	0.5148980	1.2315472	1.0518783	0.9488392	0.9209869	1.8413393	1.7920566	1.1611949	1.0000000	0.7063222	0.9297723	0.4770992
T	1.7050686	0.5990299	0.5701233	0.6816651	1.1632687	0.9268948	0.9247211	1.2940954	0.8134579	0.9595814	1.0000000	0.8908269	1.2001347	0.5484751
V	0.6150953	0.4090300	0.9879431	0.6109827	0.9450193	0.8868021	0.8354207	0.4977384	0.6824155	0.6593451	1.0000000	0.8604278	1.2387353	0.8922987
W	0.5544495	0.5260271	3.4977927	3.0500241	3.0866404	0.5613781	0.5369673	0.5432804	2.9490136	0.5512771	1.0000000	0.5323376	0.5242946	8.3460133
Y	0.6153961	0.5462521	2.8350964	0.7035230	0.8921362	1.1047812	1.0889057	0.6719176	0.5565650	0.6325928	1.0000000	0.6359427	0.5703448	1.3689333
