##############
# B2708 PWM for 14-mers
#
# Copyright (2018) David Gfeller
##############
1.00000	26	2
A	1.5033885	0.5655094	0.5087836	0.8751089	1.1407124	0.9752553	0.8603984	0.9738178	0.8488025	1.2990298	1.1928460	0.8043356	2.0442112	1.2866316
C	0.5873723	0.3452739	0.5693378	0.6936223	0.8084242	0.6924457	0.6712670	0.7835476	0.7294243	0.7028669	0.7391732	0.8386794	0.9390675	0.6878372
D	0.5488079	0.5409123	0.2887031	1.8965150	0.5707060	2.3944604	2.5818100	1.9623158	1.9008233	2.3717434	3.1666413	0.7367095	0.5432119	0.3466155
E	0.5851930	0.7871030	0.3143814	0.8259018	0.7053105	1.6333874	1.0853558	1.0590007	1.1201822	1.6588012	0.9667024	0.4474068	0.6185484	0.4284867
F	0.4959057	0.3528062	4.9461211	0.8954181	0.5269411	0.4453687	0.7910396	1.3477248	1.2895810	0.3479955	0.4426444	1.9202885	0.4815429	1.3392042
G	2.3135513	0.4772995	0.3588339	1.5830300	2.8630830	1.9661631	1.5918023	1.6206963	1.2082305	2.3186479	1.6162005	0.4401549	1.3580880	0.4638708
H	0.5282557	0.7101047	0.5719695	0.6044295	0.4351797	0.6197426	0.5822083	0.5565330	0.5225679	0.5743790	0.4958563	0.4388641	0.4566483	0.4369250
I	0.4942402	0.3048641	1.1541565	0.4996971	1.1748049	0.4002165	0.6129352	0.6632964	0.8395605	0.3495076	0.7055124	1.8200138	0.9363055	1.1512248
K	0.9786193	1.8043239	0.3620013	1.3940717	0.7979223	0.8223210	1.2083062	0.6365555	1.0756744	1.2406836	0.7173256	0.4943261	0.6873815	0.5831622
L	0.8135366	0.4384095	1.7122595	0.8039000	1.0734842	0.3898686	0.6522970	0.9906348	1.2178594	0.3712779	0.7816054	1.6968685	0.6834528	3.2058691
M	1.1058586	0.6194933	1.5366781	1.1020681	0.8329373	0.5394085	1.0490552	0.7743520	1.2508656	0.5272095	0.6644105	1.5434908	1.1770643	1.8973406
N	0.7435623	0.8092365	0.3515764	1.1401834	0.9408320	1.2410466	1.1974237	1.4584489	1.0488998	0.9243645	1.1934651	0.7828868	0.6349889	0.4070521
P	0.3164336	0.2837857	0.1819994	0.9804568	1.2954522	1.0012756	0.9806229	0.3099909	0.9614651	0.6834009	0.9827823	1.2484438	1.3446293	0.2514726
Q	0.7162665	1.3576927	0.3441691	1.7509428	0.8030031	1.2954708	1.7669714	0.6229630	1.1810180	1.3349791	0.6316271	0.6973010	1.3619549	0.7541670
R	2.9488371	8.1225921	0.3976903	1.0877278	0.5555189	0.9462956	1.0420675	0.5601726	0.6770549	1.0365370	1.1193596	0.4642658	0.5989304	1.0981492
S	1.4658043	0.6722719	0.3994509	0.9263311	0.8885075	1.4571137	0.9165904	1.5771920	0.8449877	1.1970769	0.8138288	0.5606846	1.2393303	0.5549731
T	0.9363254	0.5853715	0.4997803	0.8565905	0.8694300	0.7277505	0.6467091	0.9692222	0.6428954	0.8919945	1.0595436	0.8435603	1.4105532	0.6013240
V	0.5430992	0.3672174	1.0761142	0.4989145	1.0198449	0.5522395	0.5033657	0.8501581	0.7728234	0.4223441	0.7093819	1.4371828	1.3047645	0.9543210
W	2.5701547	0.5061156	7.3993251	0.5661739	0.4640170	0.4989567	0.4749980	0.6097653	0.5375566	0.4373963	0.4227549	0.6729894	0.4623227	0.6895783
Y	0.5661121	0.5286343	3.5713631	1.0717601	0.4917993	0.9486998	0.5587976	1.1518817	0.6751811	0.4493211	0.4504722	1.3107436	0.5325029	1.2100806
