##############
# B2703 PWM for 14-mers
# Model trained on 13-mer peptides adding one non-specific position after P10.
# Copyright (2016) David Gfeller
##############
1.00000	42	0
A	0.7842671	0.5226029	0.6082376	1.0574507	0.6680570	1.5765776	0.8166400	1.0917454	0.8523187	0.8076995	1.0000000	1.2961024	1.0407617	0.6522214
C	0.3849318	0.3205482	0.5712827	0.7666179	0.7353590	0.7817620	0.7379801	0.7705981	0.6875969	0.7596283	1.0000000	0.8567058	0.7221005	0.4682978
D	0.5874948	0.4949645	0.2982266	1.2241396	0.7600752	1.2953484	1.4608864	1.8356003	1.8093118	1.0301634	1.0000000	0.4820665	0.8044975	0.3746828
E	0.7788673	0.7092823	0.2995590	0.7927381	1.0549520	1.6132417	1.2108707	0.9098293	1.8322071	1.3437236	1.0000000	0.5875481	1.2017430	0.4771172
F	0.3915153	0.3313868	4.6928516	0.5112823	0.8679094	0.5501977	0.4678230	1.0174526	0.6937123	1.5595241	1.0000000	1.1741040	0.8627769	2.9256180
G	1.2000866	0.4410670	0.3629492	2.3150432	1.3188138	1.2415109	1.3626431	1.6293874	1.8531257	1.5577531	1.0000000	0.9655511	1.1728286	0.4047424
H	1.7081738	0.6570829	0.4223840	0.8648849	0.4475306	1.2387384	1.5521705	0.4664498	0.5376632	0.4445329	1.0000000	0.4134228	1.6538786	1.0517624
I	0.3158603	0.2832410	1.4187077	0.6506671	1.1044904	0.8355677	0.9398344	0.8735586	0.4533039	1.3135122	1.0000000	1.1793810	0.6742333	0.7411850
K	3.2642387	1.7002520	0.3524753	0.6840388	0.6953661	0.9634466	0.6471498	0.7673733	1.2759009	0.5592041	1.0000000	0.6921584	1.3514070	1.6994101
L	0.3866402	0.4091176	1.9102193	0.8819094	1.1539006	0.7424326	0.7943078	0.8682548	0.6419869	1.1253859	1.0000000	2.1465946	0.9260746	1.4582643
M	0.5631937	0.5702008	2.3134743	0.7069510	1.1072955	0.6956541	1.0251758	0.7292841	0.8873537	1.4230871	1.0000000	1.6708367	0.7388893	1.8192997
N	0.8003283	0.7513625	0.5547572	0.7630751	0.9707086	0.6929947	0.9071697	0.7188403	1.0026382	1.0251444	1.0000000	0.9730416	0.6852020	0.4786386
P	0.3156933	0.2633093	0.1766584	0.5189895	1.7830148	0.5332248	1.3768595	0.7310123	0.9683637	0.9194378	1.0000000	0.4924746	0.5123320	0.2346129
Q	1.1485661	1.0278693	0.3338887	1.5519268	0.7276443	0.6974442	1.3806089	0.9550983	0.9371388	0.5636507	1.0000000	0.5103239	1.1074569	0.5723869
R	4.0813074	9.1560744	0.3785658	0.7893201	0.5105641	0.8083766	0.5719816	0.7469591	0.6865159	0.4853502	1.0000000	0.7155489	1.6996434	1.0981005
S	1.0670617	0.6220652	0.4017876	1.8161107	0.8112822	1.2462532	0.8056152	1.2102417	1.2362372	0.9791160	1.0000000	1.2663511	1.0529414	0.4978647
T	0.6125944	0.5431204	0.4970378	1.0183942	0.6084695	0.9775892	1.0766975	1.2631138	1.0943797	0.7809165	1.0000000	1.1268031	0.9212052	0.5099581
V	0.3605060	0.3413416	1.0531483	0.7366030	1.2635997	1.0152524	1.3121351	1.0189719	0.5560908	1.1387497	1.0000000	0.8286538	0.7507164	0.7274088
W	0.5014936	0.4718572	7.6114770	1.8290782	4.5039944	0.5295751	0.4313725	0.5132400	0.4838369	0.5303438	1.0000000	0.5339952	0.6150120	2.4679527
Y	0.9003701	0.4898678	1.7778056	0.8687874	0.9720684	1.2088234	0.5556190	0.8976502	0.8304144	0.6756591	1.0000000	0.6314338	1.6356699	4.6872601
