##############
# B2702 PWM for 14-mers
#
# Copyright (2018) David Gfeller
##############
1.00000	51	2
A	1.4937144	0.5124159	0.7172573	0.9159872	1.0800770	1.0017084	0.8479649	1.1101697	1.3157773	1.0326375	0.8925646	0.7021464	0.6798408	0.4094623
C	0.5333859	0.3130743	0.5419863	0.7323415	0.7370512	0.7226132	0.7008403	0.7219183	0.7247750	0.7222271	0.7493274	0.7893215	0.7334152	0.3936970
D	0.5563910	0.4867252	0.6823022	2.0258401	1.3896532	2.4301883	0.9466004	1.3708247	1.8700038	2.4588950	1.0955219	0.7943262	0.7327014	0.2689178
E	0.6672863	0.7010607	0.3461697	0.8592694	0.7618013	0.9208282	0.8371072	1.3323827	1.1033314	1.0577182	0.8989188	0.4401338	0.9702636	0.3014734
F	0.6325307	0.3173140	4.7601975	0.9561508	0.9500518	0.7172846	0.7553137	0.7315276	0.4262897	0.4387389	0.5462251	1.7310130	0.8581744	6.5741677
G	2.7966980	0.4302807	0.5652919	1.8208139	2.3102416	1.1204532	1.4226839	2.0065777	2.3849696	1.6816670	1.7694196	0.6107845	1.2099618	0.3346600
H	1.0995534	0.6323774	0.7557147	0.4777213	0.4009106	0.8187562	1.1451354	0.5134116	0.4591117	0.8021499	0.4535763	0.3982747	0.5449477	0.7170238
I	0.4983093	0.2762949	1.3387246	0.9123422	1.1325409	0.8334398	0.7033859	0.8119855	0.5430167	0.6601568	1.2258911	1.5755254	0.6250500	0.6298102
K	0.8811847	1.5984274	0.3865354	0.8348010	0.5460126	0.8807891	1.0659322	0.9124092	1.0319306	0.9021691	0.8407281	0.5342642	0.9808420	0.3510070
L	0.6459226	0.3939097	1.4838043	0.7023121	1.1896664	0.6846277	1.0534355	0.8592878	0.9175354	0.6965055	0.9490993	1.6605110	1.0582180	0.9310503
M	0.8885869	0.5547566	1.5055766	0.9139699	0.7681907	0.9033841	0.9976874	0.9369403	1.1789601	0.6049068	1.0047446	1.2605329	0.7682741	0.8009974
N	1.0776178	0.7238514	0.4072959	0.9297902	0.5851747	1.3420772	1.5957364	1.2636364	1.0856166	1.1967289	1.0031010	1.0817237	0.8425700	0.3483024
P	0.2902628	0.4425969	0.1900922	0.6541045	1.1770892	0.8437421	1.0058635	0.4699599	0.6549437	0.6710160	1.1988580	0.4193272	0.2732096	0.1590755
Q	0.9564019	1.3131030	0.3517809	0.8940140	0.9853146	0.9341688	1.2906816	0.9718238	0.7855325	0.9575792	0.8868718	0.7900558	1.6461919	0.3248263
R	1.9498659	8.9886989	0.5492277	0.5444737	0.6297356	0.7424229	1.3084141	0.9232582	1.0874720	0.7540887	0.7073640	0.9742922	1.4867981	0.5396731
S	1.3065500	0.6042800	0.5492820	1.3598531	0.8125404	1.4514591	0.8607582	1.1420245	0.9236215	1.5074304	0.8981682	0.6971779	1.1194584	0.3663045
T	1.1733465	0.5271625	0.6284573	1.4313071	0.5664301	0.9313852	0.7292414	1.0166688	0.7299412	1.3238353	1.4011007	1.5165615	1.6763908	0.3956217
V	0.7644627	0.3319556	1.0315361	0.6711836	0.9116647	0.8167941	0.8923135	0.6522261	0.7684783	0.5965137	0.9501599	1.2898626	0.9133155	0.5323903
W	0.4630643	0.4505989	5.4381095	1.6456963	2.7146232	0.4831753	0.5131010	0.5117269	0.4173694	0.4367600	0.4854656	2.8074539	2.8682426	9.4388783
Y	0.5288923	0.4749030	2.2069798	1.1287926	0.5752404	1.0893743	1.1371107	1.0754401	0.4338853	0.7442518	1.0459293	0.7554310	1.7559453	6.6262131
