##############
# B2709 PWM for 14-mers
#
# Copyright (2018) David Gfeller
##############
1.00000	24	2
A	1.5333589	0.5710174	0.4976015	1.0041952	1.0824411	1.5593540	0.9321816	1.0306961	1.0738519	1.2114370	1.0114751	1.0477160	1.1451432	0.7534030
C	0.5783012	0.3484992	0.5649078	0.7218689	0.7835980	0.7970094	0.7926002	0.8208927	0.7275641	0.7652263	0.6718977	0.7692862	0.7750247	0.6323723
D	0.5670566	0.5466325	0.2996519	1.7011985	0.9118542	1.4242895	1.6010232	1.0489175	1.3888999	2.0243424	2.3850877	0.6316611	0.6207189	0.3769830
E	0.6268100	0.7965049	0.3358598	0.9435294	0.9894621	1.3476044	0.8147483	1.0432622	1.5046472	0.9629555	1.0249859	1.2680349	0.7963094	0.4130749
F	0.5480304	0.3557781	3.2379628	0.4124159	0.5875864	0.5031064	0.9769770	1.4231982	1.3200866	0.8337099	0.4283250	1.5529901	0.9811517	2.1867192
G	2.0910532	0.4819467	0.3684514	3.1060459	1.2523375	1.4173153	1.9713963	1.0010654	2.3350307	2.4461346	0.9881213	0.5429595	2.3729493	0.4114577
H	1.1622570	0.7170401	1.1151925	0.5323739	1.0236698	0.5749093	0.4639146	0.5683654	0.5443291	0.5243199	0.5557809	1.1682340	1.1345314	0.4652580
I	0.4726337	0.3077207	1.2644483	0.4860734	1.0302269	0.5020332	0.9512964	0.8623232	0.6299831	0.4668022	0.4427540	1.0752745	0.6915119	1.1441587
K	1.2091933	1.8190130	0.3873685	1.1406318	0.8733838	0.7423191	0.5964670	0.8788185	0.9431501	1.1292569	1.4025084	0.6681332	0.7917230	0.5284170
L	0.6771408	0.4423421	2.0111265	0.6216113	1.2459842	0.6124537	1.1025270	0.9342301	1.0557561	0.6407914	0.7261189	0.9066224	0.8479316	3.0763495
M	1.0993703	0.6256754	1.6178859	1.0278419	0.8785389	0.6335963	0.8513779	0.8163155	1.2015075	1.0456200	0.6219088	1.2838826	0.7453397	1.8997569
N	0.7737306	0.8168174	0.3734391	1.1799781	0.6271999	1.1130875	1.0528599	1.4330896	1.0592634	0.8893109	1.4885578	0.9366858	1.0738472	0.7501811
P	0.3290891	0.2865119	0.1841587	1.0371139	1.7320522	1.7821013	0.6466460	0.6813839	0.2978152	0.6971188	2.1113846	1.0274820	0.6663111	0.5908354
Q	0.7653207	1.3820252	0.3823486	1.2245764	0.6221949	0.9794949	0.8261769	0.6589382	0.9948362	0.9562936	0.9929422	1.2251257	0.9323338	0.7364947
R	2.8708280	8.0012713	0.4277474	0.7003217	0.8950105	0.6177577	0.5295911	0.6348602	0.9536162	0.6883057	1.0594013	0.6079472	1.5320869	0.8154706
S	1.3535606	0.6788198	0.3970530	1.1288229	0.8679490	1.5375667	0.9023171	1.8036705	0.7320954	1.5211298	0.7698256	0.8430931	1.1393161	0.4912454
T	0.9405701	0.5909374	0.4936759	0.6797063	0.8719395	0.7790534	1.1093305	1.0511117	0.6107190	0.9614909	0.6355211	0.6567657	1.1164791	0.5767224
V	0.5335264	0.3706599	0.8461812	0.6095953	0.8673545	0.6697473	1.1182828	0.9507515	0.7124533	0.4975966	0.4530723	1.0272232	0.5932055	0.9133996
W	0.5909463	0.5106626	12.1115884	0.4491074	2.6742675	0.5065731	2.7182761	0.6295061	0.5745863	0.4963893	2.6073454	5.2616952	0.6156109	0.7709430
Y	1.0958678	0.5336664	3.0115801	0.4591595	0.6309090	1.0125328	0.6565771	1.2346119	0.6798545	0.5584345	0.5276077	1.4768494	1.1686994	1.4262387
