##############
# B2701 PWM for 14-mers
# Model trained on 13-mer peptides adding one non-specific position after P10.
# Copyright (2016) David Gfeller
##############
1.00000	89	0
A	1.4502475	0.4376121	0.8082697	1.0290893	0.7920544	1.2151755	0.8469407	1.4591997	1.0639483	1.4664624	1.0000000	1.4591341	0.9535477	0.6289338
C	0.3842213	0.2684175	0.4822623	0.6744714	0.6669910	0.7041632	0.6693310	0.6816450	0.6583980	0.7053524	1.0000000	0.7796585	0.6911420	0.3460196
D	0.4425004	0.4144686	0.2762088	1.5738549	0.7670458	1.1367147	2.0343948	1.9894437	1.4509996	1.2029042	1.0000000	0.6059760	0.8274835	1.1426052
E	0.5402385	0.5939319	0.3079545	0.9509258	1.4430607	1.4611764	0.7676047	1.1915307	1.8213115	1.1025856	1.0000000	0.5675986	0.8646184	0.5937405
F	0.3086904	0.2774935	3.9600885	0.5485449	0.8598551	0.5327581	0.9116601	0.4898776	0.6628218	0.8864332	1.0000000	0.8541128	0.9361575	1.9389422
G	1.9813944	0.3693364	0.4542339	2.0703264	1.3422219	1.9603887	1.4832076	1.2096209	1.6414754	1.5107014	1.0000000	1.1108083	1.3609533	0.5210644
H	0.8712750	0.5502217	0.8456178	0.6178941	0.8337815	1.0236340	1.6588186	1.2523679	0.6892599	0.6207635	1.0000000	0.7539393	0.8704906	0.7086522
I	0.3049443	0.2371776	1.0210960	0.5415272	1.0143168	0.7415366	0.8713963	0.4345098	0.3962463	0.9293588	1.0000000	1.6811018	0.5306570	0.5150152
K	1.9125166	1.4237405	0.6123498	0.8517274	0.8625679	0.7527107	0.6864795	1.0417196	1.2684981	1.1519993	1.0000000	0.7130987	1.4004244	3.5064091
L	0.5243501	0.3425829	1.7566271	1.1787664	1.0796214	0.6842980	0.9466889	0.5673230	0.4900734	1.0188713	1.0000000	1.6908594	1.0516541	0.8954422
M	0.4949827	0.4774692	2.6526446	0.8072182	0.8507605	0.5803722	1.0027809	0.7151543	0.5134104	1.0293253	1.0000000	1.8414517	0.8424885	1.2158418
N	0.6083068	0.6291686	0.4611323	1.1145615	1.0492692	0.8482406	1.3837747	1.4232538	1.0455093	0.8043147	1.0000000	0.4359520	0.8214515	0.5633038
P	0.3696159	0.2204874	0.1699233	0.9388392	1.1632674	0.6010946	0.8118270	0.8422719	0.3825323	0.8294630	1.0000000	0.3423319	0.4755688	0.3557221
Q	0.6912472	0.8607072	0.4684418	1.0115760	1.2858395	1.1611076	0.6070893	1.0622855	1.7404608	0.8905709	1.0000000	0.7904206	1.2909780	0.9095211
R	5.3798001	10.9134219	0.3897159	1.2977042	1.2021798	0.8434588	0.8015408	1.0049556	0.9568161	0.7513839	1.0000000	0.5499557	1.5000545	2.5536724
S	0.9382584	0.5208989	0.4666592	1.1389451	1.0909028	1.1789413	1.0309606	1.0640173	1.4398409	1.1446086	1.0000000	0.9982684	1.1337797	0.5146655
T	0.6959747	0.4547929	0.4325454	0.8102467	0.6242468	1.2107770	0.8024459	1.2068402	1.1283379	0.7299577	1.0000000	0.8307149	1.0983045	0.4648372
V	0.3572400	0.2858293	0.8900857	0.6384165	0.8427194	1.1905289	0.8767100	0.8033841	0.7129551	0.7268515	1.0000000	1.3281972	0.9156538	0.4832784
W	0.3840203	0.3951192	7.1912068	0.3906386	1.1210436	0.3959545	0.4586062	1.0708463	0.4326342	0.4457721	1.0000000	0.4564039	0.5104069	0.5847182
Y	0.4116576	0.4102007	2.9833564	0.6113033	0.6951103	0.6401062	1.2904320	0.4583534	1.0259234	1.0557513	1.0000000	0.8966782	1.6648628	1.9962255
