##############
# B3501 PWM for 14-mers
#
# Copyright (2018) David Gfeller
##############
1.00000	20	2
A	0.7582349	1.1717141	0.6388342	0.8314342	1.0660732	0.8580722	0.8311801	1.3144361	1.0848164	0.8503044	0.9195589	0.9927525	1.4803859	0.5064162
C	1.0449869	0.6513818	0.6764029	0.8786261	0.9009102	1.0383154	0.9873724	0.9657569	0.9566204	0.9530549	0.9601858	1.0045312	0.9552090	0.4670763
D	0.9274468	0.5746008	0.4801936	1.1787131	1.5871065	1.0303555	1.8958855	1.1673952	1.6064592	0.7342926	0.9861366	1.8468126	1.1143003	0.3142461
E	0.5084030	0.5398666	0.4407204	1.5345839	1.1609331	0.8039002	1.1664033	0.8173318	1.4669723	1.1375206	0.8150708	0.8901948	1.2335000	0.3700700
F	1.8036364	0.3915943	4.0878424	1.3251968	0.4004141	0.6037714	0.8150183	0.3928551	1.0094805	0.4550871	1.1693578	0.5258101	0.9244422	4.4651846
G	1.3646437	0.6170054	0.9315203	2.2648671	3.9938703	2.8380418	1.4369776	2.0164567	1.5213776	1.8472213	1.7917045	1.8408350	1.5314297	0.3637204
H	1.2244544	0.4338881	1.2283173	0.6276332	0.5679879	1.2189936	0.6609555	1.2966651	1.2889052	1.2178481	1.2289555	1.1507471	0.5725620	1.1003784
I	1.0143771	0.4909405	0.6475482	0.3793312	0.3203172	0.9327410	0.6677267	0.3641316	0.4793180	0.7200000	1.2187444	1.2514565	0.5123733	0.7483701
K	0.5534345	0.6395763	0.4927114	1.1809106	0.7120735	0.5943902	0.6741938	1.4086468	0.9931161	0.8456451	0.9647064	0.8595445	0.8942714	0.4276882
L	1.3082920	0.7998058	0.9374435	0.4489118	0.3434400	0.6021958	0.7300905	0.3995420	0.4654321	0.5650789	0.9707802	0.6968590	0.6949423	1.1703125
M	1.4298728	0.6195652	1.2848583	0.6136843	0.4836850	0.6992857	0.7269094	0.5933157	0.6096904	1.1262926	1.7714962	0.7832224	0.7291001	0.9521472
N	1.0835913	0.9333111	0.9480480	0.8641265	1.6667016	0.7420592	1.2531806	1.7318064	1.2908784	1.1786250	1.0903134	1.5649490	0.8410720	0.4228045
P	0.2856494	6.2770319	1.5080913	0.7496338	0.7390643	1.2364137	0.3287650	0.3616477	0.7681303	1.5851324	0.2876617	0.3033690	0.3589701	0.2119370
Q	0.5312057	0.5114769	0.4526739	1.7622561	0.9779007	0.5657676	0.6769391	1.4275108	0.7805808	1.0538283	0.6650289	0.6204802	1.3920902	0.4291117
R	0.5301256	0.5018155	0.4807700	1.4902892	0.5957688	0.5116231	0.5898166	1.5574515	0.6964235	1.3613837	1.3334883	0.5970126	1.4072132	0.4581621
S	1.1129280	0.9349579	0.9542114	1.3568773	1.2243409	0.9752368	1.4118810	1.8671311	1.7847762	1.3654669	0.8753309	0.9290537	1.5259049	0.4449268
T	1.4489509	0.6878715	0.6013900	0.7089123	0.6787015	1.2344282	1.5164415	0.8441457	0.8137666	1.0031101	0.6539606	0.7300346	1.5395066	0.4769141
V	0.9373483	0.5067016	0.5669919	0.4191917	0.3749409	1.1900377	0.9221562	0.4410779	0.6409840	0.7346881	0.7862942	1.5628962	0.5872859	0.6528145
W	0.8215830	0.3185085	6.1492506	0.5711653	3.0345283	0.5753546	0.7672649	0.4777426	0.6068598	0.4706918	0.6694354	0.4662851	0.5456768	2.0716187
Y	2.0532398	0.4555572	2.1320704	0.7110675	0.5069241	1.2247631	2.3408507	0.5647265	1.2739528	0.5691610	1.3198277	0.5683965	0.6359564	9.1974946
