##############
# B3502 PWM for 14-mers
# Model trained on 13-mer peptides adding one non-specific position after P10.
# Copyright (2016) David Gfeller
##############
1.00000	97	0
A	0.6976455	0.6804114	0.9260594	1.0540737	1.3026712	1.0088786	1.2292109	1.5364350	1.0000000	1.0000000	1.0000000	0.8117972	1.7124099	0.4222794
C	0.9862052	0.4694104	0.5942220	0.9187258	0.9345728	0.9263609	0.8881177	0.9537519	1.0000000	1.0000000	1.0000000	0.8929024	0.9087556	0.5195391
D	0.3534043	0.5131108	3.6041965	1.8058460	1.2876715	1.3182554	0.8949805	1.4834348	1.0000000	1.0000000	1.0000000	1.3281339	0.7178792	0.2173581
E	0.5504626	0.4027970	2.0906453	1.0067312	2.6274643	1.4082510	1.5761903	1.0613958	1.0000000	1.0000000	1.0000000	1.7983001	1.3853671	0.2366710
F	1.3212926	0.2094445	1.0778688	0.5377850	0.4959210	0.6208967	0.7701310	0.5355066	1.0000000	1.0000000	1.0000000	0.5179198	0.5539535	1.7505173
G	0.3515055	0.4030596	0.4507298	1.3006004	1.6244312	1.1026099	1.3112124	1.9619239	1.0000000	1.0000000	1.0000000	0.5288562	0.6907241	0.2473067
H	3.4436447	0.2970821	0.6361703	0.7809909	0.6101047	0.5978969	1.4117205	0.7704974	1.0000000	1.0000000	1.0000000	1.5894328	0.5845472	0.2623900
I	1.1326443	0.3352142	1.0807832	0.5565017	0.6958019	0.9668709	0.7780211	0.7654452	1.0000000	1.0000000	1.0000000	1.0027207	1.2594647	1.2715767
K	0.4564585	0.4724888	0.5515200	0.6156526	0.6785299	1.2557517	1.2282982	1.0395408	1.0000000	1.0000000	1.0000000	1.0075170	0.9127933	0.3185331
L	1.9680884	0.2732439	0.7458836	0.8259112	0.8094504	0.7050818	0.5658533	1.0493253	1.0000000	1.0000000	1.0000000	0.9081789	0.8134232	5.1515785
M	3.4704013	0.3206971	0.9439767	0.5334638	0.5722160	0.5547805	0.5198489	0.6024353	1.0000000	1.0000000	1.0000000	0.9933051	0.8435013	2.4975112
N	0.5713857	0.3739727	1.1495405	0.6983240	0.7021502	1.0785281	1.4180207	0.9280767	1.0000000	1.0000000	1.0000000	0.8321295	0.6448745	0.3707538
P	0.2005008	10.3890479	0.2402458	2.0763217	0.2550030	1.0081060	0.8911652	0.3530414	1.0000000	1.0000000	1.0000000	0.5648664	0.2556337	0.1581193
Q	0.9127002	0.3600162	1.1524429	1.1780919	1.3110112	0.8033734	1.1846114	0.8621331	1.0000000	1.0000000	1.0000000	2.0127913	1.3569756	0.2995682
R	0.7592789	0.3448968	0.4667180	0.6658056	0.6097844	1.2817954	1.7302904	1.0293809	1.0000000	1.0000000	1.0000000	1.6357114	1.0456797	0.5500282
S	0.6859406	0.5068505	1.0864151	1.1862352	1.4187324	1.5694124	0.9621399	0.7703290	1.0000000	1.0000000	1.0000000	1.0761930	1.4433355	0.2957176
T	1.0903777	0.4630584	0.6121054	1.2253694	0.7318759	1.1813452	0.5988896	1.2174545	1.0000000	1.0000000	1.0000000	0.7866971	1.2949233	0.4266333
V	0.9560987	0.3002846	0.8067273	0.6125109	1.0732774	0.6741398	0.5565919	0.8073096	1.0000000	1.0000000	1.0000000	0.7431623	1.2812359	0.8422385
W	0.5501775	0.1790796	0.4090109	1.6844616	0.3702201	0.3604909	0.4074593	0.3865555	1.0000000	1.0000000	1.0000000	0.3802847	0.3941908	0.5144057
Y	1.6032134	0.2997915	0.8409412	0.9751487	0.4156517	0.4263014	0.8454639	0.6024612	1.0000000	1.0000000	1.0000000	0.4823700	0.6287127	0.6209486
