##############
# B3503 PWM for 14-mers
# Model trained on 13-mer peptides adding one non-specific position after P10.
# Copyright (2016) David Gfeller
##############
1.00000	41	0
A	0.7095634	1.3097746	0.7646588	1.1193740	1.1757531	1.1479308	0.9829738	1.2756029	1.2049596	1.0797166	1.0000000	0.9779460	1.2813471	0.8003008
C	0.9944170	0.5859451	0.7308880	0.9621048	1.0073774	0.9780542	0.9235686	0.9669590	0.9464526	0.9756767	1.0000000	0.9181200	0.9720771	0.6459708
D	0.4162570	0.5299452	0.4885315	1.8845960	1.0402311	1.0592830	1.4194601	0.8701880	0.8450164	1.4366646	1.0000000	1.5318471	0.6753120	0.2915241
E	0.6028551	0.6805317	0.8363468	0.8470082	0.9812079	0.9686869	1.7250106	1.1680739	1.0954983	0.7840112	1.0000000	1.7828750	1.6099869	0.3426773
F	2.1921559	0.2737066	1.4709839	0.9463494	0.9930857	0.5095622	0.3809225	0.4681973	0.4326171	0.5096081	1.0000000	1.5739384	0.5652068	1.4362309
G	0.4320548	0.5670965	0.4458306	1.0439710	1.4697783	1.4761447	1.6803551	2.7828455	1.6697875	1.4330340	1.0000000	0.7284290	0.7895788	0.3561827
H	2.7418399	0.3959155	0.6118589	0.5097958	0.8338593	0.5456895	0.5581980	0.5176815	1.6091101	1.2303902	1.0000000	1.6255614	0.8694103	0.3510051
I	1.0416878	0.3418441	1.6052135	0.5763207	0.9227772	0.7216373	0.5725992	0.5054646	0.8306467	0.9020303	1.0000000	0.7046998	1.0204871	1.2415711
K	0.5363611	0.6245107	0.6012016	0.8574354	0.6012226	1.0177985	0.9684587	0.7086315	1.4850783	1.1279694	1.0000000	0.6515513	0.6844650	0.6153747
L	1.6229605	0.3493374	1.5140693	0.4864533	0.5487860	0.6916272	0.5417659	0.6481704	0.7054765	0.7687636	1.0000000	1.1567572	1.0414466	3.7640279
M	3.6728863	0.4300283	1.3165967	0.8899681	0.6420238	0.6720857	0.6038922	0.6185241	0.6800668	0.7236078	1.0000000	0.7752185	0.8427709	3.3306178
N	0.5315377	0.4905303	0.7440017	0.7704637	0.9045777	0.9555999	1.4485027	1.1503056	0.9439297	1.1628627	1.0000000	0.8838514	0.8771930	0.3436613
P	0.2321239	7.7106966	0.4775361	1.8645902	1.8545131	1.2021511	0.7568606	0.7420394	0.7519529	0.5145192	1.0000000	1.1663577	0.3100222	0.2139083
Q	0.7385324	0.6894240	1.7076633	1.1963384	0.5660974	1.6145878	1.5322178	1.2104677	1.2969332	1.0180832	1.0000000	1.0555055	1.2600189	0.4396089
R	0.7290590	0.4718786	0.5663109	0.9988577	0.5084747	0.8682983	1.2785084	0.9764283	1.3453589	1.2426772	1.0000000	0.5731777	0.6045583	0.8798909
S	0.8785200	0.8222320	1.0422677	1.6134459	1.8092932	1.6220531	1.2765548	1.3634337	1.1129171	1.0797996	1.0000000	0.7802288	1.5982678	0.4335222
T	0.5739263	0.6112446	0.6408181	1.1649957	0.8960215	1.1748243	1.1330714	0.8234322	0.9495537	0.9698487	1.0000000	0.7310732	1.2120702	0.5536066
V	0.7477150	0.3987444	1.0640446	0.6086621	1.0035407	0.6624114	0.6900426	0.7858093	0.6733736	1.2119024	1.0000000	0.6671095	1.4143904	1.0701005
W	2.1831442	0.2581081	0.8325940	0.4812376	0.4881015	0.5120271	0.4265224	1.8346040	0.4508403	0.4839831	1.0000000	0.5751750	0.5080121	0.6108987
Y	2.3697807	0.3914068	3.0682397	0.8901967	0.9223651	1.1601665	0.4608782	0.8280317	0.5578583	0.8751984	1.0000000	1.0977980	0.8927154	0.7115801
