##############
# B3508 PWM for 14-mers
# Model trained on 13-mer peptides adding one non-specific position after P10.
# Copyright (2016) David Gfeller
##############
1.00000	40	0
A	0.5063085	0.6310801	0.6285247	0.7669068	0.6299413	0.7669624	0.7587128	0.9679247	0.7479078	0.6275803	1.0000000	0.8125435	5.3309051	0.4499779
C	0.5445892	0.3582480	0.2780770	0.3792038	0.5508498	0.3777256	0.3346837	0.3818124	0.3189451	0.5634581	1.0000000	0.6130215	0.7418865	0.3234667
D	0.4870187	0.4889904	1.3497713	0.7099037	0.2645280	0.7140443	0.9235610	0.5271632	0.7308041	0.2527765	1.0000000	0.5900222	0.4700618	0.2949716
E	0.3186861	0.4934318	6.2954126	0.5084256	0.3039990	0.5202161	1.2702802	0.3702442	1.3549950	0.2840981	1.0000000	0.5323475	0.5469664	0.3816599
F	1.0541969	0.2627219	0.4081354	0.3455607	1.0963546	0.3468845	0.3771281	0.3906715	0.3036576	1.0775670	1.0000000	0.4788564	0.4371570	2.6638775
G	0.4657671	0.4247045	0.4138229	0.6399018	0.4761208	0.6419550	0.6903502	7.7491271	0.6904382	0.4686415	1.0000000	0.7047221	1.1039385	0.2921310
H	0.3201054	0.3871880	0.7718998	0.4199789	0.3446423	0.4258318	0.8344051	0.4364869	0.8595423	0.3092251	1.0000000	0.4139760	0.4432402	1.4016806
I	1.5575241	0.3704715	0.3789436	0.4306373	1.5392159	0.4312834	0.4395760	0.2921053	0.3837899	1.5965098	1.0000000	0.7530050	0.6116011	0.6260682
K	0.5182226	0.5735270	1.0084979	0.5688749	0.5201667	0.7205193	1.2922062	0.6251513	1.2303056	0.3609193	1.0000000	0.6264012	0.6142154	0.4332698
L	4.8049744	0.3252280	0.3598846	0.3564930	4.6981523	0.3580653	0.4388557	0.2736138	0.4216959	4.9315842	1.0000000	0.5766059	0.5266762	0.6154177
M	1.6463510	0.3628419	0.4784757	0.3984215	1.6263594	0.4030011	0.7023456	0.3518333	0.7130900	1.6836039	1.0000000	0.6849081	0.6093454	0.6587517
N	0.3187681	0.4401362	0.7513011	0.4808912	0.3018616	0.4894862	0.8136380	0.7251857	0.8219495	0.2853801	1.0000000	0.8177938	0.4899584	0.4118012
P	0.2365196	11.0399684	0.4045070	9.4368249	0.2399820	9.1718100	0.3724696	0.3073202	0.3747381	0.2340919	1.0000000	0.4359076	0.4685022	0.2483396
Q	0.3796701	0.4480074	1.3299545	0.4597487	0.3803735	0.4774959	7.5125113	0.4329657	8.5506117	0.3571615	1.0000000	0.5926359	0.5504323	0.4718146
R	0.4055369	0.3951975	0.7386593	0.4024734	0.4073751	0.4336067	1.0363977	0.3880747	1.0902012	0.3742505	1.0000000	0.5389544	0.4717478	0.4288965
S	0.3413476	0.5675660	0.8165710	0.6997933	0.3541793	0.7028962	0.8308894	0.6683445	0.7306280	0.3425112	1.0000000	1.1851010	1.0880394	0.4033726
T	0.5339681	0.5767461	0.6058224	0.5995292	0.5375927	0.6009233	0.6666437	0.4845385	0.6552920	0.5372343	1.0000000	6.9477198	0.7869717	0.4461020
V	1.1601850	0.3951410	0.5466967	0.5509349	1.1585917	0.5515085	0.5967266	0.3337667	0.4571208	1.1945686	1.0000000	0.8901188	0.8627776	0.5952608
W	0.4725380	0.1774150	0.4131722	0.2415573	0.5110916	0.2459927	0.4317667	0.4066897	0.4008896	0.4786793	1.0000000	0.4017426	0.3684773	1.9106229
Y	0.6170707	0.3683578	0.8353012	0.7381433	0.9752915	0.7412843	0.9226791	0.6797486	0.5790213	0.6251374	1.0000000	0.5032795	0.4949272	14.7857097
