##############
# B3924 PWM for 14-mers
# Model trained on 13-mer peptides adding one non-specific position after P10.
# Copyright (2016) David Gfeller
##############
1.00000	28	0
A	0.7155222	0.5651257	0.6046280	0.7230813	1.3597551	1.1838454	1.1575862	1.0000000	1.0000000	1.0000000	1.0000000	1.1658855	1.6241046	0.5541738
C	0.6624464	0.4176397	0.5671037	0.7331298	0.7365161	0.8328719	0.8034726	1.0000000	1.0000000	1.0000000	1.0000000	0.7269729	1.0940717	0.6955068
D	1.2675617	0.5968018	0.8189370	2.2882845	0.9604582	0.9835696	0.5923527	1.0000000	1.0000000	1.0000000	1.0000000	1.6996031	0.6902203	0.2640786
E	0.7778653	0.7983896	0.7264335	1.9404686	1.0813881	0.8451014	0.7279796	1.0000000	1.0000000	1.0000000	1.0000000	1.6439610	1.0476339	0.2990373
F	0.9836403	0.4600186	2.2343815	0.4648565	0.3836321	0.7981197	1.2847512	1.0000000	1.0000000	1.0000000	1.0000000	0.7838912	0.4618181	1.4363155
G	0.5974915	0.8193418	0.7713781	0.8667419	1.5560618	1.5920246	1.7962991	1.0000000	1.0000000	1.0000000	1.0000000	0.9462518	1.0303954	0.3112384
H	3.6760171	6.7499258	0.7912156	0.5623286	1.0743636	0.5229249	0.5164461	1.0000000	1.0000000	1.0000000	1.0000000	0.6485705	0.4960003	0.3232272
I	0.5628602	0.3002082	0.9874239	1.0031928	0.3926516	0.8692529	1.3794763	1.0000000	1.0000000	1.0000000	1.0000000	0.6653280	0.7162302	1.4516443
K	1.1183294	1.2445729	0.6844336	0.8016765	1.5580463	1.4816555	0.6836662	1.0000000	1.0000000	1.0000000	1.0000000	1.0763436	0.7438665	0.3876616
L	0.5210620	0.3956341	1.0100541	0.8276496	0.4550386	0.5600315	0.7456104	1.0000000	1.0000000	1.0000000	1.0000000	0.5147515	0.5821454	4.4641206
M	0.6944734	0.6040940	1.2284116	0.7335530	0.9422439	0.6807963	1.1674212	1.0000000	1.0000000	1.0000000	1.0000000	0.6732401	0.7419554	2.5876821
N	1.4955196	0.9308522	1.1993424	1.1303513	1.0659334	1.3905651	1.5072727	1.0000000	1.0000000	1.0000000	1.0000000	1.6983478	0.8092360	0.3019951
P	0.3228254	0.2828490	0.2551092	0.9475095	1.2735546	0.6551296	0.2760503	1.0000000	1.0000000	1.0000000	1.0000000	0.3211422	0.3770816	0.2056811
Q	1.4869780	1.4654972	0.8486798	1.2884916	0.8363070	0.7058060	1.0783112	1.0000000	1.0000000	1.0000000	1.0000000	2.3110172	1.1880549	0.3816204
R	0.7908009	4.3743979	1.3801477	0.9173851	2.6719254	1.0229446	1.1057340	1.0000000	1.0000000	1.0000000	1.0000000	1.0640299	0.6506061	0.4312427
S	1.1618382	0.6600736	0.7587619	1.2051445	0.9821267	1.7681464	0.7406378	1.0000000	1.0000000	1.0000000	1.0000000	0.9631308	2.2398603	0.3733492
T	1.8806228	0.5236643	0.7976140	0.9037734	0.8568280	1.2104404	1.0377024	1.0000000	1.0000000	1.0000000	1.0000000	0.6911728	2.3060847	0.5556865
V	0.7887331	0.3241219	0.8196444	0.7737210	0.4613268	0.8900243	0.9368606	1.0000000	1.0000000	1.0000000	1.0000000	0.7964345	1.2055747	1.1061429
W	0.6739482	0.5644717	1.1420655	0.4391553	0.4531703	0.4818097	4.3709770	1.0000000	1.0000000	1.0000000	1.0000000	2.3979063	0.4739131	0.6468379
Y	1.7826262	1.0266385	4.5009030	0.4927353	0.5220740	0.5709368	0.7765191	1.0000000	1.0000000	1.0000000	1.0000000	0.6417508	0.5324459	0.7395763
