##############
# B4006 PWM for 14-mers
# Model trained on 13-mer peptides adding one non-specific position after P10.
# Copyright (2021) David Gfeller
##############
1.00000	63
A	1.7197372	0.5653221	0.8223720	1.0204968	1.0384394	0.8673567	1.0488808	0.9787472	0.7957195	1.0000000	1.0000000	0.9385723	1.8236585	5.0755091
C	0.7549078	0.2395386	0.6783019	0.7721081	0.8215546	0.8028804	0.8091553	0.7999186	0.8456213	1.0000000	1.0000000	0.8830786	1.0640364	0.7462609
D	0.4660643	1.2805874	0.2653722	2.1675522	0.6188211	1.1369390	1.3485318	0.6988796	0.6225490	1.0000000	1.0000000	0.7148977	0.5323537	0.4193161
E	0.5807745	7.4821816	0.2846923	1.5624767	0.6678681	1.2542654	1.0843998	0.9242192	0.6729709	1.0000000	1.0000000	0.4387725	1.2051509	0.4867323
F	0.5919167	0.3051783	3.9020493	0.6218210	1.8293347	1.0539644	0.7955460	0.8048255	0.7331739	1.0000000	1.0000000	1.3599855	0.4566294	0.6425215
G	1.4121212	0.5094288	0.2938227	0.8851665	1.2172970	1.0717032	2.2061058	1.7646879	2.0444918	1.0000000	1.0000000	0.6555881	0.7632026	0.7455749
H	0.5474591	0.7328709	0.6775290	1.1623287	0.7458429	0.5125840	1.0924449	1.1006271	0.7404361	1.0000000	1.0000000	1.3054581	0.7576785	0.4297200
I	0.4576969	0.2861473	2.5851731	0.5615931	1.0329692	0.7981934	0.5795342	0.7428900	1.6831674	1.0000000	1.0000000	1.8948792	1.0493044	0.6117797
K	1.7445702	0.9404635	0.4337336	0.9796828	0.5115067	1.2720450	0.7068926	1.0790542	0.9452817	1.0000000	1.0000000	0.5945697	0.9407092	0.6466344
L	0.5087836	0.2970953	2.0273077	0.6917097	0.9177251	1.0351249	0.4702385	0.8384754	1.0784364	1.0000000	1.0000000	1.0522273	0.7295684	0.6516549
M	0.7689110	0.4162183	1.7479298	0.5511246	0.8648633	0.6860758	0.4967594	0.8469946	0.9519440	1.0000000	1.0000000	1.2623840	0.6900195	0.6029887
N	0.6280431	0.7150257	0.3101856	1.5563775	0.8436230	0.6146474	1.2010212	0.9663061	0.8794562	1.0000000	1.0000000	0.8322622	0.5781317	0.4565820
P	0.3380833	0.3779289	0.2201904	0.6998450	3.0121995	0.8613019	1.0564244	1.0473243	1.2419342	1.0000000	1.0000000	1.0296968	0.3498216	0.9595380
Q	0.8707033	1.2569841	0.3232220	1.5765921	0.7642501	1.6776384	0.5850638	1.9574092	0.8076729	1.0000000	1.0000000	0.7623281	1.3665762	0.4949287
R	3.7035239	0.6842119	0.3291653	0.7145128	0.5441522	0.9897489	0.8717286	0.9825909	0.6091392	1.0000000	1.0000000	0.6950361	0.8085105	0.4376493
S	0.9380100	0.6552758	0.3698584	1.1930201	1.0879265	0.9432535	1.7841133	1.0751356	0.7394649	1.0000000	1.0000000	0.7263722	1.3939074	0.9294010
T	0.9436730	0.5320195	0.5162539	1.0840940	0.8258518	1.0614865	0.8979331	1.1814332	1.0563757	1.0000000	1.0000000	1.3224443	1.2932349	1.0446342
V	0.6044490	0.3607532	1.7390880	0.5024868	0.8223165	1.1414595	0.7537286	0.6586163	1.1570524	1.0000000	1.0000000	1.8996605	1.8968810	0.8667731
W	0.3764499	0.3379178	1.3690987	1.1227215	0.4021237	0.3883952	0.3594024	0.3609384	0.3697204	1.0000000	1.0000000	1.1828117	0.3418387	0.3611825
Y	0.7155871	0.4269594	1.5160008	0.7533774	0.8905023	0.7849719	0.7364489	0.5281759	0.7443002	1.0000000	1.0000000	0.6627761	0.4876602	0.7326472
