##############
# B4001 PWM for 14-mers
# Model trained on 13-mer peptides adding one non-specific position after P10.
# Copyright (2021) David Gfeller
##############
1.00000	82
A	1.8581452	0.5216141	0.8590245	0.7901255	0.9221112	1.3611085	1.1130842	1.1071181	1.1800913	1.4674886	1.0000000	1.5076678	1.4998379	0.4240207
C	0.7726498	0.2293044	0.6299736	0.7475354	0.7892145	0.8373264	0.8117421	0.8075399	0.7880386	0.8267434	1.0000000	0.8649056	1.0557681	0.5911822
D	0.4636065	1.1727692	0.6112475	2.2539109	1.9880898	1.8503618	1.6766586	0.7944857	1.1060297	0.7617962	1.0000000	0.8315389	0.4645489	0.2042364
E	0.5502892	7.8920222	0.8317009	2.1710955	2.2155344	0.8332961	1.2425629	0.9810712	1.5394246	0.8491430	1.0000000	1.6026800	1.1044646	0.2348234
F	0.5891169	0.3000558	2.2716899	0.6541981	0.5416847	0.4148660	0.3895109	0.4940804	0.3786081	0.3978913	1.0000000	0.5774220	1.2752527	0.9350132
G	1.5511858	0.3467007	0.5266412	1.3810455	0.7204425	1.5238810	0.9871948	2.3664367	2.2671638	0.8889038	1.0000000	0.4563453	0.4224793	0.2142114
H	1.2171287	0.6743250	1.3849007	0.7611198	0.4594485	0.4513359	1.9296041	1.1771127	0.9883145	1.1979944	1.0000000	0.7374671	0.6592227	0.2713569
I	0.5478270	0.2959319	2.2307617	0.4803327	0.9462457	0.9058915	0.5988949	0.5853080	0.6288505	1.0093386	1.0000000	0.8613202	1.0498985	1.3927758
K	2.1562699	0.8658514	0.6743055	0.8230891	0.5705027	0.8254246	0.8683467	1.0128450	1.1350561	1.9345861	1.0000000	0.6077733	0.7164828	0.2978970
L	0.5858739	0.4159203	1.4912702	0.5920417	0.7072957	0.7470322	0.7202334	0.3604084	0.5096375	0.7223166	1.0000000	0.6402735	1.0334462	5.8584282
M	0.5287751	0.4161256	1.0379092	0.4755089	0.7404605	0.5619415	0.7439896	0.4590715	0.6827298	0.7878410	1.0000000	1.0144456	0.7132772	1.6868984
N	0.6051430	0.6537026	0.4072461	1.1091717	0.8615753	0.7898632	0.9543523	0.9241798	1.5931363	1.1326791	1.0000000	1.1330280	0.6389997	0.2354407
P	0.3315987	0.4964210	0.5374449	1.0412747	2.3833185	0.6090701	0.9093483	1.4843191	0.4586080	0.9104804	1.0000000	0.7718545	0.4514135	0.1950491
Q	0.8815875	1.1528483	0.6812903	1.4310964	0.8630300	1.0427547	1.3773091	1.1976683	1.0039889	1.3865429	1.0000000	2.0592248	1.0424332	0.2998075
R	1.7414614	0.6317373	0.3906968	0.8446249	0.5489114	0.7955806	0.7397500	0.6158913	0.8600753	0.8527772	1.0000000	0.5073033	0.7900884	0.3154556
S	1.5349413	0.6010807	0.5024943	1.2101013	0.8625694	1.6768722	1.4010452	1.6972220	0.9412018	1.1507752	1.0000000	1.2696834	1.2864806	0.2712649
T	0.7094763	0.4964307	0.7098474	1.0551197	0.7576680	1.2241860	1.6004013	1.4037044	1.1549176	1.0023765	1.0000000	1.4538254	1.5389168	0.4529632
V	0.6589358	0.3548367	1.7351873	0.4325200	1.1800681	0.9624335	0.7498072	0.6208709	0.7153815	0.9884007	1.0000000	1.4904449	2.0297328	1.0359995
W	0.3715008	0.3154766	0.4899977	0.3084207	0.2853443	0.3162633	0.3109139	0.3051186	0.3244917	0.3100783	1.0000000	0.9612865	0.3616838	0.4069169
Y	1.0822924	0.4028560	1.7452219	0.4313421	0.4105548	0.6014362	0.4742207	0.4323847	0.6151911	0.4569256	1.0000000	0.4856681	0.5641362	0.5376907
