##############
# B4403 PWM for 14-mers
# Model trained on 13-mer peptides adding one non-specific position after P10.
# Copyright (2016) David Gfeller
##############
1.00000	58	0
A	2.2550318	0.6032725	1.0611747	1.0303896	1.2668682	1.1543479	1.1410500	1.0465290	1.1695242	1.5778787	1.0000000	1.2152762	1.3098287	0.4061710
C	0.9735912	0.2885074	0.5163604	1.0333309	1.1082032	1.0423965	1.0566796	1.1002774	1.0257002	1.1011241	1.0000000	1.0195043	1.3733052	0.4969628
D	1.0565701	1.3194545	0.7134578	2.1111289	1.3115374	1.7585346	1.3869686	0.8011754	0.9981511	0.8345862	1.0000000	1.2412158	0.8909282	0.2681459
E	1.7817471	7.1892893	1.2691099	1.5748899	0.7135407	1.1616878	1.0687863	0.7907294	1.3789284	0.6846757	1.0000000	1.0173953	0.9319542	0.3311524
F	0.5652749	0.5013882	1.5672246	0.4442618	0.6397586	0.4137211	0.4233959	0.3845376	0.5635434	0.8054742	1.0000000	0.5676074	0.8525780	3.2141879
G	0.8489758	0.4389806	0.6255896	0.8559987	1.6548563	0.8877975	1.8123848	1.7552497	2.1831161	2.2009999	1.0000000	1.3535854	1.5085269	0.3467273
H	0.5266411	0.6783535	0.7180239	0.7725506	0.3775027	1.3501995	1.0108732	0.4688881	1.0495526	0.4371354	1.0000000	1.0740005	0.5057691	0.7243755
I	0.5131119	0.2621032	1.3320767	0.7766031	0.8821452	0.5739606	0.8455317	0.7976311	0.5073748	0.7887778	1.0000000	0.5731474	0.5896373	0.5039094
K	1.0984514	0.9894448	0.6492676	0.7846850	0.5364192	1.0838788	1.0931385	1.1140584	1.4808804	1.0102420	1.0000000	1.5213187	1.0714586	0.3782721
L	0.5075156	0.3168795	1.2669477	0.8715342	1.0699862	0.5985176	0.8289937	0.5478342	0.5611793	0.6581288	1.0000000	0.5326373	0.8649991	0.6591418
M	0.5784609	0.4575226	1.3443448	0.8949169	0.6937639	0.6093907	0.9180976	0.5925852	0.5515847	0.6394713	1.0000000	0.6040188	0.6691502	0.6556977
N	1.5599915	0.7301868	1.3692336	1.0484273	0.7648957	1.0889801	1.0048307	1.9255184	1.5592885	0.6235263	1.0000000	1.2197084	1.3201849	0.3455694
P	0.3250441	0.3248054	0.7427543	1.2693929	2.0799801	0.7868656	0.7700017	1.3092282	0.7832258	0.7837484	1.0000000	0.2834038	0.2738261	0.3207333
Q	1.1961953	1.4142249	0.8493299	1.4197040	0.4778417	1.7563282	1.5328081	0.9096754	0.8347279	1.5050976	1.0000000	1.6411408	1.5439205	0.5180653
R	1.1176933	0.7628357	0.5001392	0.7309176	0.5945026	1.2686953	0.7666082	0.9181504	1.1270777	1.2030087	1.0000000	2.3956015	1.6825598	0.5468249
S	1.7299426	0.7144720	0.5867792	1.2598754	1.1703653	1.4071376	0.8797722	1.7441661	1.2154406	1.1224257	1.0000000	0.9914334	1.0899230	0.3647593
T	0.9545978	0.5350522	0.8157571	0.7446222	1.2211009	1.0102506	0.9541406	1.0751429	0.8542032	1.1018605	1.0000000	0.7253105	0.9634722	0.3878125
V	0.5942849	0.3294671	1.3057488	0.6927108	0.9272760	0.8056548	0.9668757	0.9471019	0.6038877	0.8069577	1.0000000	0.8740383	0.6728426	0.5261109
W	0.4210846	0.4350507	3.5674686	0.4183679	0.3934768	0.4311358	0.4115325	0.3826872	0.4160464	1.4577453	1.0000000	0.4299751	2.4595725	23.5681623
Y	0.4855881	0.4742997	0.7372415	0.7217036	0.4585685	0.7640970	0.4797429	0.4329646	0.4888751	0.5270636	1.0000000	0.5161824	0.8234474	7.1629146
