##############
# B4402 PWM for 14-mers
#
# Copyright (2018) David Gfeller
##############
1.00000	23	2
A	2.3465761	0.6877352	1.7009804	0.9255380	0.9657243	1.1599763	1.1340724	1.0554376	1.0615198	0.9262440	1.6234767	0.8620002	1.5471480	0.5310965
C	1.0481350	0.3336812	0.6248268	0.9616282	1.0810512	1.0920984	1.1903795	1.0366724	1.0534335	1.0090546	1.1412389	0.9759133	1.4572230	0.5779721
D	1.0250859	2.1656118	0.9969239	1.1982019	0.9463919	1.4048191	0.5765781	0.8088194	0.6217710	1.4088806	0.5987315	1.0843336	0.5857792	0.3325121
E	1.0340191	5.4134688	1.1763076	2.0229343	1.0778591	1.3752212	0.6217793	1.5316947	0.5941626	1.2513515	0.6257067	1.5548229	0.5928407	0.4023544
F	0.4172032	0.3397960	0.6070300	0.4408542	0.6016668	0.4889121	0.5664420	0.4324462	1.3366964	0.5697167	0.4343933	0.5655570	0.6118188	2.0453837
G	1.1925322	0.5277775	1.0319618	1.6595948	1.6376988	0.9822480	1.7130010	2.4580204	3.5334015	1.6794438	2.8684603	1.2691279	1.3878156	0.4266119
H	0.5858012	0.7729005	0.5637612	0.6086119	0.4981980	1.0991668	0.4682861	1.1398730	0.5641342	1.7959837	0.4793405	2.3873287	1.1025137	0.7872105
I	0.4681031	0.2956573	1.0131144	0.4176980	0.7785209	0.7871631	1.0452407	0.4365638	0.4768937	0.6055089	0.6704661	0.5561415	0.8316242	0.6549402
K	1.3575171	1.1254607	1.6384013	0.8063577	0.6858592	1.1739891	1.1079304	0.9785544	0.9250938	1.2271886	1.1318212	1.0016619	0.9209464	0.6617761
L	0.5230745	0.3491952	0.9640217	0.4083065	1.1174207	0.8755400	1.1555373	0.7324602	0.4835601	0.8317509	0.6641443	0.6654094	0.9182712	0.9702526
M	1.0965546	0.5172760	0.8592838	0.5369616	1.2828379	0.7760858	0.9407930	0.6468802	0.6173523	0.7672103	0.6886970	0.6927934	0.8192629	0.8238027
N	0.8011942	0.9080107	0.7000679	1.0624915	0.6551939	0.7918872	0.7295091	1.1453333	1.1194845	1.1710025	0.7444978	1.1483848	1.0548153	0.4284609
P	0.3843274	0.3737994	0.3492974	2.9045359	1.0276727	1.0818763	0.3294246	1.4416027	0.6781722	0.3165011	1.0852640	0.3041421	0.7020009	0.1959765
Q	1.6485637	1.6764068	1.3348371	1.3518141	1.4684917	1.0342787	1.1833559	1.0434798	1.1596680	1.8920354	1.1822792	0.8752174	0.9039987	0.4556911
R	1.4522176	0.8728851	0.8456292	0.6511992	0.6111067	0.7298656	0.7005556	0.6905324	0.9492355	0.8136195	0.6912158	2.5716918	0.9588481	0.5138164
S	1.6775005	0.8302963	1.0212060	0.7687431	1.0293753	1.1958527	1.8082450	1.4952545	1.3200185	0.9254315	1.2687550	0.7447214	1.2480167	0.6233203
T	0.8344819	0.6219816	0.9510890	0.6289424	0.6895052	1.4036710	1.0850332	0.7355386	0.9224057	0.6636114	1.4028079	0.8409121	1.6411254	0.5078080
V	0.5871289	0.3699990	0.9101694	0.5749128	1.0730417	0.8003128	1.3427039	0.4663017	0.6229062	0.8214217	0.6208617	0.7953550	0.8653526	0.7047055
W	0.4833098	0.4735800	0.5772837	0.4827238	5.0172571	0.4699176	0.4970366	0.4605012	0.6371518	0.5799004	0.4684109	0.5945899	0.5756077	21.9309856
Y	0.5359243	0.4998033	1.1030325	1.0022670	0.6687174	0.5699073	0.5540924	0.5327881	1.1962276	1.1690417	0.4878269	1.2133495	1.1197128	5.6583548
