##############
# B4428 PWM for 14-mers
# Model trained on 13-mer peptides adding one non-specific position after P10.
# Copyright (2016) David Gfeller
##############
1.00000	31	0
A	2.6800795	0.6765057	1.3014985	0.8969436	1.3397998	1.0611683	0.8551121	1.0986190	1.0000000	1.0000000	1.0000000	1.1966266	0.9474621	0.4768554
C	1.0735171	0.3179569	0.5975205	1.0301232	1.1005303	1.0810936	1.0147642	1.0616569	1.0000000	1.0000000	1.0000000	1.0443949	1.3900565	0.5191371
D	0.9977668	1.5069643	1.9433383	1.2928073	1.2958726	1.1360008	0.9697869	0.9428862	1.0000000	1.0000000	1.0000000	1.8707771	0.8781749	0.3222511
E	1.3653014	6.4255935	1.0611767	1.7486105	1.3874148	0.8025598	1.1867156	1.1769913	1.0000000	1.0000000	1.0000000	2.0596538	0.6406458	0.4249417
F	0.5173776	0.3310606	0.7065114	0.5319744	1.0918210	0.8201623	0.8290577	0.7645183	1.0000000	1.0000000	1.0000000	0.4991053	0.5332377	1.9897375
G	0.8055064	0.4906804	0.8581706	0.8506457	0.6634055	2.2412878	1.4085079	2.2605794	1.0000000	1.0000000	1.0000000	0.6096548	1.6921272	0.3851137
H	0.5760012	0.7635019	0.5539637	0.5680082	0.5473195	0.4895597	1.0192275	0.5287840	1.0000000	1.0000000	1.0000000	1.0606048	0.5203727	1.0299499
I	0.5669506	0.2815055	1.0503760	0.6716069	0.5689368	1.1210106	0.8295610	0.8254510	1.0000000	1.0000000	1.0000000	0.7177037	0.7947807	0.6493159
K	0.7651441	1.1180703	0.6668772	0.9187530	1.0717051	0.8587901	1.4869947	1.1446911	1.0000000	1.0000000	1.0000000	0.9900526	1.7299621	0.6408355
L	0.6751262	0.3390195	1.1535814	0.7764643	0.7728215	0.9771688	0.9223808	0.6679959	1.0000000	1.0000000	1.0000000	0.6466635	0.8123179	0.6052286
M	1.0395251	0.4952103	2.2909203	1.0344869	0.7081864	0.7954994	0.7570040	0.6965285	1.0000000	1.0000000	1.0000000	0.6996858	0.7526565	0.6992965
N	1.5056799	0.8206975	0.7062378	0.9937713	1.5767880	0.9932585	1.5524930	1.0250536	1.0000000	1.0000000	1.0000000	0.8060778	1.2906868	0.4252743
P	0.3626279	0.3680511	0.3034420	1.7332341	0.9053753	0.5847915	0.2995423	0.3144343	1.0000000	1.0000000	1.0000000	0.6188174	0.3247204	0.1983218
Q	0.9575339	1.4395291	1.3442084	1.2119119	0.9563362	1.2912674	0.9873301	1.1773174	1.0000000	1.0000000	1.0000000	1.7510212	0.9103720	0.7087914
R	0.8807447	0.8580394	0.5950640	0.6645239	0.6951621	0.8580746	1.5091236	1.4269847	1.0000000	1.0000000	1.0000000	0.7314256	1.0433504	0.5193191
S	1.2859819	0.8073628	1.0230747	1.3140557	1.3280749	1.1798788	1.1405048	1.3420478	1.0000000	1.0000000	1.0000000	1.3495895	1.2510380	0.4402568
T	1.1360856	0.6004540	0.8760480	0.8890776	1.6525775	1.0455249	0.6762143	0.8923294	1.0000000	1.0000000	1.0000000	0.7309270	1.6276267	0.4517948
V	0.7718989	0.3615357	1.0049449	0.6762330	0.7069258	0.7102874	0.7070354	0.8344105	1.0000000	1.0000000	1.0000000	0.9296677	0.9866400	0.5240883
W	0.5239081	0.4677878	0.6107306	2.2167435	0.5034195	0.4940027	2.2277747	0.4937337	1.0000000	1.0000000	1.0000000	0.5093387	0.5221781	17.4080728
Y	0.9419948	0.4888958	1.4021789	0.9644234	0.6322859	0.5567281	0.6549253	0.5527220	1.0000000	1.0000000	1.0000000	0.9674047	0.9196197	9.1299322
