##############
# B4601 PWM for 14-mers
# Model trained on 13-mer peptides adding one non-specific position after P10.
# Copyright (2016) David Gfeller
##############
1.00000	23	0
A	1.2867520	2.0191300	0.7641387	0.9637168	1.0176182	0.9636077	0.9303297	0.6729875	1.3166400	1.3076928	1.0000000	0.9828114	1.2985378	0.6958033
C	0.6255722	0.7495612	0.5312707	0.8060370	0.9671234	0.9606187	0.8723203	0.8045065	0.9862548	0.9724802	1.0000000	0.8733795	0.6556478	0.4926575
D	0.4664428	0.5552460	0.4084949	1.1676564	1.3628800	1.3816529	2.6329177	2.0862682	0.6024653	0.8373124	1.0000000	1.1117087	1.4924212	0.3425698
E	0.5587017	0.5466127	0.4341852	1.9866079	1.0867564	0.8964852	1.7181111	1.3287201	0.5709603	0.5032079	1.0000000	1.5509854	1.1431720	0.3893288
F	1.9416662	0.5586159	3.8217050	0.9736663	0.8843459	0.5460137	0.5307794	1.1299770	1.3025683	1.8902682	1.0000000	0.5262635	0.4371659	4.9077171
G	0.9320836	2.2049221	0.4457873	3.4802150	1.6987759	1.7053807	1.3886843	1.9898253	2.8754354	1.6869993	1.0000000	2.4096692	0.7336469	0.4081855
H	0.6923121	0.4418533	0.7622600	0.6451078	0.4891148	0.5236636	0.6134306	1.2401583	0.4970977	0.4857123	1.0000000	0.6184110	0.5329051	2.0448159
I	0.8140601	1.0263885	1.0243724	0.3533432	0.6117648	1.1532574	0.4642312	0.4920957	0.5070899	0.6576559	1.0000000	0.5412242	0.6507527	0.7688985
K	0.8342393	0.6388049	0.9214095	1.1931883	0.6886573	0.9131047	1.0202863	0.6921345	1.1251521	0.5999543	1.0000000	0.9245862	0.7322301	0.4290640
L	1.3949326	1.1275373	1.1598228	0.4006846	0.7350908	1.1129386	0.7629998	0.6244151	0.7019455	1.2411714	1.0000000	0.6421363	0.5232246	1.3053155
M	1.4237776	0.8885581	0.9597817	0.5299961	1.1287884	0.8758089	0.6464302	0.6070718	1.1020688	0.8502883	1.0000000	0.6635940	0.6615111	0.9874026
N	0.5793721	0.6970027	0.8176519	0.7815914	0.7883554	1.4838778	1.2752915	1.1419787	0.7867320	0.6144748	1.0000000	1.1416180	1.5624935	0.4632050
P	0.2935990	0.3516523	0.6167372	0.6901749	1.4479917	0.3198271	0.7226049	1.4026933	0.7066643	1.7804329	1.0000000	0.3150256	1.4943943	0.2151051
Q	1.1418514	0.8438424	0.4817529	1.0933973	0.9291845	1.2109878	0.8026319	0.6739942	0.6278648	0.5036703	1.0000000	1.0905388	0.7007861	0.4314683
R	0.6306766	0.5585462	0.5696135	0.7143400	0.5876696	0.6647402	1.0049625	0.8721438	0.9730986	0.8073588	1.0000000	1.9185480	0.6200738	0.4639718
S	1.0559455	1.4911756	0.5360216	0.7687956	1.2351707	1.1740800	1.1754954	0.6848364	1.8786633	1.0765163	1.0000000	1.1161637	1.9988127	0.4769528
T	0.9106128	1.7105725	0.5640516	0.5743540	1.8557817	1.4090328	0.9266956	0.5748604	1.0261672	0.8892848	1.0000000	0.6854082	1.5969110	0.4833365
V	0.8832088	0.8328813	1.0358603	0.3981136	0.7538973	0.7780653	0.4826700	0.5944400	0.5402419	0.6317204	1.0000000	0.7914862	1.0492635	0.6589515
W	1.0382865	0.5072486	1.3483143	0.6750722	0.5010471	0.4878061	0.5321839	0.7318195	0.5649824	0.6697758	1.0000000	0.5657391	0.4274394	1.6464476
Y	3.5295108	0.5335354	4.9937364	1.6298809	0.5890723	0.5251215	1.0413159	2.2336707	0.6769225	1.3266729	1.0000000	1.0377782	0.5072981	6.3989615
