##############
# B5001 PWM for 14-mers
# Model trained on 13-mer peptides adding one non-specific position after P10.
# Copyright (2016) David Gfeller
##############
1.00000	62	0
A	2.3720510	0.5980571	0.8752395	1.1023219	1.5244037	0.9653952	0.9411069	0.8553138	1.0000000	1.0000000	1.0000000	1.3536754	1.5722410	5.1523548
C	0.9186278	0.3989496	0.7001748	0.7807681	0.8220440	0.8145508	0.8069367	0.8229505	1.0000000	1.0000000	1.0000000	0.9144535	0.5534207	0.7419298
D	0.4560147	1.2873687	0.8473569	1.5638938	1.3085364	0.8607913	1.0573966	0.7103232	1.0000000	1.0000000	1.0000000	0.5331944	0.6982597	0.4282214
E	0.6494134	7.2167136	0.6479489	2.3164238	0.8694695	0.9818088	1.1159079	1.1869753	1.0000000	1.0000000	1.0000000	0.6068472	0.9261202	0.4866976
F	0.7900002	0.2914325	2.6191816	0.5647210	1.9565828	1.3971210	0.8151446	1.0100092	1.0000000	1.0000000	1.0000000	0.4834992	0.4188050	0.4403048
G	1.5109840	0.4352045	0.3897952	1.0202435	1.7743641	1.8974169	1.5941060	2.0129498	1.0000000	1.0000000	1.0000000	1.0184632	1.1864968	0.8380450
H	0.5359406	0.6637017	1.6425299	0.8037610	0.4791241	0.7615338	1.5369884	0.4382168	1.0000000	1.0000000	1.0000000	0.6979812	0.9808056	0.6623922
I	0.5461823	0.2527061	1.7327530	0.4186890	0.6688194	0.7154376	0.6871395	0.9122479	1.0000000	1.0000000	1.0000000	1.1528932	0.7957617	0.5203813
K	1.8040163	1.0834249	0.6168745	0.9391577	0.8438394	0.8274046	1.7159413	1.2746715	1.0000000	1.0000000	1.0000000	1.0556641	1.1187243	0.5735664
L	0.6591672	0.3025659	1.0508074	0.6338531	0.8183686	0.6427207	0.7676181	0.9883848	1.0000000	1.0000000	1.0000000	1.1265949	0.7488560	0.7953625
M	1.3263715	0.4416299	1.0638049	0.7967417	0.8808069	0.8507296	0.6239894	0.9369114	1.0000000	1.0000000	1.0000000	0.7724328	0.6839034	0.6440723
N	0.5503409	0.7190563	0.4727940	1.7037888	1.2671775	0.8264786	1.1664251	0.7667799	1.0000000	1.0000000	1.0000000	1.5927421	0.6372011	0.4623883
P	0.4476971	0.4813753	0.3754514	1.0862577	0.4157491	0.5832150	0.7506408	0.7371400	1.0000000	1.0000000	1.0000000	0.5944765	0.7734193	1.1385623
Q	0.7862216	1.3901490	0.6188135	1.3476535	0.9998747	1.0572356	0.6447878	1.1984942	1.0000000	1.0000000	1.0000000	0.7050000	1.5259818	0.4941796
R	1.9922806	0.7642188	1.0393034	0.7758663	1.2614454	1.8695054	0.9682120	0.9015023	1.0000000	1.0000000	1.0000000	1.1614499	1.0680073	0.6137215
S	0.8203483	0.7074684	0.5748218	1.1925318	0.9441656	1.6117531	1.2371677	1.1147209	1.0000000	1.0000000	1.0000000	1.5508475	1.6002304	0.9760334
T	0.5749100	0.5305992	0.5028381	0.7292597	0.5648711	0.9707751	0.9524645	1.0527030	1.0000000	1.0000000	1.0000000	1.0415999	1.2711557	0.9072164
V	0.5328624	0.3218363	0.9246891	0.5848702	0.5959653	0.5808432	0.8112107	0.8076583	1.0000000	1.0000000	1.0000000	1.3153351	1.2225580	0.6735141
W	0.6188596	0.4085010	0.9026117	1.3673622	1.4909829	0.5319722	0.4586066	1.4059074	1.0000000	1.0000000	1.0000000	0.4127304	0.4115529	0.4277539
Y	2.2474902	0.4321439	4.1125147	0.4970993	0.9417252	1.1043194	0.8105044	0.5534163	1.0000000	1.0000000	1.0000000	0.4857973	0.4952377	0.7271941
