##############
# B5101 PWM for 14-mers
#
# Copyright (2018) David Gfeller
##############
1.00000	12	2
A	0.9970271	2.1301287	0.6806614	1.1559326	0.7856794	0.8808154	1.0351788	0.7630176	0.6509126	1.1395109	1.0177719	0.6959079	1.1775978	0.6562659
C	1.2241807	0.6891867	0.6383736	1.1255678	1.0967700	1.0583728	1.0215115	1.0583728	0.9554684	1.2096576	1.0814111	1.0337986	1.3464555	0.7185554
D	0.5631495	0.5840427	0.4431193	1.1776503	1.2331775	0.7137819	2.4969061	1.8610968	1.2910866	0.6786494	1.2249898	1.2397276	0.5129212	0.3089490
E	0.8393344	0.5995579	0.5228694	0.6386475	0.6023277	0.6656674	1.1776636	1.0286142	1.3879164	0.5730456	1.0394221	0.7156857	0.5402506	0.3264373
F	1.7192283	0.3595471	2.1537507	1.3151864	0.5611831	1.3767413	0.7035623	0.6054313	1.5624767	0.5588636	2.0972017	1.3037675	0.9193566	2.4786191
G	0.5225486	0.8070998	0.4845204	1.3008843	1.2352356	0.6946652	1.2666219	1.2166038	1.1694618	0.6511495	1.2248568	0.5619922	0.6040467	0.3677794
H	0.5659738	0.4510604	0.8351495	0.4968958	0.5052854	1.6853439	0.6101562	0.4795921	1.6604371	0.4932253	0.5280948	1.6053800	0.5198929	0.3679070
I	1.1209197	0.4448823	0.7594492	0.7857384	1.5798650	0.4673590	0.7030690	0.7403044	0.6155033	1.2946216	1.0398953	0.8443812	1.0426370	2.0432533
K	0.5754783	0.6994523	1.0323822	1.0939602	0.8097221	1.0848803	0.6994482	0.6495750	1.0304014	1.0193477	1.0398760	1.5894030	0.9774548	0.4001855
L	2.0209581	0.4471115	0.9842228	1.1981590	0.8008740	0.5022315	0.5671431	1.4729430	1.1268303	0.7991463	1.3086485	0.9608904	1.8646710	2.1071040
M	1.9237741	0.5537275	0.8890015	0.9255075	0.8687337	0.6457676	0.6867135	1.5854598	0.8532500	0.8955723	1.0170338	0.8931637	1.2239146	2.1187621
N	1.1244584	0.5897363	0.5668708	0.7439698	1.3531827	1.4293569	0.8205059	0.7385417	0.7119441	1.8862213	0.6947551	1.3955218	0.6520631	0.3517013
P	0.2816869	5.1888165	0.9532895	0.9994769	0.9808856	2.3703030	0.9848062	2.3299585	0.9601442	1.0144006	0.3081830	0.3098271	0.3343873	0.2146207
Q	0.5836698	0.5644791	0.6053706	0.6429007	0.6316529	0.6906542	1.1188571	0.6277064	0.7362371	0.6229705	1.1139239	0.7812280	0.6038750	0.3807467
R	0.5553987	0.5381142	1.2103995	1.2173816	1.6654360	0.7376404	0.5984940	0.5492034	0.6935544	0.6849821	0.7007490	1.9460249	0.6723752	0.4165038
S	0.6945908	1.2276427	0.8623190	1.3072299	1.0340686	1.6820478	0.7494823	0.9622729	0.6373096	0.9520164	0.7528579	0.7503911	1.3661804	0.4385195
T	1.0545996	0.7911358	0.6443178	0.7831620	1.1404454	1.2165711	0.6644059	0.6916661	0.5697200	1.9441880	1.0227043	1.0635947	1.5711780	0.6531676
V	1.1524951	0.5612309	0.8755635	0.9127398	1.1890855	0.5024459	1.0426697	0.6528801	0.5521098	1.6244174	0.8041387	1.1286027	1.1329900	1.9559542
W	0.8272591	0.3484644	5.4963668	0.5776498	0.4789391	0.7021771	4.7705753	0.4675494	4.9201599	0.4804577	0.6976212	0.6049850	0.7249891	4.9853638
Y	1.7650373	0.4777659	4.7536143	0.7351330	0.5427879	1.7622031	1.5864576	0.5267152	1.9102825	0.5738793	0.9419698	0.8605525	1.5650603	1.1817854
