##############
# B5401 PWM for 14-mers
#
# Copyright (2018) David Gfeller
##############
1.00000	10	2
A	0.6015687	0.7865315	1.3685881	0.8304307	0.6940254	1.2056768	1.3029775	1.2971842	0.9326029	0.8786202	1.2699295	1.1052162	1.3570339	3.8377234
C	1.9575446	0.6477437	0.7875297	1.2622573	1.1786731	1.3726253	1.2751874	1.2604101	1.2225433	1.2585629	1.3093599	1.3199811	1.3274820	1.0665298
D	0.3173595	0.5447028	0.7086166	1.2735676	1.2350746	1.3168946	1.4416836	0.6152473	0.7568659	0.6558888	0.5300256	0.5767543	0.6727556	0.5448859
E	0.3290307	0.5406611	1.0757841	0.6366836	0.6616224	1.0097079	1.0597367	0.5955723	0.4926430	0.6037341	0.4670996	1.0559581	1.0273504	0.6472874
F	3.6304004	0.3351420	1.5510513	1.4662966	0.7907975	0.7107590	1.3521398	0.4380273	1.3218840	0.5573340	1.3941976	0.6378016	0.5198182	0.4935403
G	0.3876269	0.5412887	0.6828157	2.1235644	0.5153146	1.3662102	3.0493532	3.0261934	4.5960942	2.9496459	2.9740088	0.5118557	0.6692890	1.0699072
H	0.5185760	0.4019522	3.0904539	0.4878112	0.5742067	0.4442981	0.5237568	1.6913580	0.5581258	0.5461439	0.4342081	0.5095677	0.4591681	0.4760989
I	1.7462897	0.5585493	0.5761597	0.8397364	0.7096363	1.1282848	0.8222071	0.5594049	0.5606374	1.0570721	0.7351085	1.9758529	1.0086745	0.7559717
K	0.3955553	0.6452261	0.8038277	0.6330960	0.6520874	0.6112559	0.6682300	1.0885721	0.6030263	0.7929399	0.5669428	0.9181247	0.6976727	1.1507121
L	1.5286109	0.4645131	0.9150994	1.3090476	0.9052555	1.7307487	0.5864566	0.4828618	0.5032444	0.9828279	0.9363240	1.0075640	0.7186491	0.6593498
M	1.9498462	0.5291702	0.8293441	0.9738893	0.7889123	1.1638321	0.6866990	0.6159360	0.6064182	0.8840906	0.7988439	1.0761025	0.8336780	0.7948712
N	0.3747288	0.5049737	1.4438741	0.7288561	0.6059083	0.6709727	0.8631194	0.7821697	2.2222908	1.4602322	0.6433367	0.5861061	0.6936552	0.5864022
P	0.2076719	7.6337088	0.3048344	1.0903423	3.4652876	0.3141577	0.3403195	1.9328440	0.2983389	0.3032062	1.8995333	0.3032062	1.9580552	0.4392774
Q	0.3763107	0.4934735	0.7664131	1.0658671	1.0689523	0.6099734	0.6415371	0.6370280	0.5352173	1.1534385	0.4830067	1.2526387	0.6617836	0.6681731
R	0.4127622	0.4797341	1.3315198	0.5689469	0.5669218	0.5426206	0.5534825	0.6823526	0.5334156	1.2712893	0.4805788	1.9248450	0.5866634	0.7110627
S	0.4500569	0.6863405	0.7940701	1.0031987	0.6337667	1.0358323	1.4795879	1.1493476	1.1479423	1.0731503	1.0778345	0.6826391	1.5180259	1.2265638
T	0.5937882	0.6720594	0.6375554	0.7076240	0.6362990	0.7721478	0.7854014	0.7309921	0.7220983	0.7484310	0.7177386	0.7426761	1.3587831	0.8737122
V	1.3673818	0.7609328	0.5795533	0.9453903	0.8565399	1.4033972	0.6546748	0.7877645	0.7519517	1.0104481	0.9061077	1.7110897	1.6004871	1.1463425
W	5.8212162	0.2716429	5.6554919	0.6019584	5.5168137	0.5352946	0.5946527	0.4695440	0.5909999	0.5225097	0.5718227	0.5316418	0.4570097	0.5050588
Y	2.5180651	0.4447637	1.2245857	0.7640929	1.7923916	0.5863192	0.7143416	0.6075507	0.6832867	0.5400537	0.7232145	0.6205430	0.5640810	0.5782465
