##############
# B5502 PWM for 14-mers
# Model trained on 13-mer peptides adding one non-specific position after P10.
# Copyright (2021) David Gfeller
##############
1.00000	58
A	1.5685304	0.5924607	0.9074128	1.1715895	0.7939826	1.3589852	1.1325597	1.4755093	0.8763939	1.0000000	1.0000000	1.0835871	2.1794034	4.4689057
C	0.8429241	0.4733789	0.6637808	0.6964131	0.7631283	0.7783040	0.7361871	0.7505236	0.7337884	1.0000000	1.0000000	0.7818742	0.5527848	0.6287908
D	0.4756162	0.6198758	0.5442584	1.4200029	0.9172413	0.7812926	1.0087082	0.8288617	0.9486930	1.0000000	1.0000000	0.6687796	1.0136961	0.4122955
E	0.5591589	0.4705733	0.4433203	1.2638181	0.4738507	0.7113760	0.8538325	0.6299785	0.6347882	1.0000000	1.0000000	0.7405359	0.7839506	0.5869253
F	0.4739650	0.2501505	1.3467477	0.6168246	0.7599243	0.7728111	0.6139832	0.6375121	0.7335112	1.0000000	1.0000000	0.5546982	0.4862810	1.3281588
G	0.4932861	0.3998566	0.9337363	1.8991403	1.1096211	1.4367585	2.3005855	1.9137979	1.5348970	1.0000000	1.0000000	0.5817856	0.5607361	0.6989297
H	0.7935897	0.3794656	2.6808776	0.5271433	1.3532018	0.4460071	0.7636457	0.4767127	0.4767127	1.0000000	1.0000000	0.7943513	0.4436517	0.7471908
I	1.2945909	0.3543122	1.2555345	0.6707321	1.6369576	1.0188990	0.8183341	0.7414017	1.6027292	1.0000000	1.0000000	1.6924799	1.0345215	0.7319679
K	1.6095314	0.5302536	0.8015140	0.9415887	0.9462717	0.8622048	1.0269062	0.8606342	0.7194927	1.0000000	1.0000000	0.5963266	0.5919594	0.5363085
L	0.7684676	0.3072668	1.4647042	0.6386229	1.3693250	1.5924963	0.6232771	0.7802235	1.0188360	1.0000000	1.0000000	0.9932503	0.9902969	0.8144923
M	0.9421253	0.3513436	1.0783441	0.5222302	0.8044701	0.7981960	0.5638557	0.8233963	0.9653167	1.0000000	1.0000000	1.2348137	0.7165058	0.6742694
N	0.7734292	0.4454433	0.6910600	1.3470629	0.7175486	0.7071387	0.8124997	0.9662484	0.9076804	1.0000000	1.0000000	1.2445229	0.6051002	0.4413291
P	0.3485684	11.1053026	0.2721491	2.0862728	1.6826201	1.2883623	1.4982715	1.5021020	1.2699505	1.0000000	1.0000000	1.2888219	0.9897600	0.5851314
Q	0.8084747	0.4229336	0.5267620	0.9202415	0.6445802	0.8258474	0.5624404	0.7169470	1.3113662	1.0000000	1.0000000	1.1714002	0.7178061	0.4912138
R	2.0388536	0.3702050	1.6063517	0.6595335	0.6178209	0.6203886	0.9238099	1.3392185	1.1807828	1.0000000	1.0000000	0.9002121	0.7639214	0.5678059
S	1.3173967	0.5536353	0.4947603	0.9345403	0.8158248	0.9631125	1.0228357	1.1438705	0.7437975	1.0000000	1.0000000	1.0748020	1.8062399	0.8500397
T	1.3119107	0.7886610	0.6644621	0.8389357	0.9743439	0.8585455	1.2246101	1.2385559	0.8356884	1.0000000	1.0000000	1.2808464	1.2869642	0.6749636
V	1.4272201	0.3819184	1.6043560	0.5229827	1.4895089	1.1054813	1.0532971	0.6004658	1.2505889	1.0000000	1.0000000	1.5105458	1.4683724	1.1814673
W	0.3525759	0.1716451	0.5119710	0.3423115	0.3513891	0.3805041	0.3353771	1.1704924	0.3733563	1.0000000	1.0000000	0.3662085	0.3360231	1.2487910
Y	0.5012435	0.3436778	1.7704607	0.7002246	0.5482463	0.7571537	0.4617775	0.4802750	0.7505539	1.0000000	1.0000000	0.7638883	0.4716961	0.6449742
