##############
# B5601 PWM for 14-mers
# Model trained on 13-mer peptides adding one non-specific position after P10.
# Copyright (2016) David Gfeller
##############
1.00000	26	0
A	1.4378321	0.7006787	1.2029960	1.0692343	0.9003935	1.5449717	1.5357743	1.7136695	1.1004481	1.0000000	1.0000000	0.8944366	2.3243480	4.5723654
C	1.0242363	0.5750793	0.8187145	0.7971281	0.8932135	0.9366608	0.9605568	0.9288068	0.8871977	1.0000000	1.0000000	0.9445147	0.7505144	0.9137274
D	0.4921920	0.5080344	0.4890352	1.8954967	0.7820681	1.1708556	0.5642276	0.6079386	1.5261941	1.0000000	1.0000000	0.8334431	0.5866924	0.4744873
E	0.5789662	0.5072008	0.5489069	0.8904173	0.4987198	0.7628532	0.5165644	0.7749522	0.6739064	1.0000000	1.0000000	0.5139126	0.8132151	0.5498383
F	0.9881317	0.3289078	1.0911232	0.4107990	0.6880238	0.6086617	0.4718706	0.4243618	0.5289896	1.0000000	1.0000000	0.6230771	0.8830118	0.5041601
G	0.5903677	0.5026204	0.8728003	2.2498045	2.1283925	1.2632435	2.6131682	2.6547656	1.9060128	1.0000000	1.0000000	0.8380561	1.1081060	1.0078405
H	1.0016086	0.3828262	1.5790282	0.5006408	0.9937070	0.4476810	0.4382608	0.4652577	1.0249544	1.0000000	1.0000000	0.9582090	0.4734056	0.4247427
I	1.3397474	0.4261999	0.9270415	0.5628642	1.2647492	0.9100954	0.6901377	0.4817099	0.8523967	1.0000000	1.0000000	1.6094567	0.9304401	0.7382848
K	1.1414168	0.6055562	1.3070474	0.9009432	0.8633595	0.8330854	0.8436756	1.1003151	0.8902379	1.0000000	1.0000000	0.5615389	0.7151674	0.6289582
L	1.2453452	0.6807078	1.5725946	0.5667123	1.4225218	1.7721993	0.8371243	0.7404591	1.1546875	1.0000000	1.0000000	1.2789202	0.6585567	0.6342057
M	1.3812861	0.5242464	1.0259088	0.5664099	0.9595905	0.9941115	0.7307956	0.6503961	0.8428767	1.0000000	1.0000000	1.3759346	0.7792200	0.7484940
N	0.6164710	0.4678645	0.9156137	1.0851537	0.6279377	0.9210633	0.9889682	0.7094709	1.0775125	1.0000000	1.0000000	1.2011120	0.6649175	0.5004911
P	0.3094148	8.3626404	0.2876614	2.3086576	0.6092379	1.3045657	1.3252606	1.6788453	0.6393949	1.0000000	1.0000000	1.6103971	0.7081203	0.3978034
Q	0.9036837	0.4628630	0.6455615	0.8795644	0.5608816	0.5780234	0.5613144	0.6363750	1.1334891	1.0000000	1.0000000	0.7657182	0.8978313	0.5500412
R	1.5319676	0.4528454	1.5646885	0.8797922	1.4134723	0.8536182	0.8535511	0.9257644	0.9183149	1.0000000	1.0000000	0.5114106	0.8864674	0.5231579
S	1.2153368	0.6333440	0.8248094	0.9156030	0.8039946	0.8908958	1.1842583	1.3696476	1.0736723	1.0000000	1.0000000	0.8122303	1.7662481	1.1444707
T	0.9617611	0.5999308	0.6659991	0.6325824	0.8390356	0.6649635	1.3498455	1.1410478	0.8986016	1.0000000	1.0000000	0.9143168	1.0851337	0.8134694
V	1.2855355	0.4258730	1.2709204	0.4764195	1.0675062	0.7453684	1.0351713	0.5468297	0.9214387	1.0000000	1.0000000	1.5993945	1.3266527	1.2436360
W	0.5489656	0.2567752	0.6304117	2.4378193	0.5738007	0.4735704	0.4543844	0.4444606	0.4758859	1.0000000	1.0000000	0.4636466	0.5050902	2.5360948
Y	0.7003571	0.4102282	1.2305321	0.4937128	1.0577850	0.5238287	0.4837505	0.4682918	0.5509674	1.0000000	1.0000000	0.5907021	0.6210548	0.5967046
