##############
# B5701 PWM for 14-mers
#
# Copyright (2018) David Gfeller
##############
1.00000	167	2
A	1.0714568	1.8636904	1.1212897	1.0213867	0.8277124	1.1321725	0.8883254	0.9252299	1.0291584	1.1627316	1.4109906	0.9927102	1.3292587	0.2985002
C	0.4875384	0.6300738	0.5871860	0.6226054	0.6491374	0.6516487	0.6395454	0.6286114	0.6557945	0.6356569	0.6761089	0.6357124	0.6868444	0.3763631
D	0.3382721	0.4003302	0.8009563	1.5906665	1.2654207	1.4818961	1.4811360	1.4378318	1.2796906	1.2447049	0.6504588	0.5206217	0.3575776	0.1757276
E	0.4617337	0.4300400	0.4869496	1.0519153	0.9263102	0.7708474	1.2718254	0.9229801	0.4539963	1.1987426	0.6414364	1.1006629	1.0543244	0.2151687
F	0.8912163	0.3964452	3.0390518	0.5490899	0.5425147	0.4927289	0.4200203	0.9430679	0.3827013	0.6853834	1.0197045	1.5560020	1.3072025	2.5000350
G	1.0320388	0.9607239	0.5142239	1.5419512	1.9384169	1.9513741	1.7013392	1.6137724	2.3984129	1.8932603	1.4756458	0.7601720	0.6917796	0.2660560
H	1.8939713	0.2894820	0.8266853	0.8291156	0.9419483	0.7343884	0.8459571	0.5821720	0.6916273	0.7240411	0.7010908	1.0042313	0.8412201	0.3088362
I	1.0569806	0.5643903	1.3568354	0.6719756	1.0043632	0.4276845	0.6756412	0.5251969	0.6630737	0.6919579	0.8893879	0.7562331	0.8406950	0.3365800
K	2.3946384	0.4248311	1.1376374	0.7388222	0.4957101	0.5652295	0.6663516	1.0398366	0.6560125	1.0836307	0.5715678	0.9636427	0.7230802	0.2371342
L	0.7683676	0.5543867	1.5077851	0.6976405	1.0563328	0.6952278	0.8893791	0.8845235	0.6368451	0.7845941	1.2316019	0.9637093	1.6593495	0.4353589
M	1.3561141	0.6137504	1.0507445	0.4274916	0.9324434	0.8484157	0.8890605	0.8837070	0.5751520	1.0253435	0.6985803	0.8229961	0.8968876	0.4161896
N	0.6798257	0.5998456	0.5100943	0.5558173	0.6774962	1.2825088	0.9903727	0.8054237	0.8254576	1.4744881	0.9921534	0.6653493	0.6403924	0.2963570
P	0.1886632	0.3053716	0.1620909	2.2811512	1.4465665	0.9789045	1.0438166	1.1708375	1.3873460	0.3339696	0.6776673	0.4661821	0.1865014	0.0800796
Q	0.9740137	0.4701352	0.4284593	1.3249324	0.6118699	1.1676586	0.9231614	0.9184198	1.1289310	0.9292349	1.2869915	1.8839489	1.7339921	0.3906365
R	2.5116581	0.3736529	1.3226842	0.6831606	0.4099056	0.6127121	0.5335604	1.1445331	0.5948782	0.7854313	0.5125488	1.5564442	0.7699932	0.4774611
S	0.8177889	4.0023610	0.6454164	1.5090641	1.3096156	2.7004017	1.6425462	1.6622252	2.1851023	1.3530153	1.1791951	1.0988187	1.1641864	0.2282023
T	0.6637345	3.4502562	0.5729486	1.0673229	0.8753794	0.9459053	1.3450071	0.8867106	1.2371412	0.9469088	1.2040215	0.8089871	1.4391374	0.2485317
V	1.0352700	1.0118258	1.0332953	0.6152686	1.2656957	0.6010612	0.7763789	0.7953617	0.9362798	0.9927847	1.2922734	1.2139010	0.9508189	0.2596811
W	0.3633253	0.7233403	2.1555507	0.7058033	1.5940242	0.3168898	2.0216230	1.1707977	0.7118501	0.7506216	1.2143801	2.5414405	1.6539118	56.2745772
Y	0.9394985	0.3429178	1.4895723	0.4698448	0.7462428	0.8399770	0.6124112	0.6359539	0.4525145	0.7393194	1.0438400	1.0069975	1.0882432	1.8545680
