##############
# B7301 PWM for 14-mers
# Model trained on 13-mer peptides adding one non-specific position after P10.
# Copyright (2016) David Gfeller
##############
1.00000	24	0
A	0.6110035	0.5837838	0.8146215	0.9987192	1.3651253	1.3883942	1.0481264	1.0280400	1.3690904	1.2519114	1.0000000	1.1381758	1.6543869	2.0598144
C	0.8057731	0.4542799	0.8391763	0.8983966	0.8414976	0.8989454	0.8702215	0.8727829	0.9230955	0.9016898	1.0000000	0.9380978	0.7201209	0.6693978
D	1.4115028	0.5351401	0.4374409	0.9163180	1.2853766	0.7707099	1.6695494	1.4624196	1.1206094	1.3651346	1.0000000	1.3263200	0.6148175	0.5165242
E	0.6941263	0.7437731	0.3684505	0.7971406	0.8316363	1.2923794	0.9468221	1.0906243	0.8741111	0.8651122	1.0000000	0.8294766	0.6849109	0.5349747
F	0.9102414	0.3586919	3.2565214	1.4227220	0.4326767	0.4776826	0.5854756	0.4339528	0.8487050	0.5246453	1.0000000	0.9499471	0.4909410	0.4211263
G	0.7793267	0.8347288	0.8137373	1.6362292	4.1488478	1.7492664	2.0449982	2.0837300	1.7956849	1.3393652	1.0000000	1.3289374	1.0706802	0.7031954
H	0.8249093	0.6939718	0.4795808	0.5122352	0.4904594	0.5666749	0.5913291	0.5527834	0.5806915	0.5481529	1.0000000	0.5005964	0.5032290	0.4125616
I	0.4959017	0.3060027	2.0042975	0.8325854	0.7290623	0.6908250	0.5403200	0.8346494	0.4984437	1.0963901	1.0000000	1.0400662	0.8633260	0.5910120
K	1.0364475	1.7708342	0.4445185	0.8416646	0.6959776	1.0012176	0.9284995	0.9583648	0.7662487	0.6814842	1.0000000	0.6502386	0.7906410	0.6311034
L	0.4476740	0.4364631	1.4221035	1.0751767	0.4629298	0.5526072	0.4774445	0.5119268	0.6382049	0.7672291	1.0000000	0.9984840	0.7735860	0.7064643
M	0.5757639	0.6065854	1.9461143	0.8332795	0.5800517	1.0729122	0.6234575	0.6329577	0.6699754	2.0052357	1.0000000	1.2511216	0.8180668	1.0661718
N	5.9165413	0.8110774	1.1330309	0.6914650	0.7761590	1.4386178	0.8540395	1.8707123	2.1985350	2.0351843	1.0000000	1.4203335	0.7725799	0.5298015
P	0.2931241	0.2841533	0.2321763	1.3822452	0.6645486	0.6969323	1.0529107	0.6931864	0.3469351	1.0175062	1.0000000	0.6770550	0.7271723	4.6913156
Q	0.7416940	1.0766660	0.4108774	0.8599058	1.1377853	1.0261810	1.2138534	0.7053188	0.9554858	1.1767148	1.0000000	0.8771554	1.4888255	0.5238071
R	1.3670027	7.8843748	0.4334493	0.5957043	0.8553433	0.9974953	0.6593370	0.9542951	0.9523978	0.6046070	1.0000000	0.5766583	0.9761292	0.5024629
S	1.0612010	0.6749505	0.7111988	1.4026494	0.9615463	1.5440874	1.5115623	1.5460699	1.5116862	0.7831845	1.0000000	1.1935591	1.8339479	1.0328808
T	0.7818479	0.5828544	0.6477134	0.9504891	0.6244115	1.0080526	1.1985931	1.2263371	1.8904616	0.7111718	1.0000000	1.6222934	1.9871209	0.9487216
V	0.7186953	0.3680630	1.3780939	0.7986274	0.5427234	0.7377985	0.8028072	0.7479776	0.5690809	1.1747629	1.0000000	0.9109419	1.0362332	0.7682436
W	0.5432974	0.5075327	0.8417658	0.6225062	2.6550162	2.6665934	0.6026080	0.4470403	0.5121616	0.4644060	1.0000000	0.5193973	0.4854074	0.3686314
Y	1.1132146	0.5216571	1.6484914	1.2169354	0.5040287	0.5764872	1.5333922	0.4795409	0.5896729	0.5295210	1.0000000	0.6146630	0.5508265	0.4823385
