##############
# C0102 PWM for 14-mers
# Model trained on 13-mer peptides adding one non-specific position after P10.
# Copyright (2016) David Gfeller
##############
1.00000	7	0
A	2.4944625	1.9914489	0.7789821	0.7718619	1.3358362	1.4874671	1.5298232	1.4845660	0.7975850	1.0000000	1.0000000	1.3269394	1.9747760	0.6966805
C	1.1425705	0.9232038	0.6885584	0.7716304	0.9872718	1.0401650	0.9750657	0.9011509	0.9045415	1.0000000	1.0000000	0.8923353	0.8611139	0.6806574
D	0.6483236	0.5313020	0.5755335	1.7690209	0.4674170	0.7347365	0.8094596	0.6600133	0.6786941	1.0000000	1.0000000	0.7323685	0.5191387	0.5321837
E	0.7063792	0.4909522	0.5687118	1.3958204	0.4657204	1.2077954	1.1021984	0.6430521	1.1563336	1.0000000	1.0000000	1.3071546	0.5506916	1.0326313
F	1.7196917	0.5447128	0.2896516	0.8387441	0.6885302	0.5824969	0.4193444	0.3720081	3.0745959	1.0000000	1.0000000	0.5149638	0.6277671	0.9780522
G	0.9683561	2.9843528	0.5658784	2.7872756	2.8082592	1.8191568	0.8406567	2.9887185	0.5647771	1.0000000	1.0000000	0.6749964	0.7522863	1.5345210
H	0.5620809	0.4075966	0.4233462	0.7359652	0.4376223	0.5208052	0.7243475	0.5026815	0.5403229	1.0000000	1.0000000	0.6044527	0.4429386	0.4222493
I	0.5718748	1.0317208	0.3704154	0.5471653	1.0145149	0.8784817	0.4818694	0.3901729	0.7593771	1.0000000	1.0000000	0.5773949	1.1653844	1.2602058
K	1.3373210	0.5970538	0.6779700	0.7844102	0.7225105	0.7378691	1.1015882	1.3110233	0.6545604	1.0000000	1.0000000	1.1234625	0.6421021	0.5549815
L	0.6181971	0.7375138	0.3754403	0.9500059	1.6285117	0.8206489	0.5165363	0.4058044	1.1994073	1.0000000	1.0000000	0.9940950	0.9633341	3.1177690
M	0.7650247	0.8384096	0.4445329	0.7960779	1.1157198	1.8423441	0.7991105	0.5425479	0.9725784	1.0000000	1.0000000	0.8391416	1.9626526	1.6588649
N	0.7819395	0.6647882	0.5265050	0.8607353	0.6039387	0.7695933	0.9940905	0.7910197	0.6736544	1.0000000	1.0000000	0.7568015	0.5879502	0.4873159
P	0.4219115	0.3581052	8.3398257	0.3157904	0.2989514	0.3719206	0.4233358	2.6564183	1.4556818	1.0000000	1.0000000	1.4999124	1.5146024	0.2628461
Q	0.7288481	0.5293205	0.5118674	1.4742994	0.5664156	0.7545073	3.0462834	0.6742969	0.6459255	1.0000000	1.0000000	0.9037197	0.5890310	0.5826516
R	0.8126525	0.5115274	0.4930558	0.6834186	1.4305625	0.6347095	0.9973219	0.7494466	0.5811295	1.0000000	1.0000000	2.5227293	0.5580253	0.5314657
S	1.9456248	1.0018202	0.7146475	0.7468770	0.7291694	1.4061974	1.9744502	1.3503150	1.2077343	1.0000000	1.0000000	1.2783347	1.3279709	0.5305368
T	0.9799687	1.3990027	0.6584959	0.6092175	0.6764993	1.4702708	1.5973872	0.7869237	1.3449520	1.0000000	1.0000000	0.7989933	0.9276338	0.6067297
V	0.6987589	1.5945228	0.4035067	0.5241619	1.1855807	1.1653165	0.6101482	0.4724971	0.7048974	1.0000000	1.0000000	0.6132517	1.6822689	0.9912216
W	0.6570796	0.5218466	0.2480647	0.8225071	0.5637129	0.5529857	0.5328721	0.4309635	0.8104390	1.0000000	1.0000000	0.5060541	0.5101489	0.6295454
Y	0.9051215	0.5440238	0.4252055	2.0769664	0.5713081	0.5862064	0.6197276	0.4688824	1.2370754	1.0000000	1.0000000	0.5708426	0.6157067	0.6543356
