##############
# C0202 PWM for 14-mers
# Model trained on 13-mer peptides adding one non-specific position after P10.
# Copyright (2016) David Gfeller
##############
1.00000	25	0
A	1.0008480	3.2848859	1.0327849	0.7690661	0.9618757	0.9613775	0.7498350	1.4859491	0.9669077	1.0000000	1.0000000	0.9250575	0.6770767	0.7125159
C	0.8917349	0.9209660	0.7665709	0.8309256	0.8459484	0.8829812	0.8228902	0.8887457	0.8431535	1.0000000	1.0000000	0.9001001	0.5482827	0.4788194
D	0.4336397	0.5112539	0.5282662	0.5859496	0.6179404	0.9224628	0.6430857	1.0176218	0.5835774	1.0000000	1.0000000	0.4945861	0.5216161	0.6873729
E	0.4804138	0.5611233	0.5340448	0.6559559	0.8701843	0.8449337	0.7728547	0.6777633	0.5919686	1.0000000	1.0000000	0.5763592	0.7593447	0.4207549
F	3.4810300	0.9078369	2.2128445	0.9705551	0.6280709	1.0803808	0.5519814	0.5594603	1.1046059	1.0000000	1.0000000	1.1246851	2.8436283	5.3196601
G	0.8511890	1.5431505	0.5606461	3.5636395	1.9176144	1.5954535	2.5927185	1.4107031	2.2791493	1.0000000	1.0000000	1.1955688	0.4960444	0.4359388
H	1.3047749	0.4552270	0.7444451	0.4837410	1.1654834	1.1275357	1.6133146	1.7192570	0.6248778	1.0000000	1.0000000	0.5382086	1.7391315	0.8341969
I	0.6715785	0.8552876	0.8640384	0.8096716	0.8323581	0.6095420	0.7167450	0.5976536	0.9758493	1.0000000	1.0000000	1.1493988	0.8784944	0.7038356
K	0.8115655	0.6461178	1.0821923	0.7569907	1.0416695	0.8819760	1.2930788	0.8308430	1.3464898	1.0000000	1.0000000	1.5185320	0.8454059	0.4750480
L	0.8560936	0.7252686	0.7292623	1.0024596	0.5878979	0.7426276	1.0003605	0.4820835	0.5891349	1.0000000	1.0000000	0.8797403	0.9175244	0.8031373
M	0.8224808	1.5843942	1.1889223	0.7410966	0.7271910	1.1401397	1.1576389	0.6361017	0.6993799	1.0000000	1.0000000	0.8704653	1.2761214	0.8333047
N	0.5794456	0.5907638	1.2594684	1.2725378	1.0450878	0.7540407	1.3927296	1.8142659	1.0457468	1.0000000	1.0000000	0.6309656	0.6535862	0.4871264
P	0.2654917	0.3716793	0.6338407	1.6536762	0.6485353	0.6623582	0.6415370	0.3332684	0.6541454	1.0000000	1.0000000	0.2987400	0.2769228	0.2175237
Q	0.5454842	0.8385767	0.6127530	0.5135877	1.5059147	1.1790188	0.6753664	0.9694193	0.9187112	1.0000000	1.0000000	0.9128464	0.8828348	0.4300054
R	1.1517359	0.5542060	1.2380852	0.5173216	1.5842748	0.6577139	1.0086248	1.5434259	1.3019568	1.0000000	1.0000000	1.3349984	0.9252587	0.7459625
S	0.9640937	1.2170342	1.0290162	0.6621529	1.0526034	1.1650409	0.9090058	1.5601121	1.2405718	1.0000000	1.0000000	0.8875017	1.0282340	0.6696049
T	0.8220340	1.2153478	0.8963327	0.5890388	0.6972633	1.7567522	1.0558728	1.2001501	0.9070972	1.0000000	1.0000000	1.3237880	1.5077141	0.5222949
V	0.7514789	0.9702541	0.9528611	0.8617562	1.1551153	0.7390138	0.5765800	0.5564992	0.6502725	1.0000000	1.0000000	1.3269076	0.8320634	0.7425569
W	1.2698345	0.5361522	1.0579485	0.5630759	0.6321592	2.7979208	2.6145046	2.6708075	0.7388929	1.0000000	1.0000000	2.7972299	3.0896354	3.7187467
Y	4.6536755	0.6282059	3.8681112	1.0530096	1.5851444	1.7313406	0.6549579	1.1730607	2.1111628	1.0000000	1.0000000	1.7110722	2.6950892	6.0986267
