##############
# C0302 PWM for 14-mers
# Model trained on 13-mer peptides adding one non-specific position after P10.
# Copyright (2021) David Gfeller
##############
1.00000	94
A	0.6008560	3.5872447	0.8760194	0.7096926	0.7261608	1.0030222	0.8187446	1.0000000	1.0000000	1.0000000	1.0000000	1.2359541	1.7715509	0.3611851
C	0.3383641	0.5411623	0.3731574	0.5994821	0.6326069	0.6514462	0.6816253	1.0000000	1.0000000	1.0000000	1.0000000	0.7162564	0.6752903	0.3498294
D	0.2571126	0.3341236	0.8241644	2.1835024	0.6644619	1.2476114	0.4455836	1.0000000	1.0000000	1.0000000	1.0000000	0.4224276	0.8794140	0.2265890
E	0.2820098	0.3814368	0.4719467	1.7902005	0.6856158	0.8277368	0.3779604	1.0000000	1.0000000	1.0000000	1.0000000	0.5462676	1.6559887	0.2573070
F	6.7020839	0.6679776	1.2700281	0.4643017	1.5684686	0.9969882	2.2592422	1.0000000	1.0000000	1.0000000	1.0000000	0.6561800	0.5236547	6.3281647
G	0.6546785	0.6964487	0.4359530	1.4577726	2.0737631	1.3494566	1.0794644	1.0000000	1.0000000	1.0000000	1.0000000	0.5947615	0.6549392	0.2349995
H	1.2447920	0.3416948	0.7030535	1.1307476	2.3813240	1.3184829	0.8225389	1.0000000	1.0000000	1.0000000	1.0000000	1.3248807	0.8611970	0.9797375
I	0.9960085	1.2413702	1.4409883	0.5181470	0.6718804	0.7364001	0.9819286	1.0000000	1.0000000	1.0000000	1.0000000	0.9101702	0.6499688	0.9508810
K	0.4025063	0.4302740	0.6744817	0.5279496	0.7264527	0.8514767	0.8715633	1.0000000	1.0000000	1.0000000	1.0000000	0.5767107	0.5358364	0.3755395
L	1.0349311	1.8052576	1.2297541	0.3746723	0.7604477	0.8224371	1.9461607	1.0000000	1.0000000	1.0000000	1.0000000	1.2617715	0.6162803	2.4449718
M	0.8947907	1.1566867	1.7744839	0.5683351	0.5269442	0.8991254	0.9681190	1.0000000	1.0000000	1.0000000	1.0000000	1.2244609	0.5447477	1.2821811
N	0.3371767	0.3808658	1.1565619	1.8581826	1.0261190	1.0545888	0.6580690	1.0000000	1.0000000	1.0000000	1.0000000	0.8927480	0.8053530	0.2902482
P	0.1910511	0.3082238	2.7596346	3.4592765	1.6969632	1.8508182	0.8901541	1.0000000	1.0000000	1.0000000	1.0000000	0.9477480	1.3693142	0.1770919
Q	0.3114202	0.6406428	0.4135726	0.5492335	0.9403424	0.9802804	0.7757379	1.0000000	1.0000000	1.0000000	1.0000000	1.2264350	0.7923392	0.2936366
R	0.5138540	0.3631543	0.5815439	0.4108892	0.7241471	0.8504893	1.2120497	1.0000000	1.0000000	1.0000000	1.0000000	1.4569633	0.4320253	0.4081223
S	0.4128149	0.9262022	0.5857512	0.6406058	0.7221192	1.0412102	0.5706732	1.0000000	1.0000000	1.0000000	1.0000000	1.3542682	1.8951076	0.2917357
T	0.4011037	0.9638276	0.4998785	0.9555216	1.0238442	1.0740155	0.6638939	1.0000000	1.0000000	1.0000000	1.0000000	1.6895345	1.2918334	0.3795847
V	1.1168407	1.3990890	1.1810900	0.4622372	0.8253378	0.6500577	1.3597931	1.0000000	1.0000000	1.0000000	1.0000000	1.0636737	1.6213953	0.6957338
W	0.8826475	0.3306858	0.4683985	0.2667532	2.0222469	0.8926339	0.9635998	1.0000000	1.0000000	1.0000000	1.0000000	0.3628483	0.2935926	0.8458072
Y	5.5017457	0.4585341	2.7601070	0.5701807	0.8218052	0.8735635	0.8499464	1.0000000	1.0000000	1.0000000	1.0000000	1.0496604	0.4363150	4.9007773
