##############
# C0304 PWM for 14-mers
# Model trained on 13-mer peptides adding one non-specific position after P10.
# Copyright (2021) David Gfeller
##############
1.00000	50
A	0.9420603	4.5491915	1.4615313	1.0640430	1.2662722	0.7484410	1.1670842	0.8404942	1.1052426	1.0000000	1.0000000	1.1410243	1.5432916	0.5911369
C	0.4555125	0.6848976	0.5061550	0.6815827	0.7063929	0.6694786	0.7058579	0.6853277	0.7406992	1.0000000	1.0000000	0.7241276	0.7394004	0.5146743
D	0.3363149	0.4486534	0.3727915	2.7386133	0.7110211	0.7505005	1.3357679	0.7969328	0.5118935	1.0000000	1.0000000	0.6257603	0.7249905	0.6541048
E	0.3454098	0.5003461	0.3881514	1.0460460	0.6826966	0.9446143	0.8109148	1.1773152	0.5987174	1.0000000	1.0000000	1.0242396	0.7904077	0.3277380
F	5.3575874	0.7049640	1.9503559	0.6156903	0.4338606	0.7663667	0.9420728	0.9228221	0.5929951	1.0000000	1.0000000	0.4778730	0.7559861	2.3242293
G	0.7031919	0.9377287	0.4174060	1.4597828	1.2928766	1.2613685	1.9667005	1.7356854	2.0760090	1.0000000	1.0000000	1.3406924	1.3333017	0.2953225
H	0.5805967	0.4350090	0.9401800	0.4797660	0.5003747	1.5972822	0.5470719	0.8727014	1.5481429	1.0000000	1.0000000	0.9373448	0.8430995	0.3699414
I	1.0091934	1.0363090	2.3533102	0.7837285	0.6811856	0.6700590	0.5716482	0.8660706	1.2885838	1.0000000	1.0000000	0.6329418	1.0854561	1.3721864
K	0.3847397	0.5597080	0.4383087	0.7002396	0.6334487	1.0675372	0.7139429	0.7570406	0.5685668	1.0000000	1.0000000	1.2056955	0.7052752	0.3638251
L	1.3231252	0.6707582	1.2811175	0.5247397	0.7110319	0.8154419	0.8138906	0.7692229	0.8654885	1.0000000	1.0000000	0.6835274	0.6922295	4.0042401
M	1.1260469	0.6681557	0.9138734	0.5231573	0.5782503	0.6271393	0.8531755	0.6334781	1.2040979	1.0000000	1.0000000	1.1532740	1.1905845	2.1918235
N	0.4305358	0.5033016	0.8096705	0.7565589	0.9678174	1.0659660	1.8468174	1.4110301	1.0119291	1.0000000	1.0000000	1.2837985	0.8485495	0.5425554
P	0.2548249	0.4255851	0.2855289	2.3380421	3.8807843	0.9909782	1.0022744	1.2107489	0.7675339	1.0000000	1.0000000	0.8113181	0.5859023	0.2320754
Q	0.3694832	0.5095108	0.5942417	0.7396781	1.2314850	0.8283928	0.7413597	1.1275948	0.7060871	1.0000000	1.0000000	1.5659702	0.9168787	0.3664560
R	0.3655443	0.4410645	0.3942631	0.4643608	0.7989459	1.5236538	0.6549578	0.8385910	0.7755402	1.0000000	1.0000000	0.9654117	0.5056315	0.3676770
S	0.8050197	1.2627270	0.6458411	1.1623808	0.9728430	1.2428800	1.1187307	0.7794719	1.2490132	1.0000000	1.0000000	1.6158078	1.4676057	0.4683592
T	1.0897030	1.0406767	0.8725862	0.9142330	1.0426976	1.3098267	1.3234366	1.5505808	1.2003738	1.0000000	1.0000000	1.0049995	1.9458609	0.5319606
V	0.9782740	1.0027087	1.3978820	0.8660120	0.7854253	0.6630768	0.6699849	0.9333843	1.0603783	1.0000000	1.0000000	1.0009637	1.1793634	1.1387968
W	1.8084773	0.3691826	1.6459393	0.3092004	0.3276168	3.2271735	0.3956551	1.3176251	0.4245586	1.0000000	1.0000000	0.3840687	0.4045289	0.5196818
Y	3.3548462	0.5219094	3.4141614	0.4396996	0.7271104	0.9385241	0.8051526	0.5736093	1.1181828	1.0000000	1.0000000	0.7982845	0.8318659	0.8049998
