##############
# C0303 PWM for 14-mers
# Model trained on 13-mer peptides adding one non-specific position after P10.
# Copyright (2021) David Gfeller
##############
1.00000	45
A	0.8313036	3.3994610	0.7581513	0.6316600	0.9234177	1.3579595	1.1076473	1.2283867	1.3214976	1.0000000	1.0000000	1.0664935	1.4984513	0.4856789
C	0.4653919	0.6539043	0.4854070	0.6294079	0.6985218	0.6986735	0.7190692	0.7145200	0.7199033	1.0000000	1.0000000	0.7399579	0.7451470	0.5110112
D	0.3843080	0.4957330	0.3215149	2.4961281	0.7156762	0.6364052	1.4135176	0.8209986	0.6416494	1.0000000	1.0000000	0.7806055	0.9385847	0.4711379
E	0.3985209	0.5332959	0.3578622	1.6652169	0.5527639	1.1365974	0.6075239	1.3854800	0.9735192	1.0000000	1.0000000	0.6950917	0.9381303	0.3342695
F	5.1812309	0.7429310	2.3509768	0.4734901	0.4431662	0.9712920	0.6741426	0.7322447	0.4733671	1.0000000	1.0000000	1.0469374	1.2887394	2.5043100
G	0.5928109	1.0750488	0.3289792	1.5357808	1.6995543	1.9453463	2.1595104	1.1970485	1.5866447	1.0000000	1.0000000	1.2426136	0.8775998	0.2743794
H	1.3341771	0.4631329	0.5698522	0.5921181	0.8784033	1.7196426	0.5418265	0.9208806	2.4474290	1.0000000	1.0000000	0.9266609	0.4872424	0.4054376
I	0.9274018	1.0666293	2.5874755	0.6580364	0.7304711	0.4747382	0.4913645	0.7509861	0.7536193	1.0000000	1.0000000	0.7887138	1.1661796	1.5184933
K	0.4449310	0.5882023	0.6924365	0.9278091	0.6486592	0.9668653	1.0142464	0.8208084	0.8103419	1.0000000	1.0000000	0.8756040	0.6989571	0.3984703
L	1.0031475	0.7749190	1.4495181	0.5115923	0.5581226	0.6140619	0.7013164	0.6841485	0.6932486	1.0000000	1.0000000	0.9958070	0.6377545	3.7451263
M	1.3847705	0.7039768	1.5508053	0.5155623	0.5660062	0.5732694	0.8318399	0.6172310	0.8990437	1.0000000	1.0000000	0.6895755	0.9563960	2.5244067
N	0.5072458	0.5923030	0.3883090	1.1975981	0.8386457	1.1295148	1.6195203	0.8597764	1.7372183	1.0000000	1.0000000	1.3086938	0.6417795	0.3364783
P	0.2688529	0.4190403	0.5056136	1.8275982	3.4857219	0.8449514	1.0928751	1.8107534	0.5933834	1.0000000	1.0000000	1.5868434	1.0952638	0.2287684
Q	0.4264164	0.7239098	0.4200906	0.8764672	1.0963625	1.0480005	0.6006524	0.8518556	0.8456243	1.0000000	1.0000000	0.7705802	0.5687808	0.5714360
R	0.5808883	0.4747352	0.5879536	0.7182686	0.9964200	1.0982762	0.7259391	1.0484784	1.0735739	1.0000000	1.0000000	0.7118370	0.4831761	0.5591687
S	1.2729271	1.7627035	0.5464985	0.8564967	1.0809993	1.3606662	1.9984548	1.1304050	1.0551748	1.0000000	1.0000000	1.7494154	1.4936311	0.3524727
T	0.7769286	1.2556241	0.7264888	0.7546003	1.0872089	0.9582883	0.9095326	1.2467172	1.2438774	1.0000000	1.0000000	0.8907560	1.7618258	0.5225281
V	1.2854205	0.9808225	1.6055392	0.8333782	1.0064488	0.5231906	0.5160132	0.9504489	0.9484295	1.0000000	1.0000000	0.8567894	1.3443077	1.1857228
W	1.8380860	0.3810283	1.7752488	0.3776798	0.3434234	0.4281045	0.3528486	0.3906940	0.3751788	1.0000000	1.0000000	0.4111867	0.4312112	0.5777732
Y	2.3473908	0.5376362	3.3804940	1.0684235	0.7774769	0.9315598	0.4753523	0.8469210	0.5909908	1.0000000	1.0000000	0.9094427	0.9310252	1.1778761
