##############
# C0501 PWM for 14-mers
#
# Copyright (2018) David Gfeller
##############
1.00000	16	2
A	1.4436672	2.9165979	0.8322462	0.8584926	1.0353907	1.1343199	0.9860484	1.6043354	1.4368164	1.1397842	1.5220439	1.3055905	0.9976329	0.8858680
C	0.8687858	0.8782640	0.3856988	0.6473519	0.6974177	0.7835309	0.7583549	0.7903970	0.7881083	0.7120083	0.7680820	0.8318801	1.1522187	0.6855586
D	0.4123070	0.4925598	7.1778590	2.8463525	2.2044809	0.8375178	1.7259382	1.2142854	1.0525120	1.2853946	1.1778419	0.6894106	0.5774159	0.3560794
E	0.4762734	0.5133276	1.8803351	1.7232501	1.4231917	1.5876395	0.7818920	1.0032606	0.9959099	1.2484717	1.0436893	0.6443966	0.8763396	0.4066769
F	1.9419537	0.5650375	0.3314727	0.4209280	0.3734994	0.5381745	0.6024283	0.5685129	0.7137132	0.5266486	0.4796175	0.5295632	1.3141918	2.6287050
G	0.5409364	1.8725929	0.7085411	2.7526978	1.1525512	1.6829783	2.2916070	1.2768526	0.6003808	3.2513962	2.2216175	1.2059299	1.0478895	0.9409944
H	0.4955793	0.4094191	0.6106757	0.6102207	0.5533899	0.5810215	1.4632702	0.6225667	0.6045376	0.6272699	0.5716150	1.3625425	1.3542592	0.4068541
I	1.9247583	1.0102087	0.3222386	0.3197918	0.4894519	0.8996965	0.4357727	0.6818518	1.2079927	0.3694979	0.8395081	0.9081499	1.0326495	1.4619046
K	0.9605818	0.6016242	0.7707567	0.7691788	0.8542031	1.0888070	0.7527447	1.1037650	1.2122103	0.7983075	1.1284653	0.7838416	0.7278344	0.4741060
L	1.0287968	0.9554104	0.3062687	0.3384127	0.4456425	1.0344888	0.6366610	0.5105191	1.0201670	0.3924560	0.7981791	0.8422462	1.1653686	2.7235111
M	1.0568479	0.9046198	0.4237905	0.4839317	0.5810839	0.8684392	0.6618305	0.6441432	1.4692964	0.5336614	0.7846166	0.8281941	0.9788626	1.5199162
N	0.4872482	0.5661755	1.3616434	1.5228245	0.8685990	1.2552052	1.4985690	1.2798650	0.6631008	1.3546528	1.2345880	1.7183510	0.6896597	0.4128618
P	0.2849740	0.3656004	0.3534548	0.3404824	2.4313287	0.3455714	0.3525453	1.4056963	0.3205974	0.8629583	0.3349221	0.8612620	0.3142231	0.2359844
Q	0.5517332	0.5315522	0.8066825	0.7941709	1.1321681	1.1826022	1.0641852	0.7419672	1.1430807	0.7357735	1.4750317	1.0364612	1.0174190	0.7875288
R	1.4399789	0.5152635	0.5999849	0.6313595	1.0836537	0.7595860	0.6742930	1.1386408	2.0338160	1.0515110	1.1835258	1.0986919	1.0537876	0.4835941
S	0.6620649	1.2089106	0.8531878	1.5281610	1.0755766	1.4959721	2.2156666	1.5800318	0.7606679	1.3481162	0.8556834	1.1748582	0.8429739	0.5083008
T	0.7025725	0.8404817	0.6358076	0.7496335	1.0193415	0.8178989	0.9029332	0.8285011	0.6946749	1.0282127	0.6967305	1.6827387	1.8642504	0.6028027
V	1.6971145	1.6432937	0.3446548	0.3654489	0.6787550	0.8849217	0.4647059	0.6079665	1.0460899	0.4392220	0.8604327	0.9329048	1.0086969	1.2240523
W	0.7665846	0.5035345	0.3678140	3.6579286	0.4080693	0.5094504	0.6136634	0.5745835	0.6499114	0.5932739	0.4975565	0.5037866	0.7322600	0.7732647
Y	1.6175277	0.5598763	0.3872576	0.5398773	0.4740427	0.5528091	1.3222515	1.2530860	1.3279337	1.2027303	0.5273374	0.6292244	1.5228891	1.0552425
