##############
# C0602 PWM for 14-mers
#
# Copyright (2018) David Gfeller
##############
1.00000	8	2
A	0.6682141	0.6281478	1.1569725	2.2014051	0.8431851	0.8767507	1.3529414	0.7745282	1.1420545	1.3892194	1.1957934	0.7918195	0.8079612	0.6202960
C	0.8963444	0.4298456	0.7497161	0.8555496	0.7723098	0.7657695	0.8442528	0.7734989	0.7925252	0.7639858	0.8484148	0.7402030	1.0475189	0.6166308
D	0.4491928	0.5763190	0.5034457	1.8365206	0.7842143	0.7330398	0.8531387	1.4695388	2.3819218	0.9428094	1.5728101	0.6830178	1.5444801	1.3169690
E	0.4768174	0.8560846	0.5555906	1.4692522	1.0917222	1.2701733	1.1964187	0.6984293	0.8019581	1.8389982	1.1997269	0.6799420	0.6103733	0.5380656
F	5.2718735	0.4834844	1.8754370	0.4172365	1.6370082	0.4860300	0.4514951	1.6599394	0.6730708	0.4255249	0.9443768	0.8786224	0.7382445	2.1971000
G	0.5003696	0.5067132	0.5862962	0.9507065	1.5980093	0.5919114	0.7495257	1.5310136	0.6234730	0.7615307	0.6118552	1.5960730	0.6019103	0.4258029
H	0.6608404	0.7329321	0.5969727	0.6879109	0.5571872	0.5596230	0.5665246	0.5031926	2.0166650	2.1356154	0.6262028	0.7427175	0.4890719	0.5890436
I	1.1740927	0.5001308	1.0026960	0.4500960	1.1645616	0.7461443	0.6867231	0.8688660	0.9457433	0.3945539	0.8307800	1.0462481	1.4697032	1.1779793
K	1.0225060	1.7187234	1.1439854	0.9253441	0.6690059	0.8314077	0.7808737	0.6681908	1.1733278	0.8827569	0.6897901	0.8849983	0.6086384	0.6508046
L	0.9938377	0.9512695	0.7202682	0.4676458	0.7524989	0.7198860	0.5617900	1.1061446	1.4799187	0.4216566	1.4745681	1.0838507	1.6484904	2.0959741
M	1.0059642	0.8755340	0.7762927	0.6558789	0.8215811	1.6687405	0.6931752	0.9419950	1.0581464	0.5940735	1.0544168	0.9505198	1.1922356	1.3374426
N	0.5607091	0.8212154	0.5359736	1.7995647	1.5771055	0.6895098	1.6376234	0.7491871	0.8525718	0.8845118	0.7648769	1.6379035	1.6273159	0.5800133
P	0.2563561	0.3038678	3.3284632	0.4143921	1.3136807	3.3547055	2.3841318	1.3083931	0.3270483	2.4043031	0.3485905	0.3076603	0.3137353	0.2506269
Q	0.5023989	1.7269264	0.5731450	1.5078475	0.6480067	1.4048744	0.7430353	1.2093171	0.6926182	0.9205647	0.7030072	1.3471239	0.5703783	0.5408759
R	0.6372849	5.7466844	0.6663031	0.7869539	0.5757559	0.7006732	0.6532662	0.6013556	0.7468950	0.7321988	0.6141555	1.5106211	0.5659520	1.3286732
S	0.9498127	0.7040313	0.7117650	1.5080753	1.1369597	1.1538469	1.3780039	0.7656431	0.7411165	1.7032829	0.9244628	1.1341452	1.1690505	0.5246834
T	0.6581695	0.6420656	0.6588171	0.8903085	0.7874733	0.8088038	1.4109958	1.2107142	0.6855363	0.8725706	1.7781038	0.7643467	1.3677667	0.6178751
V	0.8309567	0.5100661	0.7596822	0.5892824	1.1156391	0.9667786	0.9797022	1.0357044	1.0810167	0.4838195	0.8115361	0.7694148	1.3445419	1.2121099
W	1.3120269	0.5658972	0.8162971	0.4847281	0.6081846	0.4482790	0.4400486	0.6258213	0.5352865	0.4682672	0.8092424	0.7998362	0.5296156	0.9613150
Y	3.1192157	0.6051317	2.2088133	0.5498770	0.8330304	0.5661971	0.5392690	0.8391505	0.7359259	0.6914537	1.9746201	1.9721721	0.6051904	2.3116608
