##############
# C0701 PWM for 14-mers
# Model trained on 13-mer peptides adding one non-specific position after P10.
# Copyright (2016) David Gfeller
##############
1.00000	39	0
A	0.9088649	0.8534937	1.3395026	0.9493270	1.0858369	1.0523789	0.9229645	1.0000000	1.0000000	1.0000000	1.0000000	1.0552072	0.8541272	0.4944825
C	0.6157057	0.4397624	0.6785926	0.7117848	0.7262338	0.7187456	0.7979885	1.0000000	1.0000000	1.0000000	1.0000000	0.8095534	0.8512782	0.5253959
D	0.5791894	0.5670201	0.8649667	2.2029023	1.3311084	1.1152317	0.7352781	1.0000000	1.0000000	1.0000000	1.0000000	0.4739195	1.3197286	0.5520822
E	0.7968612	1.0904253	1.0329086	1.1277866	1.4336040	1.3827511	0.6657561	1.0000000	1.0000000	1.0000000	1.0000000	0.6018983	1.2475765	0.5109361
F	1.1560496	0.4775397	1.2668604	1.0008687	0.9677502	1.1235936	1.4550246	1.0000000	1.0000000	1.0000000	1.0000000	2.6011417	1.3715903	4.5399381
G	0.5476632	0.7118121	1.5437136	1.9345497	1.7022782	1.2428631	0.5011070	1.0000000	1.0000000	1.0000000	1.0000000	0.7432161	0.7774962	0.3418128
H	0.6457595	0.6017482	1.4172624	0.5060905	1.2853595	0.5781373	2.0383603	1.0000000	1.0000000	1.0000000	1.0000000	0.8873559	1.3154575	0.5266581
I	0.7960437	0.7455526	0.6026920	0.6047814	0.5250570	0.7288911	1.6865149	1.0000000	1.0000000	1.0000000	1.0000000	0.9806788	0.7593155	0.9893134
K	2.0022083	1.3953932	0.9570613	0.7829333	1.3407722	1.4181044	0.8777414	1.0000000	1.0000000	1.0000000	1.0000000	0.6622064	1.1307890	0.5717098
L	0.5352028	0.6659469	0.7161362	0.7774004	0.7149188	0.7441794	1.0743033	1.0000000	1.0000000	1.0000000	1.0000000	0.8312147	0.6020411	2.4802276
M	0.6533424	0.9978182	0.6537722	0.6252419	0.9624420	0.9674313	0.8756927	1.0000000	1.0000000	1.0000000	1.0000000	1.0997885	1.0055415	1.5268736
N	1.1517704	0.9155379	1.3951920	0.9797586	0.7378644	1.1249648	0.8333957	1.0000000	1.0000000	1.0000000	1.0000000	0.7771268	0.9836873	0.3855187
P	0.7700355	0.2811067	0.7820873	1.6986200	0.7759264	1.4740558	1.2339899	1.0000000	1.0000000	1.0000000	1.0000000	0.9692778	0.3088638	0.1971075
Q	0.7947521	0.8844492	0.6413944	1.0014624	1.1380079	0.8984217	0.5502854	1.0000000	1.0000000	1.0000000	1.0000000	0.4923006	0.8955776	0.4048024
R	3.1231476	5.3455642	0.8276492	0.5578933	1.1292349	0.7025518	0.7707757	1.0000000	1.0000000	1.0000000	1.0000000	0.5027773	0.8794814	0.6552064
S	1.2005716	0.6832803	1.1470984	1.0708970	0.9927653	0.9660863	1.1268704	1.0000000	1.0000000	1.0000000	1.0000000	1.0567664	1.2858658	0.4080606
T	0.8163266	0.9141826	0.9646043	0.6222434	0.9389792	0.7830379	0.8192668	1.0000000	1.0000000	1.0000000	1.0000000	1.4296250	1.7900335	0.4885242
V	0.5507583	0.7608398	0.5371388	0.5948501	0.7089904	0.5552034	1.0583511	1.0000000	1.0000000	1.0000000	1.0000000	1.1135223	1.0200415	0.8785993
W	0.6737565	0.5215622	0.7328463	0.4888765	0.4947219	0.6068273	0.5736027	1.0000000	1.0000000	1.0000000	1.0000000	3.6004798	0.6191745	1.0525997
Y	2.0322998	0.8669156	2.4771951	0.8928434	0.6297706	1.6459055	1.1540144	1.0000000	1.0000000	1.0000000	1.0000000	2.0398639	1.4188279	3.0342046
