##############
# C0702 PWM for 14-mers
#
# Copyright (2018) David Gfeller
##############
1.00000	12	2
A	0.6346447	0.5787415	1.1492969	0.7471326	0.7623955	1.1609994	1.2195070	1.5454465	1.1506030	1.4404867	0.9749695	1.2397469	0.7163813	0.6264866
C	0.7022704	0.3897478	0.7396218	0.6833864	0.8067603	0.9169434	0.8630157	0.9010367	0.7683514	0.7966731	0.7183035	0.8913374	0.8232247	0.5619255
D	0.6231924	0.4905694	0.5774077	2.1244860	0.4319623	1.8333834	1.2615746	1.2517808	0.7351188	1.3848262	1.3292274	1.2264675	0.5272864	0.3737020
E	0.4732115	0.6836873	0.6220096	2.0014362	0.4875340	0.7686909	0.9927219	0.6523942	1.0097191	1.1030121	1.1256324	0.6376974	0.4737394	0.4029424
F	2.8458289	1.2003234	1.1808523	0.6135371	1.1032887	0.5671849	0.9173412	0.7146853	0.8285894	0.5039448	1.6032810	0.5389784	1.7158897	2.6016068
G	0.5360034	0.4630842	1.3047115	0.5870211	1.1201795	0.6295421	1.9784469	2.0887992	2.6654911	2.0774097	0.6096737	2.0065412	2.5090391	1.0877629
H	0.9068323	1.0003415	0.5142591	0.6902623	0.6899965	0.4975911	0.6682048	1.6315607	0.7365034	0.5818349	0.7652047	1.5334977	0.6848015	0.9507533
I	0.9951153	0.4171768	0.6067643	0.4680915	1.0442584	1.0178918	0.8097105	0.5721822	0.7443673	0.7326743	0.5577379	1.0628296	0.7749930	0.8595600
K	0.5409507	1.4623116	1.2400913	0.8592919	0.7430560	0.7955023	0.6581810	0.6733945	0.7335809	0.7547997	1.1201889	0.7395862	0.7402796	0.4861809
L	0.8259418	0.5407983	0.5730692	0.7260158	0.7695075	1.0077987	0.7185458	0.8020432	0.5390181	0.5183513	0.8398079	0.6746391	1.2173413	1.6115957
M	0.8894007	0.6970294	0.6896444	0.6760762	0.8523204	0.9503497	1.4349343	0.7619387	0.6684285	0.6517427	0.7706293	0.7967009	0.9229073	1.1062011
N	2.3866550	0.7328342	0.7068827	0.8502598	0.5416135	0.8274174	0.7672963	0.8853457	1.3555334	1.4050557	1.3167927	0.8515390	1.2380903	0.5028098
P	0.2496998	0.2804937	2.3852144	2.3865498	1.6348207	0.3421073	0.3285603	0.3639614	1.0053977	1.0176666	1.6791678	0.3384011	0.2608008	0.2491702
Q	0.5211216	0.9568949	0.6931967	1.3250072	0.5794730	1.1276247	0.6602659	0.6358680	1.1344241	1.1508226	1.1898192	0.6428674	0.5822552	0.4770355
R	0.5487977	5.2632009	1.8203910	0.7065860	1.6467056	1.2019430	0.5762863	0.6050861	0.6368438	0.6441605	0.7607608	1.1463671	1.6630802	0.4997843
S	0.6410947	0.6386697	1.1134041	1.0481777	0.6018007	1.1601992	1.3454555	1.5405729	1.0980089	1.1587529	0.7568165	1.4119848	0.6394277	0.5695778
T	0.6793388	0.5788839	1.1233798	0.7015551	0.6708924	1.5803583	0.7985316	1.5602588	0.7103579	0.7430746	0.6504995	1.2018421	0.6011964	0.9319558
V	1.4242098	0.4551259	0.8134881	0.4789310	1.6707419	1.5114394	1.1481052	0.6309688	0.6062692	0.6121846	0.5520959	1.2357994	0.8687055	0.7527163
W	1.3562919	1.2271010	0.5328859	0.6015793	0.9879153	0.5032671	0.8542723	0.6960511	0.8266220	4.6677086	0.8896032	0.5140200	0.9609175	1.6849398
Y	4.7925642	4.4230874	0.7051886	1.4623688	3.4235767	0.5748964	2.4553283	1.5864556	2.4197231	0.6407925	2.6376056	0.6399954	2.6341416	6.5689708
