##############
# C0801 PWM for 14-mers
# Model trained on 13-mer peptides adding one non-specific position after P10.
# Copyright (2021) David Gfeller
##############
1.00000	135
A	1.5437081	5.6056899	1.0405714	0.6560480	1.2471394	0.9740127	0.8364771	0.9038396	1.0000000	1.0000000	1.0000000	0.7139949	1.5525102	0.6308722
C	0.7679618	0.6513064	0.6116014	0.6226226	0.6877363	0.6729905	0.6695471	0.6693114	1.0000000	1.0000000	1.0000000	0.6415610	0.3710461	0.4037970
D	0.3393370	0.3356726	1.9432109	4.1291204	0.9169356	1.7202048	1.8371817	1.3914543	1.0000000	1.0000000	1.0000000	2.2759495	0.8872623	0.1838177
E	0.4128747	0.3773207	0.5742605	2.1527642	0.8464024	0.9260623	1.5442215	1.0479711	1.0000000	1.0000000	1.0000000	1.7774168	1.6328930	0.2090104
F	2.4159768	0.3501930	2.2876281	0.5142176	0.6232308	0.6908200	0.6789906	0.9200101	1.0000000	1.0000000	1.0000000	0.8925212	0.8360289	1.7212381
G	0.4850146	0.5543682	0.2854573	0.8616657	1.2113950	1.5034791	0.9127298	1.5125354	1.0000000	1.0000000	1.0000000	0.6973838	0.4429532	0.2033675
H	1.2696647	0.3220166	0.9050280	0.9348018	0.5104659	1.4087982	1.7393351	1.3135002	1.0000000	1.0000000	1.0000000	2.7569296	1.0695925	0.4131865
I	1.2031330	1.4881080	1.8376901	0.3305113	0.6907671	0.6085689	0.9391250	0.7903830	1.0000000	1.0000000	1.0000000	0.9548865	1.1285476	1.3628792
K	0.8078894	0.4199724	0.6056139	0.5572157	0.4894413	1.0641498	1.0113801	1.2692577	1.0000000	1.0000000	1.0000000	0.7569617	0.4657811	0.2566774
L	0.8675233	0.4598817	1.2112559	0.4123330	0.4297909	0.7839492	0.8737486	0.5150703	1.0000000	1.0000000	1.0000000	0.5990396	0.4913224	5.4148835
M	0.8738261	0.5065953	1.0962671	0.6554303	0.3975259	0.6055201	0.5011523	0.6018821	1.0000000	1.0000000	1.0000000	0.7652365	0.5023770	1.7426970
N	1.2550751	0.4637094	0.3885910	1.2217695	0.8260644	1.2327116	1.0264095	1.1016996	1.0000000	1.0000000	1.0000000	1.0506627	0.6679887	0.2130513
P	0.2298290	0.7031057	0.5067620	1.7307517	4.9161890	0.6484979	0.5496147	0.7488267	1.0000000	1.0000000	1.0000000	0.7365662	1.2716689	0.1696937
Q	0.4913508	0.5724131	0.5433355	0.7205999	0.4900261	0.7670861	1.2813839	0.6734609	1.0000000	1.0000000	1.0000000	1.7713791	0.7688736	0.2572702
R	1.1424340	0.3306761	0.3953358	0.4643630	0.4084955	0.9678159	0.7501502	0.9904883	1.0000000	1.0000000	1.0000000	0.5137629	0.6105496	0.2648173
S	0.9061809	1.0887657	0.3716803	0.9714750	1.2320271	1.5346992	0.9572277	0.9393050	1.0000000	1.0000000	1.0000000	1.0919017	1.4648872	0.2562856
T	0.9066486	0.9328564	0.4963477	1.1892986	1.0000201	1.2965677	1.4965322	0.8324511	1.0000000	1.0000000	1.0000000	0.6843802	1.5871920	0.3909047
V	1.4338850	0.9955992	1.7099992	0.4517384	0.9977675	0.5984855	0.9420249	1.0271052	1.0000000	1.0000000	1.0000000	0.8980981	1.7897075	1.1352858
W	0.4593575	0.2594863	1.7022317	0.2503199	0.2314405	0.2946914	0.2760984	0.7969928	1.0000000	1.0000000	1.0000000	0.2888676	0.2972163	0.7825641
Y	2.7453014	0.3620289	2.6477573	0.6294358	0.4926022	0.8324170	0.4237002	2.2175276	1.0000000	1.0000000	1.0000000	0.6213116	0.8739908	0.5499176
