##############
# C0802 PWM for 14-mers
# Model trained on 13-mer peptides adding one non-specific position after P10.
# Copyright (2016) David Gfeller
##############
1.00000	20	0
A	1.3912786	3.3718125	0.5399802	1.4186765	1.1111162	1.5268661	1.2921995	0.9622596	1.1273575	1.0000000	1.0000000	1.6673464	1.7851450	0.7960431
C	1.2372352	0.8381821	0.5816737	0.7535910	0.7473129	0.7733221	0.7571784	0.6834111	0.7372231	1.0000000	1.0000000	0.9168209	0.9964006	0.9832027
D	0.4095476	0.5349218	8.2978084	1.1096538	1.5907076	0.7689074	1.4061294	1.5199439	1.0475177	1.0000000	1.0000000	0.7062484	0.6906603	0.2795899
E	0.4152598	0.5624335	1.5798090	1.1770127	1.2456555	1.4290487	0.6733115	0.9767183	0.6935485	1.0000000	1.0000000	0.6754612	1.1446577	0.3160656
F	1.6620177	0.4718950	0.3149040	0.4821738	0.4012695	0.9162286	0.4219635	0.9599045	0.8489470	1.0000000	1.0000000	0.4564882	0.9876006	1.1046274
G	0.5330018	2.1696873	0.6761840	3.1563191	1.5502155	2.3815036	3.1716077	1.9075582	2.7673752	1.0000000	1.0000000	1.6405570	0.7388009	0.3569691
H	1.0338432	0.4399328	0.5884176	0.5425013	0.5734841	1.2312132	0.4900926	0.5828868	0.5278577	1.0000000	1.0000000	0.5378770	0.5066050	0.3202199
I	2.3100908	0.8324204	0.3021501	0.5434736	0.4178511	0.4503190	0.5149230	0.6582070	0.3879726	1.0000000	1.0000000	0.6261374	0.9860276	1.4866148
K	0.4813223	0.8972636	0.7169349	0.9808299	1.0684045	1.0153501	1.4553082	1.7397326	1.2610841	1.0000000	1.0000000	0.8001976	0.7331916	0.4075958
L	1.2760940	0.6140614	0.2784798	1.0180697	0.4592430	0.6403465	0.6344858	0.6835807	0.4196596	1.0000000	1.0000000	0.5372087	0.6941404	4.3642041
M	1.1585551	0.7299961	0.3854435	0.7673900	1.0324729	0.6629209	0.6354501	0.6773581	0.5654699	1.0000000	1.0000000	0.7080371	0.8283499	1.9264136
N	0.4839867	0.6216528	1.4284345	1.1587908	1.2960945	0.8105109	0.8403181	1.6187951	0.8507824	1.0000000	1.0000000	1.2673442	0.7512181	0.3147500
P	0.2787590	0.3941183	0.3366403	0.3295075	1.6379401	0.7808473	0.7671861	0.3237163	1.6219030	1.0000000	1.0000000	0.3831129	0.3726394	0.2241245
Q	0.4428635	0.5877376	0.7358047	1.3284831	0.7821634	1.0853517	0.6765703	0.7664813	0.9931174	1.0000000	1.0000000	1.0005519	1.0089638	0.3890539
R	0.4478432	0.5970840	0.5577919	0.6928505	1.0633161	0.7131117	1.0945634	1.2054149	1.0830370	1.0000000	1.0000000	1.0225234	0.6372999	0.4454026
S	1.0107221	1.1287542	0.8018955	0.8625165	1.8564503	1.6432141	1.2396809	1.1732256	1.6281245	1.0000000	1.0000000	2.3752896	1.9317336	0.4215066
T	0.7767205	1.2927984	0.6076197	0.9015081	1.0952813	0.7777109	0.9671478	0.7053542	1.0228396	1.0000000	1.0000000	1.7447914	1.6831397	0.5864978
V	2.0493094	0.9810627	0.3024138	0.5639293	0.4773980	0.5092906	0.6741696	0.5342632	0.4459867	1.0000000	1.0000000	0.9630688	1.2875753	1.1450541
W	0.6122100	0.4890065	0.3390770	0.4996861	0.4366595	0.5369694	0.4619589	3.1219463	0.4890337	1.0000000	1.0000000	0.4832637	0.5414421	0.6246908
Y	0.8746077	0.5206745	0.3551673	0.4952394	0.4838696	0.6705486	0.4637421	0.6814575	0.5720620	1.0000000	1.0000000	0.5325752	0.6717035	0.6798277
