##############
# C1203 PWM for 14-mers
# Model trained on 13-mer peptides adding one non-specific position after P10.
# Copyright (2016) David Gfeller
##############
1.00000	34	0
A	1.2740864	4.5469254	0.8212835	0.7130247	1.0387410	1.6535574	0.8000671	0.6422637	1.0000000	1.0000000	1.0000000	0.8381529	1.8727221	0.5417992
C	0.5816339	0.8766331	0.7334030	1.0598182	1.1320520	1.1425454	1.1362862	1.1355905	1.0000000	1.0000000	1.0000000	1.2142911	0.6396850	0.5936187
D	0.4984786	0.5527021	0.4530980	2.6956496	0.8573866	1.3831865	1.8103732	0.9609647	1.0000000	1.0000000	1.0000000	0.5043117	1.0916424	0.2902098
E	0.4830664	0.5942588	0.6302354	1.2221628	0.7673351	1.0517581	0.8369783	0.6640400	1.0000000	1.0000000	1.0000000	0.7077356	0.8429419	0.3185378
F	2.4738609	0.4269909	2.4601634	0.4313533	1.0354141	0.8203844	0.8520374	1.2447044	1.0000000	1.0000000	1.0000000	0.9263081	0.8520049	3.5963981
G	1.0892084	1.0249938	0.7215579	2.1094080	1.8690132	0.9169736	0.7689986	1.2050657	1.0000000	1.0000000	1.0000000	0.9783442	0.6694343	0.3431558
H	1.0868089	0.4522085	1.4538465	0.9630981	2.1801280	1.4181439	0.9345050	1.4278614	1.0000000	1.0000000	1.0000000	0.8588028	0.5341477	0.5194055
I	0.9910914	0.5229563	1.3638149	0.4113975	0.6116002	0.4485339	0.6747771	1.2349690	1.0000000	1.0000000	1.0000000	1.9276737	0.6913200	1.1391757
K	0.8668223	0.6740808	0.8740564	1.0139199	1.3109884	1.8416893	0.8816373	0.8828159	1.0000000	1.0000000	1.0000000	0.9208189	0.9455307	0.3863832
L	0.7029030	0.5163200	0.9202486	0.4958762	0.6012057	0.5731964	1.0540826	1.2927912	1.0000000	1.0000000	1.0000000	1.4252653	0.9435574	2.8809640
M	0.7785490	0.6566183	0.8878827	0.5216407	0.6314359	0.6190063	1.1032023	1.2215174	1.0000000	1.0000000	1.0000000	1.0440132	0.8033144	2.3754723
N	1.1091034	0.6343287	0.5602642	1.3876836	1.0073502	0.9975641	0.6904414	0.5980040	1.0000000	1.0000000	1.0000000	0.8077716	0.9583252	0.3547411
P	0.2798664	0.4167536	0.2623827	1.3495787	1.3512394	1.1199522	1.8925620	0.7823376	1.0000000	1.0000000	1.0000000	0.5307571	0.3325823	0.2007927
Q	0.5245641	0.5947732	0.5357774	0.6796364	0.6549936	0.9582893	1.0631587	0.5512412	1.0000000	1.0000000	1.0000000	1.4115269	1.3292535	0.3794912
R	0.5629768	0.5570455	0.7860176	0.8437150	0.9143523	0.8229623	1.2956746	0.7832593	1.0000000	1.0000000	1.0000000	0.6086635	1.3571754	0.4182327
S	1.2339911	2.0075940	1.0087394	1.0299182	1.2912485	0.9732677	0.7937254	0.7241212	1.0000000	1.0000000	1.0000000	0.8752585	1.2860169	0.5423489
T	0.8562653	1.2415516	0.9906587	0.9684957	1.0080128	0.9938996	0.7941080	0.9207420	1.0000000	1.0000000	1.0000000	0.8423093	1.4383137	0.5347989
V	1.1499171	0.7346300	1.3714957	0.5211778	0.6237365	0.5084773	0.9161932	0.8686994	1.0000000	1.0000000	1.0000000	1.4283795	1.0118584	1.0000757
W	0.9883902	0.4527242	0.9486185	0.4529208	0.4994851	0.5677633	0.5080582	0.8285717	1.0000000	1.0000000	1.0000000	0.5103420	0.5499834	1.0454127
Y	3.6735969	0.5106290	3.3066168	0.8441411	0.7174447	1.3911475	0.9860264	3.0004089	1.0000000	1.0000000	1.0000000	0.6439575	0.9902225	3.1006396
