##############
# C1204 PWM for 14-mers
# Model trained on 13-mer peptides adding one non-specific position after P10.
# Copyright (2016) David Gfeller
##############
1.00000	29	0
A	0.9551073	2.8102006	1.0815139	0.9913899	1.2554649	1.1832018	1.5054875	0.9312611	1.0000000	1.0000000	1.0000000	0.9164999	1.2287081	0.6578708
C	0.5430559	0.7530396	0.7617159	1.0426005	1.1282603	1.1333765	1.2298535	1.1928707	1.0000000	1.0000000	1.0000000	1.2278070	0.6265110	0.4984868
D	0.3862216	0.4519368	0.9598427	5.0353134	1.2161645	2.6710054	1.1527872	0.8297729	1.0000000	1.0000000	1.0000000	0.8604119	0.5001201	0.3137724
E	0.4512201	0.4951311	0.4825618	1.5381717	0.6593724	1.3493249	0.7698418	0.5002599	1.0000000	1.0000000	1.0000000	0.6253078	0.6980472	0.3593614
F	2.3570280	1.0375687	1.5185839	0.3334661	0.3385039	0.4143431	0.6099321	0.7170192	1.0000000	1.0000000	1.0000000	0.7472460	1.8250790	4.6880749
G	0.4627000	0.7419180	0.4568194	1.5553670	1.8389344	1.2067529	1.5002726	2.5962570	1.0000000	1.0000000	1.0000000	0.8570912	0.8520267	0.3792902
H	0.9291714	0.6449470	0.6322648	0.5614464	0.9798434	0.5187938	0.9786391	0.5057471	1.0000000	1.0000000	1.0000000	0.5556256	0.7104583	1.3286052
I	0.7810883	1.1613539	2.0599237	0.3317853	0.3597056	0.6582183	0.9062831	1.4189821	1.0000000	1.0000000	1.0000000	1.2132327	0.7799759	0.8175308
K	0.7296980	0.5746474	0.6841999	0.7239447	0.6874520	1.1466979	0.7952736	0.7410616	1.0000000	1.0000000	1.0000000	0.6617515	0.5853299	0.4099929
L	0.9780022	0.7161910	0.9928568	0.3269018	0.3689638	0.6179146	0.8857619	1.2122762	1.0000000	1.0000000	1.0000000	1.4855853	0.9473954	1.5244591
M	0.8585381	0.8056145	1.7028466	0.4513532	0.4945890	0.6419303	0.7929291	0.8885442	1.0000000	1.0000000	1.0000000	1.0064956	0.8491829	1.3891103
N	0.5093037	0.5344937	0.4876079	1.3908917	1.3168935	0.8769043	1.2532399	1.2308267	1.0000000	1.0000000	1.0000000	1.2580674	0.6109810	0.4119306
P	0.2614049	0.3410924	0.2539380	0.6355204	3.6235249	0.6374129	0.3105885	0.2822007	1.0000000	1.0000000	1.0000000	0.3020964	0.3020182	0.2077834
Q	0.5244956	0.5265868	0.7254814	0.9584847	1.0599962	0.9836165	0.8289648	0.7533422	1.0000000	1.0000000	1.0000000	1.5360630	0.8016139	0.4104108
R	0.8043877	0.5058250	0.5017828	0.5831152	0.5705091	1.1950363	0.5876674	0.5380600	1.0000000	1.0000000	1.0000000	0.6173150	0.5452950	0.4403203
S	0.8923457	1.2086568	0.5621441	1.1378313	1.2687020	1.0077549	0.8373152	1.1306324	1.0000000	1.0000000	1.0000000	1.3530530	1.2309566	0.4508716
T	0.8029682	1.1399914	0.6195448	0.8521388	0.8911100	1.4352657	1.4402549	0.8719848	1.0000000	1.0000000	1.0000000	1.5091614	1.6736020	0.4812024
V	1.0489199	1.1312752	1.4372189	0.3765214	0.4239810	0.6952571	1.2084427	0.9443801	1.0000000	1.0000000	1.0000000	0.9527368	1.0871937	0.6938891
W	1.5454859	0.9377604	2.8375638	0.3787929	0.3654971	0.4334214	2.3633378	0.6088683	1.0000000	1.0000000	1.0000000	0.6244764	1.0841469	1.6105466
Y	7.5476334	3.7393576	3.8651305	0.3969164	0.4701983	0.4673875	1.0475187	1.3958585	1.0000000	1.0000000	1.0000000	1.4500670	4.3429834	6.7410530
