##############
# C1402 PWM for 14-mers
# Model trained on 13-mer peptides adding one non-specific position after P10.
# Copyright (2016) David Gfeller
##############
1.00000	20	0
A	0.9607684	0.4933429	0.6494274	0.8853138	0.9238071	0.7764837	0.9151749	1.0717699	0.9130008	1.0000000	1.0000000	1.3919937	1.7698943	1.0049787
C	0.5700984	0.5571619	0.4715796	0.6486466	0.7118691	0.7141110	0.8275528	0.7340642	0.7871980	1.0000000	1.0000000	0.7806964	0.6979921	0.6403722
D	0.5358557	0.3167101	0.5291926	1.3754125	1.3885475	1.4622255	0.4839695	0.6889979	0.5201561	1.0000000	1.0000000	0.7428429	0.6635949	0.3607733
E	0.5702628	0.3683719	0.6140606	0.6238190	0.7069733	1.2279948	0.7368764	0.9749966	0.5515653	1.0000000	1.0000000	1.1583190	0.6872550	0.4093243
F	1.4888924	5.3498879	1.0848861	0.6799370	1.4359321	0.6666868	1.6272784	0.4354854	0.6546885	1.0000000	1.0000000	0.9701907	1.0679562	3.3349970
G	0.9850045	0.3696000	1.3282804	2.6750154	1.8371205	0.5670606	0.9019557	2.3174824	0.5406984	1.0000000	1.0000000	1.1021186	0.7920958	0.4582409
H	0.7271708	1.1193622	0.7731609	2.5853826	0.5698075	1.3221721	0.4578055	1.2499623	1.1324294	1.0000000	1.0000000	1.2588733	0.6099501	1.1678709
I	1.0807685	0.6783022	0.7497017	0.3946708	0.6003523	0.6405958	1.1668926	0.3818782	1.1802849	1.0000000	1.0000000	0.5986200	0.6057246	1.2504654
K	0.7847984	0.4171779	0.7236181	0.9017568	1.3766003	1.1802619	0.9177593	1.1863398	0.8530569	1.0000000	1.0000000	1.3291314	1.0430118	0.7155537
L	0.7123068	0.8185160	0.9382512	0.4634830	0.9203524	0.5451682	1.2614290	0.4232658	1.1077761	1.0000000	1.0000000	0.7734345	0.6149955	2.1581087
M	0.8175215	0.8498070	0.7946835	1.0206166	0.7799855	0.6811262	1.9181708	0.6037232	1.3572997	1.0000000	1.0000000	1.2008895	1.1990990	2.6833705
N	1.0508053	0.4276968	0.9875076	1.1945921	1.1793672	0.8179879	0.5484865	0.8586933	0.9472936	1.0000000	1.0000000	1.5293278	1.1831550	0.4396737
P	0.2862390	0.2073996	1.9830245	0.7007739	0.3014217	1.1728706	0.7019616	0.7652789	2.4064829	1.0000000	1.0000000	0.7615675	0.7987161	0.2415750
Q	0.9457333	0.4167746	1.5367728	0.6348489	1.0379526	0.8223309	0.6078672	1.4181277	0.8740940	1.0000000	1.0000000	0.8042659	1.0238149	0.4814451
R	1.6776257	0.4474569	0.9814178	0.9807827	2.1679891	2.1366762	1.3034845	1.8336567	0.6077118	1.0000000	1.0000000	1.4859940	1.0797038	0.5389502
S	1.2598668	0.4478493	0.6226153	0.7035965	0.9221834	1.2953398	0.6750851	1.4480845	0.8346726	1.0000000	1.0000000	1.2188534	2.1037117	0.5385526
T	0.7353929	0.4643508	0.5830774	0.5531912	0.6572801	0.7460868	1.1627820	1.2418251	0.6847032	1.0000000	1.0000000	0.7488885	1.1830121	0.5835908
V	1.0569042	0.6039174	0.5897104	0.4034067	0.7027761	1.0186229	1.3290980	0.4554342	1.1040881	1.0000000	1.0000000	0.7448448	0.8015901	0.9405316
W	3.5669001	2.1469536	3.5820917	8.3988532	0.5867146	0.6576453	3.2226796	3.0923443	5.6622551	1.0000000	1.0000000	0.5423828	0.6304517	0.9320498
Y	3.2266840	9.3500002	3.7085380	1.5046347	0.7311710	1.8123271	0.8749352	0.6409720	0.7693439	1.0000000	1.0000000	0.7083903	1.2845302	1.8586904
