##############
# C1502 PWM for 14-mers
# Model trained on 13-mer peptides adding one non-specific position after P10.
# Copyright (2016) David Gfeller
##############
1.00000	22	0
A	1.0243670	2.5729259	0.8881257	1.0501241	1.0058613	1.1375474	0.7210829	0.8885621	1.0000000	1.0000000	1.0000000	0.9831788	1.2922810	0.6508890
C	0.5698286	0.8630809	1.0773030	0.5437979	0.5856911	0.6021637	0.5118696	0.6001300	1.0000000	1.0000000	1.0000000	0.6208733	1.5336616	0.7550941
D	0.8060977	0.6093095	0.5210338	2.3541180	1.4243270	1.3556524	1.0770861	0.8177014	1.0000000	1.0000000	1.0000000	0.6060731	1.0257559	0.2840129
E	0.5667558	0.6059809	0.4939548	0.6770680	1.1167773	1.1452255	0.8700474	0.4687600	1.0000000	1.0000000	1.0000000	0.7993619	1.4941967	0.3081111
F	2.0139561	0.4961015	1.8716373	1.3858261	2.3026383	0.6863779	0.5014054	1.1763231	1.0000000	1.0000000	1.0000000	0.6099453	1.2710729	1.0137973
G	0.4936117	0.8713562	0.5302682	0.9509859	1.0202810	0.9621818	1.7310527	1.6300250	1.0000000	1.0000000	1.0000000	1.3370776	0.5849896	0.3248125
H	1.1630491	0.4568424	1.2651730	1.0695026	1.1738000	0.5463399	0.5455022	1.0587517	1.0000000	1.0000000	1.0000000	0.4821139	0.6249655	0.2999075
I	1.0909421	0.7769279	1.0760053	0.8861371	0.7086193	1.1155671	1.4454937	1.7100159	1.0000000	1.0000000	1.0000000	1.4415610	0.8569802	2.1579247
K	1.0864103	0.6884952	0.7836816	0.8041405	0.8845895	1.1943041	1.6386590	0.7428960	1.0000000	1.0000000	1.0000000	0.9264900	0.8976609	0.3954709
L	1.1259837	0.6301561	1.0200320	0.9508676	0.8469333	1.3459925	0.7048752	1.3259917	1.0000000	1.0000000	1.0000000	1.3965185	1.1354435	3.3466399
M	0.9547769	0.7768693	1.7678633	0.7690552	1.2299068	0.9618642	1.1855662	0.9902131	1.0000000	1.0000000	1.0000000	0.9903948	0.8828706	2.1512465
N	0.6039674	0.7636182	1.3045798	0.7259122	1.1617858	0.7208272	1.8292681	0.5674128	1.0000000	1.0000000	1.0000000	1.0203643	0.6753761	0.3178624
P	0.2709883	0.4072926	0.6669081	2.2628266	0.3146678	0.3227691	1.0947549	1.4531022	1.0000000	1.0000000	1.0000000	1.0959026	0.3322863	0.2209628
Q	0.6618933	0.6229274	0.5608486	0.5420469	0.6786381	1.0138500	0.7201315	0.4819131	1.0000000	1.0000000	1.0000000	0.9212797	0.7207979	0.3802859
R	2.6093284	0.5941770	0.5892753	0.5394523	0.6394832	1.0433416	1.1194203	0.5080302	1.0000000	1.0000000	1.0000000	0.9600367	0.6403892	0.4145761
S	0.6201851	2.2251792	0.8758584	0.6820724	1.6532745	1.1102412	0.9033056	0.6205305	1.0000000	1.0000000	1.0000000	1.2666862	1.0206774	0.4085527
T	0.6319474	2.1763392	1.1554478	0.6247749	0.7895872	0.9567131	0.6916407	0.8544478	1.0000000	1.0000000	1.0000000	0.9864055	1.6061101	0.6484517
V	1.3709866	1.2577431	1.2426573	0.9492711	0.9119255	0.9452130	0.7959948	1.1178477	1.0000000	1.0000000	1.0000000	0.8911962	0.7516511	2.0661317
W	0.7354738	0.4841500	0.9467270	0.5042559	0.6683201	0.5899071	0.4560018	0.6152405	1.0000000	1.0000000	1.0000000	0.4897797	0.8041221	0.5850816
Y	1.4901650	0.5527716	3.0666872	0.7330718	0.9838999	1.1250955	0.5087789	1.2559563	1.0000000	1.0000000	1.0000000	0.5508164	2.2977765	0.6686888
