##############
# C1701 PWM for 14-mers
# Model trained on 13-mer peptides adding one non-specific position after P10.
# Copyright (2016) David Gfeller
##############
1.00000	30	0
A	0.8025019	3.1553888	1.6455706	1.1585293	1.0267035	0.9835996	1.1851296	0.8304854	1.0000000	1.0000000	1.0000000	0.7497112	1.1380737	0.5394547
C	0.9738157	0.9408095	0.8602609	0.8973224	0.8367609	0.8863759	0.8966116	0.8875132	1.0000000	1.0000000	1.0000000	0.8622081	0.6166701	0.6621256
D	0.6496903	0.4783744	0.7356652	1.0794510	1.2037146	1.7157490	1.2017246	1.0042738	1.0000000	1.0000000	1.0000000	1.2174234	1.3664155	0.5610526
E	0.4213623	0.5162330	0.4882258	0.6900639	0.9255490	0.9703764	0.6188204	0.4800061	1.0000000	1.0000000	1.0000000	1.1309451	0.7962928	0.3284654
F	2.3055259	0.9078923	1.3936096	1.2164551	0.5575869	1.0201474	0.8621774	1.1363483	1.0000000	1.0000000	1.0000000	0.5670229	0.7232877	2.0262470
G	0.4279811	0.8153236	1.4583245	1.9759011	2.5874467	0.8347265	1.2166178	1.3341585	1.0000000	1.0000000	1.0000000	1.6774108	0.8210747	0.3239429
H	0.5228985	0.4117762	0.9487990	0.4289355	0.5303736	0.5343881	1.4666200	0.9576670	1.0000000	1.0000000	1.0000000	0.5041329	0.4955608	0.3408095
I	1.8649093	0.9131771	1.0686483	1.0280327	0.8611808	1.0596414	0.9195515	1.6002349	1.0000000	1.0000000	1.0000000	1.3919966	1.0787217	1.3573574
K	0.6712707	0.5882189	0.7152202	0.7619640	0.8604488	0.8113534	0.8154202	0.6898398	1.0000000	1.0000000	1.0000000	0.8138033	0.8273997	0.3872998
L	1.2702059	1.2214614	1.3391996	1.2947946	0.9517626	1.1771079	1.0023608	1.2744334	1.0000000	1.0000000	1.0000000	0.7934143	1.8118323	4.1254606
M	1.7580495	0.9277658	0.9204205	0.8699047	1.0804936	0.8653322	1.1485730	0.9265528	1.0000000	1.0000000	1.0000000	0.7722310	1.7861386	2.4381087
N	0.4678626	0.5491429	0.5705299	0.8901757	1.5424755	1.2544418	1.8638987	0.5762618	1.0000000	1.0000000	1.0000000	1.2504190	0.9064209	0.3396789
P	0.2397582	0.3548060	0.8849119	1.1646483	0.8768716	0.5881981	0.8940051	1.4450146	1.0000000	1.0000000	1.0000000	1.1766842	0.2856440	0.2040246
Q	0.4603134	0.5279406	0.5008069	0.5277097	0.6234108	0.6085683	0.8379259	0.4773485	1.0000000	1.0000000	1.0000000	0.8540238	1.0804930	0.3785947
R	0.7349981	0.5141995	0.5180106	0.7750798	1.0859366	0.8267179	0.6171380	0.4916986	1.0000000	1.0000000	1.0000000	0.5779525	0.8640241	0.4244116
S	0.8096815	1.6663754	1.0163147	0.7058363	0.8666939	0.8798084	1.2334629	0.7661821	1.0000000	1.0000000	1.0000000	1.0039359	0.8235062	0.3837937
T	0.6510868	0.8536310	0.8584986	0.9936705	0.6341223	1.2317498	1.0964603	0.9934546	1.0000000	1.0000000	1.0000000	1.0618551	0.8581107	0.5427582
V	1.6147793	1.4569989	1.0249572	0.9691903	0.7333142	1.1040585	0.7963342	1.0062991	1.0000000	1.0000000	1.0000000	1.1403647	1.1769869	1.0374669
W	2.6608119	0.5113390	0.6657609	0.5199201	0.5171060	0.6150362	0.4960003	0.6777903	1.0000000	1.0000000	1.0000000	0.5013471	0.5689114	0.6856549
Y	2.6430859	0.6211490	1.5766256	0.6295268	0.9097784	1.4564444	0.6544727	1.9309037	1.0000000	1.0000000	1.0000000	0.9288776	1.0029457	0.8489346
