##############
# C1601 PWM for 9-mers
# Model trained on 395 peptides from deconvoluted human HLA peptidomics data
# Copyright (2016) David Gfeller
##############
395
A	2.3486997	8.1129294	3.0752358	1.3281877	0.8375044	1.7153091	0.7003073	1.3788282	0.5383544
C	0.8889722	1.1954027	0.9710216	0.7638065	0.7646276	0.9066029	0.7485617	0.8967805	0.8388842
D	0.2268877	0.3119331	0.2362904	1.9470280	0.3815270	0.5447621	0.2407578	0.5599278	0.1755908
E	0.2762257	0.2043133	0.2511540	1.5284108	0.3343780	0.4873493	0.6026240	1.4036918	0.1223170
F	2.0038052	0.3629350	2.6527675	0.4280360	1.0225668	1.0576050	0.7327405	0.7528291	4.1212785
G	0.6645561	1.1583646	0.4306960	1.1587942	1.0717807	0.9793379	0.4635750	0.2973895	0.2450505
H	1.1984738	0.1492859	0.2930064	1.1262677	1.7945275	0.8167958	1.6342251	0.5622734	0.5412669
I	0.8875732	0.2284050	0.5248968	0.6183541	1.1440083	1.6722774	1.0751394	1.1421704	0.8276203
K	1.4560540	0.2878812	0.9028461	0.4583822	1.1262389	0.7820433	1.7053514	0.6156805	0.1645448
L	0.6011366	0.3865260	0.2987112	0.7280673	1.2219056	0.6523891	0.9678190	0.8979690	2.5811276
M	0.9363625	0.7489728	1.1399560	0.6225969	0.9682900	0.6153295	1.0699779	1.0865556	3.2491620
N	1.0425216	0.3462525	0.8713937	1.4619830	0.7702538	0.2921645	0.8278157	0.6912641	0.1631491
P	0.1162580	0.1413304	0.2004493	1.5263809	0.4656043	0.7530079	0.5209791	0.2470665	0.1152928
Q	0.5748418	0.5675578	0.5354063	0.7412349	0.6306403	0.8170408	1.2229705	1.3111918	0.1237475
R	0.4434539	0.2156510	0.4638018	0.3847662	3.2943585	1.0499553	2.9960214	0.5106314	0.3166311
S	1.5496498	1.7892893	2.3820752	1.2732226	0.6890254	1.0824828	0.9791403	1.6721795	0.3136170
T	0.9718710	1.0461437	1.8701136	0.9933475	0.7145924	1.2582219	0.6617725	1.9842057	0.5899343
V	1.1978180	0.4249663	0.9158405	0.6644547	1.1688784	1.9027273	1.2050167	1.4939065	1.4323766
W	0.6817762	0.2496194	0.3782585	0.5241447	0.5825060	1.1139902	1.1248680	0.2944433	1.4620350
Y	3.4795702	0.2336117	2.5109882	0.5451587	0.9813390	0.4397499	0.6730389	1.0950133	7.9887976
