##############
# A0101 PWM for 9-mers
#
# Copyright (2021) David Gfeller
##############
1.00000	2524
A	0.8411089	0.5696087	0.6074804	0.6500899	0.6287543	0.7941669	0.7570331	0.6203466	0.1014438
C	1.5341516	0.5367839	0.2719214	0.6815886	0.6814502	0.6890080	0.6853424	0.6847336	0.1118929
D	0.5818432	0.1534424	9.6615182	1.0797334	1.0370189	0.5370699	1.2033394	0.5070305	0.0558857
E	0.9590044	0.1735919	3.9107727	1.4793166	1.2168872	0.4898963	1.4096563	1.1949086	0.0841126
F	1.7951315	0.1520724	0.2513510	0.9041760	0.8988710	1.1933408	0.7341951	1.1811799	0.4741684
G	0.4375728	0.1685869	0.2172001	0.8152087	0.8411680	0.8846273	0.4847616	0.6502566	0.0590185
H	1.1232605	0.1528476	0.3398038	1.0606809	2.0424920	1.3470160	1.2547748	1.6142850	0.3163706
I	0.8998948	0.9343845	0.1483702	0.8042663	0.9334806	0.8624294	0.8163877	0.4715455	0.0789768
K	0.6004101	0.0697460	0.1868977	1.1775638	0.8214668	0.7563859	0.2617453	1.3082233	0.3226227
L	1.2263945	1.4431957	0.1257666	0.9232918	0.9646572	0.9064062	2.3372267	1.7284457	0.3671721
M	0.9106548	1.2804289	0.2594675	0.6083219	0.7043387	0.9459972	1.0474357	0.8244146	0.2829468
N	1.1515706	0.1405748	0.4222657	0.8244146	1.6660606	1.4493989	1.0352596	0.6336338	0.0729770
P	0.3779577	0.0929108	0.1587917	1.8583681	0.5774268	1.1625289	0.6284969	0.2345973	0.0449719
Q	1.2860907	0.2225471	0.4106699	1.2950654	1.5313462	1.5366065	1.8067053	1.5281038	0.1299234
R	0.5908283	0.0783892	0.0967702	1.1397823	1.0220808	0.9036961	0.3596089	1.3552531	0.1014018
S	0.9438367	4.3369348	0.5403653	1.1938661	1.1578145	1.2144076	1.1330729	1.0959521	0.1188748
T	0.9840847	5.6791821	0.3661489	0.9300458	0.9153873	1.8431509	0.8528266	1.0652498	0.0696943
V	1.1881311	1.1724981	0.1385290	0.6906241	1.0055581	1.2014608	0.8532955	0.8033837	0.3485553
W	0.9746277	0.0351256	0.1520599	0.4031023	0.3750232	0.4989302	0.9532999	0.3508987	0.3042758
Y	3.3066736	0.1235698	0.3815939	0.8732769	1.2039092	0.8064470	0.6872848	1.8948166	28.1976880
