##############
# A0201 PWM for 9-mers
#
# Copyright (2021) David Gfeller
##############
1.00000	8372
A	1.5586647	0.4178565	1.3645729	0.6467085	0.7756722	0.4409014	0.9609783	1.0595689	0.8668847
C	0.6804438	0.1674321	0.6368036	0.9122180	0.9164528	0.9207649	0.9180151	0.6131458	0.2800945
D	0.0798401	0.0436846	1.9970389	3.1275808	0.7799728	0.4105499	0.3723622	0.2036174	0.0123560
E	0.1370811	0.0633118	0.3618905	3.5599366	1.2530647	0.8062664	1.2098179	2.0397353	0.0165467
F	1.7586196	0.0724110	1.1287234	0.1807637	0.8674481	0.5927215	0.9088969	0.5914053	0.0530747
G	0.8579296	0.0697594	0.3942613	1.0750821	0.8805641	0.2269766	0.0400471	0.6590549	0.0221341
H	0.9504147	0.0498189	0.9736589	0.9234193	1.7413868	0.4791708	2.6174406	1.2668518	0.0442525
I	1.0180653	1.6439643	1.2788170	0.2215151	1.1936259	2.4113863	1.4052801	0.2217310	1.8598586
K	1.8121017	0.0811134	0.3044229	0.7777916	1.4925856	0.4593543	0.6495849	1.3813160	0.0805138
L	0.7233589	6.7808499	1.8047685	0.1766979	0.9926374	2.0713146	0.8980885	0.5435592	4.3321508
M	0.4537465	2.5138926	1.6966329	0.1705571	0.4763220	0.6114737	0.6001746	0.4032077	0.4725793
N	0.5627838	0.0991800	0.9474742	1.1640507	1.0125627	1.0836247	0.7468796	1.1522283	0.0498779
P	0.0211663	0.0780712	0.4640397	1.6815715	0.3625793	1.0683978	1.8643779	0.1398325	0.0188867
Q	0.8439888	0.7354855	1.4864567	1.1236715	1.3592097	1.0167989	1.4761240	2.4138353	0.0256848
R	1.1184684	0.0777408	0.1868281	0.3916161	0.9153644	0.2988658	0.5979093	1.1415759	0.0553411
S	1.9939267	0.0902856	1.0472910	1.3291829	0.9566599	0.7975596	0.5865917	1.7209150	0.0487759
T	1.3831633	0.4117722	0.8624191	0.8092625	1.0328581	1.0845102	1.1481465	2.2890096	0.0879853
V	1.0609144	1.2060394	0.6810607	0.3014106	1.2129202	2.4804171	1.7970097	0.4525198	5.6254776
W	0.2403851	0.0795256	1.8513193	0.2432500	0.3965048	0.1713563	0.8754243	0.0975920	0.0501703
Y	1.9053843	0.1447980	1.3390699	0.2012112	0.9544654	0.4137661	1.2865871	1.2177084	0.1528856
