##############
# A0202 PWM for 9-mers
#
# Copyright (2018) David Gfeller
##############
1.00000	1275	3
A	0.9696019	0.8155706	1.1789102	1.1831521	0.8854248	0.6534343	1.4410544	0.9357030	1.2349784
C	0.7424045	0.3064698	0.8366203	1.2886914	0.9261374	1.3227623	0.8387601	0.7125154	0.1908449
D	0.5148273	0.0683184	0.9523012	1.5142903	0.9610355	0.6781681	0.8406582	0.8031311	0.0512967
E	0.6385571	0.0600664	0.6874831	0.9405906	0.7555451	0.6041993	0.6860532	0.9548503	0.0551441
F	2.8604835	0.1616172	1.4775484	1.1915760	1.7435256	1.8588587	1.8594286	1.8234739	0.1365696
G	0.7380671	0.0660574	0.5585329	1.1661205	0.5418328	0.5415335	0.4254992	0.8111255	0.0572503
H	0.6580792	0.0580195	0.4492517	0.8589279	0.6537270	0.4444969	0.7036918	0.6291444	0.0770459
I	1.2095849	2.6115383	1.2698219	0.9373979	1.5548911	1.6434208	1.1891528	0.8922100	3.0087889
K	1.1687964	0.0714642	0.5955674	1.0591516	0.9448322	0.5949183	0.6184295	0.6710457	0.0900147
L	1.1305980	4.5006650	1.1656451	0.7433492	1.2758662	1.5251435	1.0518215	1.4702333	3.2003560
M	1.4764235	3.5767882	1.8247680	0.7846220	0.8078938	1.3993040	1.3280117	0.8902122	1.4024427
N	1.0514059	0.3809313	1.4546301	1.1322941	0.9875745	1.3702904	0.9417835	0.7209387	0.0738680
P	0.2325843	0.0588031	0.6953518	0.6288736	0.4982380	0.4557780	0.6402989	0.7374820	0.0458350
Q	0.6574648	0.7775441	0.6922354	0.7560772	0.7284539	1.2522849	0.5825286	1.0229550	0.0644626
R	0.7945874	0.0802970	0.3973572	0.6144567	0.5692124	0.5017825	0.4619644	0.7136189	0.1262620
S	1.1051192	0.2851322	1.3922566	1.3353348	0.8555983	1.0511000	1.1898336	1.2727971	0.3082556
T	0.7992039	1.3333844	0.9254314	1.2190355	1.0136254	1.2301318	1.5528781	1.3489612	1.1400083
V	0.8103032	1.6332467	0.8977180	0.7422515	1.2973609	1.1433516	1.0593127	0.5811436	4.1829785
W	0.9329286	0.0722810	1.9353217	0.7896008	1.2228177	0.6202067	1.6980934	1.6385896	0.0689335
Y	2.4112755	0.0980317	1.9310951	0.9746627	2.2256425	1.3520969	1.8405924	1.8386699	0.1688268
