##############
# A0206 PWM for 9-mers
#
# Copyright (2018) David Gfeller
##############
1.00000	302	1
A	1.5131133	1.0241595	1.0842120	0.6052313	0.8873026	0.8535583	0.5637117	1.0232870	0.7635558
C	0.8039481	0.4733279	0.8517346	1.0236477	1.0589637	1.1432305	1.0597389	0.8320585	0.5876369
D	0.2913952	0.2602767	0.8125657	3.0459909	1.4892445	0.9122717	1.0056100	0.4706041	0.1320071
E	0.5347860	0.2913137	0.3339337	4.7034537	1.8926449	0.5218751	2.2548723	2.1504511	0.1457905
F	0.5019151	0.2934278	0.7456335	0.1651101	0.4638749	1.5658905	0.4566917	0.2867483	0.4119427
G	0.6664918	0.2189094	0.2541393	0.9280511	0.9225692	0.3770913	0.2511385	0.7131767	0.1634088
H	1.4303645	0.2028416	0.7020470	0.6139545	2.3896482	0.5198995	2.6636250	1.0377037	0.1302388
I	0.5434644	1.6303816	2.4257593	0.1676486	0.8404269	1.8040339	0.8177604	0.2127302	1.4999423
K	3.2336733	0.3052627	0.2708690	1.0269939	1.5852399	0.3348363	1.1060613	2.6122532	0.1804038
L	0.3323615	1.5729340	1.4745282	0.3448866	0.4717853	2.0884348	0.4524977	0.2231029	4.2062941
M	0.3120399	0.9055301	2.6093916	0.3414008	0.4142988	1.3777455	0.5148786	0.3785339	0.7994504
N	1.0553987	0.2458763	0.4521920	0.7880416	1.1624741	0.5657648	1.4827362	1.2553042	0.1475399
P	0.1556596	0.3486869	0.6855594	0.7922338	0.3559188	0.3783226	1.1674757	0.1633075	0.1048077
Q	1.5231683	4.3049765	0.6972704	1.1254570	1.1533297	0.6894134	2.1867533	2.5930796	0.1711855
R	2.9235561	0.2875508	1.2287936	1.0009020	1.3264897	0.8910538	0.9599457	2.0930552	0.1846726
S	1.2910479	0.4604506	0.4603510	0.9522403	0.8505554	0.4981649	0.6676251	1.7548103	0.2083855
T	0.9940121	1.5308806	0.7319207	0.7558034	0.6763229	1.0644126	0.8462188	1.2614531	0.3906542
V	0.4845193	3.0223926	1.8744208	0.2462478	0.9355234	1.8957458	0.9987794	0.2710575	3.8474125
W	0.2528945	0.2297676	0.7862687	0.1974504	0.2482026	0.2635794	1.2553291	0.2206692	0.2466393
Y	1.0770417	0.2732507	1.1136982	0.2175516	1.0810213	0.4166830	0.7889028	0.3370856	0.2873538
