##############
# A0207 PWM for 9-mers
#
# Copyright (2018) David Gfeller
##############
0.53507	1251	1
A	1.2643044	0.4387419	0.3642280	0.6554625	0.8191191	0.4690604	0.9617362	1.0118288	0.7442440
C	0.7594249	0.3014616	0.7238305	1.0509097	1.0680805	1.0813078	1.0699824	0.7959765	0.4042250
D	0.0788532	0.0607439	0.2910735	3.3062786	0.6929466	0.2117246	0.4059043	0.3088657	0.0603743
E	0.1423979	0.0522278	0.6850796	3.7670212	1.1047797	0.2245822	0.9899607	1.9809190	0.0514701
F	2.6736281	0.1869362	1.2477727	0.1612148	1.3496193	2.6578306	1.2125042	0.9924929	0.1533394
G	0.6178798	0.1741088	0.2549455	0.9140692	0.4909908	0.3115728	0.1905735	1.1094666	0.0577484
H	0.5085844	0.0749557	0.7360014	0.8933480	1.1263845	0.2596447	2.3670422	1.5665923	0.0694287
I	0.8945910	1.7010314	1.0176958	0.2294409	1.3220575	2.2198279	0.8230172	0.1929274	1.2417465
K	1.5868344	0.0654873	0.1526447	0.4820960	1.2698171	0.1328954	0.6601818	1.5484696	0.0629299
L	1.2493054	6.3230588	0.7696752	0.2597725	1.0196491	2.4736813	0.7939446	0.5100025	3.8846114
M	1.3397954	2.4561604	1.0348968	0.2391715	0.5342266	0.8271381	0.6456659	0.3553343	0.8803230
N	0.9379407	0.0531610	0.7615236	0.7253124	0.7859396	0.2168617	0.6407479	1.0320154	0.0518869
P	0.0572918	0.0597241	6.7063695	2.4868802	1.3525299	1.0706761	2.5671865	0.2692831	0.0367926
Q	0.7244089	0.3906253	0.6779157	0.7927786	0.8690924	0.6588889	0.9210569	2.2548431	0.0599126
R	0.7552198	0.0681663	0.1214071	0.3292546	0.5928584	0.0708393	0.2073622	1.2868044	0.0635650
S	1.5314203	0.1522255	0.4394276	1.0707304	0.5726888	0.4362534	0.8838728	1.4235366	0.0741119
T	0.7554867	0.3239384	0.3094581	0.6425757	0.7860162	0.9803366	1.3668811	1.7863182	0.1364282
V	0.8733746	1.4877169	0.7911298	0.3489367	1.5552984	1.8940958	1.4252732	0.3177620	5.6383854
W	0.4876172	0.0909305	3.1680779	0.7086730	1.2348651	0.6077685	1.9433126	0.1670823	0.0836140
Y	3.4420242	0.1018663	1.1228590	0.3193415	1.3607194	1.3340351	1.0791197	1.4326474	0.0991709
