##############
# A0204 PWM for 9-mers
#
# Copyright (2018) David Gfeller
##############
1.00000	1286	1
A	2.0807064	0.2694269	1.3766967	0.6595572	0.6982079	0.3598142	0.7578820	1.1111479	0.1850731
C	0.7649392	0.2976315	0.7386915	1.0523672	1.0638333	1.0852110	1.0629825	0.7966403	0.3954889
D	0.0828999	0.0597295	0.1345573	3.2627346	0.5808334	0.0965275	0.3990059	0.2429522	0.0422663
E	0.1781174	0.0645799	0.1999727	3.2258498	1.1790482	0.2028371	1.2484733	1.5826541	0.0467617
F	1.5249766	0.1846878	1.2755137	0.4147775	1.5846064	0.5584074	1.9064935	0.9067678	0.3293873
G	1.1091874	0.1219289	0.3494613	0.8823229	0.6254810	0.2410531	0.1150489	0.7251182	0.0494866
H	0.7304147	0.0497116	0.6778502	0.8258379	1.5071281	0.4082956	2.5032813	1.5760309	0.0449466
I	0.9395023	1.2735801	1.1965106	0.2744325	1.2230634	3.9881319	0.8545946	0.2133704	1.1644979
K	0.9710453	0.0655286	0.3314104	0.5170583	1.1132666	0.1976734	0.3459260	1.4095948	0.0710328
L	0.7710528	7.1606497	2.5023808	0.2550320	1.1819847	3.0702105	0.6703015	0.7429293	6.4656522
M	0.3071867	0.9864243	1.3915309	0.1762823	0.3453971	0.4737144	0.3900671	0.3239905	0.7403673
N	0.5700734	0.0525876	1.5755608	1.2551138	0.7194015	0.4455250	0.9779557	1.1338344	0.0475688
P	0.0605377	0.0342761	0.1255441	2.0145220	0.2292542	0.7729125	2.1358372	0.1090571	0.0451448
Q	0.9213772	0.7729600	2.4824608	1.0682238	1.1818973	0.5007632	1.4425538	2.6211187	0.0567588
R	1.0235584	0.0827507	0.3696640	0.4052022	0.9086032	0.2043457	0.5451883	1.8075298	0.0768102
S	2.3267533	0.1475742	1.2877403	1.3543836	0.6009177	0.1441181	0.6864573	1.4674978	0.0622369
T	1.3659625	0.4704445	0.6997758	0.6811647	0.7498141	0.5350303	1.0080568	1.6149476	0.1609463
V	0.8397773	1.1888650	0.6023081	0.3148592	1.1336773	2.1255069	1.1679548	0.3590608	2.9427637
W	0.4569821	0.0893965	2.1960596	0.4856444	5.7275108	0.3609274	3.4994264	0.3032882	0.0883575
Y	2.4893798	0.0996433	1.1527413	0.3855818	1.8371501	0.2413833	1.4887278	1.4453447	0.1016933
