##############
# A0207 PWM for 9-mers
#
# Copyright (2021) David Gfeller
##############
0.49498	1331
A	1.1000225	0.3160572	0.0843671	0.9759011	0.8605626	0.5080278	1.0086064	0.7501593	0.1847168
C	0.7039120	0.2351378	0.6260198	0.9113505	0.9346878	0.9227594	0.9214530	0.6323406	0.3353648
D	0.0828898	0.0439293	15.6354572	2.6768416	0.4066326	0.6053434	0.8900352	0.3524603	0.0406431
E	0.1078736	0.0713528	0.4681511	2.7372030	0.2956445	0.4576605	1.4286155	1.3793108	0.0451763
F	2.8050425	0.1472665	0.1626033	0.3802967	1.4124746	2.4005857	0.9445214	1.0988620	1.7850466
G	0.3974201	0.0841946	0.0842979	0.8997589	0.3694841	0.3229065	0.1393533	0.5108379	0.0621420
H	1.1042913	0.0511583	0.1668594	0.7787830	0.6470632	1.3267019	1.7825123	1.7550511	0.0775537
I	1.5763948	2.4513745	0.0748941	0.4048146	2.9093032	1.8245736	1.0053093	0.3261651	1.6058188
K	0.9180960	0.0599463	0.0966762	0.8328621	0.4022462	0.6965808	0.9074009	1.6614724	0.0663209
L	1.4705389	5.2115901	0.0420097	0.3818549	1.6267605	1.2426013	0.9967561	1.0492911	5.8498347
M	1.0913701	2.6835760	0.0544361	0.3664200	0.8817926	0.9154042	0.8178772	1.0120402	2.0630933
N	1.0903897	0.0502465	0.2126819	1.4490288	0.5671222	0.9180994	1.1471058	1.3181317	0.0467751
P	0.0479822	0.0396389	0.7654576	1.0539338	0.7647826	0.8316941	0.5444492	0.0949671	0.0372431
Q	0.9052814	0.3546704	0.1014090	1.1083582	0.7381277	0.9709637	1.6371956	1.8839583	0.0554105
R	0.6579547	0.0706986	0.0716128	0.6078487	0.2271102	0.6282511	0.5556152	1.0780444	0.0558495
S	1.0606928	0.1660420	0.2920893	1.1697823	0.6486908	0.4679427	0.7888763	0.9860007	0.0563443
T	0.8086693	0.3529834	0.0899165	0.9323937	0.7582942	1.2151253	1.1959653	1.6468923	0.1552900
V	1.4032728	2.9873373	0.0816597	0.4348386	3.0777868	1.5162291	1.7259801	0.8275665	2.5943840
W	0.7625764	0.0692227	0.0401455	1.3334288	0.2913059	1.1997253	0.7378991	0.4144012	0.0788309
Y	2.4557448	0.0955061	0.0533175	0.5363763	0.3794014	2.4632861	1.3053525	1.8189500	0.1646825
