##############
# A0205 PWM for 9-mers
#
# Copyright (2018) David Gfeller
##############
1.00000	388	1
A	1.3287903	1.0186174	0.9526927	0.6692449	0.9577924	0.6308666	0.9018860	1.1154303	2.4249256
C	0.8106356	0.4571939	0.8219418	1.0298300	1.0588283	1.1705069	1.0564811	0.8262873	0.5648773
D	0.2768176	0.1597430	0.1573280	3.4997289	1.7812652	0.2379648	1.3901271	0.4206893	0.1271175
E	0.4497420	0.1881464	0.1768761	3.5727414	1.9681589	0.1239541	2.8740860	1.9054169	0.1415423
F	0.9491604	0.2766355	0.7703143	0.1333554	0.3213120	0.4794760	0.3171612	0.1594631	0.3210936
G	0.9496927	0.1786709	0.2718788	1.4068957	0.8394451	0.1390681	0.2973876	0.6542370	0.1887322
H	1.7040501	0.1427621	0.1456588	0.4392651	1.9083076	0.1175392	3.1238163	0.9240353	0.1226905
I	0.7422875	1.5640323	4.6562579	0.1357749	0.6811405	4.9789347	0.4994980	0.1635433	1.5160224
K	2.1866335	0.2126796	2.3012019	1.6704089	2.0658843	0.1551807	0.6826540	3.0735147	0.1716538
L	0.5170758	1.8059675	0.4702624	0.1822862	0.4405764	2.3534376	0.3361827	0.2742409	3.4652513
M	0.8469022	1.5851586	1.6045151	0.2001123	0.4187440	1.9949458	0.2619833	0.2461047	0.7034379
N	1.0039386	0.1899791	0.2618894	0.9360904	1.4772381	0.1348640	1.4302422	1.2184821	0.1394545
P	0.1280206	0.1089529	0.9323460	0.8527062	0.1973332	0.0897082	0.6423729	0.2077881	0.1025703
Q	1.3732386	1.8578855	0.2956398	1.2043735	1.2672640	0.1917197	2.6844142	1.9813538	0.1592008
R	1.5495188	0.2026469	0.2831613	0.9626408	1.2048070	0.1487991	0.7207636	2.4751778	0.1656028
S	1.6939269	0.3907595	0.2171325	0.8666913	0.9216871	0.2424596	0.7718501	1.3542200	0.2617517
T	1.5381621	2.5049761	0.2658760	0.7039261	1.0268858	0.5444974	1.1985528	1.5742066	0.3082865
V	0.6616538	3.8172705	2.3212316	0.2266364	0.5796863	2.4091813	0.8396395	0.3090628	3.3159178
W	0.2328288	0.1999606	0.2018587	0.1639477	0.1967565	0.4201609	0.4002868	0.1924784	0.2065375
Y	1.2498317	0.2344501	0.5076157	0.1780304	0.6872656	0.3806425	0.5838024	0.5413149	0.3060448
