##############
# A0203 PWM for 9-mers
#
# Copyright (2018) David Gfeller
##############
1.00000	1207	1
A	2.0266669	0.1475087	2.4076383	0.8016355	0.7826817	0.2532329	1.1814056	1.1428509	1.1454745
C	0.7670371	0.3023008	0.7362737	1.0533538	1.0622672	1.0886812	1.0741410	0.8023239	0.4095719
D	0.0866754	0.0614933	0.0922485	2.9729308	0.7214114	0.0716299	0.2975480	0.3479929	0.0497989
E	0.1260096	0.0669671	0.1152384	3.0801582	0.8781866	0.1420216	1.0897965	1.9270532	0.0665568
F	2.0601019	0.2001405	1.3426795	0.3356094	1.1174285	0.5720181	0.3469095	0.6792438	0.1338332
G	1.0296918	0.0530810	0.3607158	1.1303836	0.8635037	0.2792204	0.3471942	1.0893301	0.0761920
H	0.8492926	0.0531812	0.9013757	0.5466827	2.8567067	0.2047725	1.1888746	0.8816657	0.0459174
I	0.8677365	1.0600470	1.5675088	0.2369372	1.3102400	3.3118544	0.7462063	0.2572610	1.7829303
K	1.1601460	0.0683432	3.1864539	0.8304467	1.6612733	0.1587501	1.0218117	1.4143178	0.0786564
L	0.7409123	7.4216017	0.2038487	0.2613841	0.9029963	2.7775145	1.3987014	0.4903967	2.9476787
M	0.6090813	2.8066861	0.9168066	0.1546323	0.5117010	0.6515604	0.7728365	0.4634595	0.3222101
N	0.6878358	0.0534660	1.2195454	1.1570026	0.9796242	0.1990296	0.8392427	0.9820076	0.0549610
P	0.0633826	0.0478863	0.2777884	2.0383061	0.3082373	1.2045710	0.7453946	0.1175074	0.0393786
Q	0.5076021	0.6870385	0.5260233	1.1114055	1.1881224	0.3432984	1.5003307	2.2723494	0.0621374
R	0.9082035	0.0729130	1.5983010	0.4032671	1.6162686	0.1997645	1.4202935	1.2696363	0.0650858
S	2.4340037	0.1033048	1.2219037	1.2775606	0.7035179	0.2616831	1.3551218	1.6826390	0.1062385
T	1.1039961	0.2614371	0.5669641	0.7748747	0.6332074	0.6364344	1.7157886	2.3145469	0.1444398
V	0.8581554	0.8782146	0.6208443	0.2947569	0.7624627	2.9761898	1.1696377	0.4779111	6.0626048
W	0.3394530	0.0965416	0.1740632	0.3661845	1.2768052	0.0875546	0.3044925	0.3131555	0.0836042
Y	2.4458575	0.1068669	1.4611785	0.3055354	1.0656237	0.4015090	0.3477706	0.8983149	0.1002988
