##############
# A0219 PWM for 9-mers
#
# Copyright (2018) David Gfeller
##############
1.00000	114	3
A	0.9636064	0.5458675	1.4110965	1.0702214	1.0347178	0.5984644	1.1609935	0.6899136	1.0381930
C	1.0591680	0.4324843	0.3643629	0.2949127	1.0653460	1.3282030	0.8323067	1.5340358	0.7076740
D	0.6989105	0.2308564	0.6542144	2.2102658	0.8178682	0.8407966	0.5698023	0.7565429	0.2489205
E	0.6943051	0.3338205	0.5157127	2.0395046	0.8155727	0.4767567	0.7503375	1.4128362	0.2702443
F	2.0220644	0.9897066	1.3175110	0.6143880	1.1256970	0.9096490	1.6130581	1.6253453	1.2316368
G	1.1801454	0.3106411	1.1748044	1.2006532	1.5118991	0.8011005	0.4237128	1.0845418	0.2742674
H	0.6720925	0.2705131	0.8266484	0.4559117	1.5257559	1.8141380	1.7031567	2.4542597	0.2486150
I	0.8741187	1.5327082	0.9790099	0.6733974	0.6922282	1.7416093	1.4514561	0.4915643	1.8200071
K	0.9638854	0.3184997	0.4887158	0.8572353	0.6911751	0.5671576	0.6357257	0.7147904	0.3897361
L	0.6617119	4.1705463	1.0077473	0.6009879	0.6971588	1.6323545	0.7380433	0.7650143	2.2998054
M	0.6811962	4.2310653	2.3998739	0.6022053	1.0127172	1.0307298	1.2230842	0.6730280	1.7275070
N	1.2052390	0.2616947	1.0482702	1.0939163	1.1256488	0.7477408	0.8319815	0.6231363	0.2875382
P	0.3549548	0.1950531	0.7983722	1.6148293	0.4719330	0.8981553	1.6915748	0.9287613	0.3302019
Q	0.5528609	0.5428932	0.6226644	1.4350076	1.4315685	1.2647397	0.6345557	1.0509283	0.3115799
R	0.8583697	0.3137390	0.5399870	0.8130934	0.5985266	0.5576680	0.4648449	0.6982640	0.2988935
S	1.2362217	0.3260398	0.6156213	0.8425063	0.9450967	0.9770118	0.6563000	1.2572456	0.5256574
T	0.9068862	0.9464995	1.1269174	0.6473485	1.0652113	0.6569848	1.1262017	1.3137452	1.3475576
V	0.8310632	1.5506861	0.9181816	0.4918711	1.1304582	1.3904742	1.0047370	0.7732402	3.5663025
W	2.9205307	0.3693876	2.4212310	0.7848686	3.2776633	1.7849314	3.3363318	0.4192307	0.3409450
Y	3.2351496	0.5018080	3.1697944	0.8813114	1.5411488	0.8615005	2.4318403	1.9034203	0.5113028
