##############
# A0211 PWM for 9-mers
#
# Copyright (2021) David Gfeller
##############
1.00000	1405
A	1.3346442	0.5648918	1.6101265	0.5750187	0.6094026	0.4672040	0.9980060	1.1091141	0.8391139
C	0.7001189	0.2294288	0.6670711	0.9091437	0.9316398	0.9325275	0.9282151	0.6336758	0.3398527
D	0.0727330	0.0699091	1.2462939	3.1419727	0.3485835	0.2141498	0.7072894	0.1515272	0.0418799
E	0.1271763	0.0640057	0.1378880	3.5417583	0.4999347	0.5095588	1.9916866	1.4645488	0.0569267
F	2.2758453	0.1713682	3.0134953	0.3562498	0.7707303	0.5655317	1.1252810	0.6772161	0.1284806
G	0.3112955	0.0935637	0.3511053	0.7626206	0.6134753	0.3627209	0.1353493	0.8692132	0.0558633
H	0.6740252	0.0789699	0.9297225	1.1536624	1.3796503	1.1579721	4.0941934	2.5885635	0.0449157
I	0.8994878	1.4377312	0.6992674	0.2622518	2.8447053	2.3666332	0.5776514	0.1664656	2.1930199
K	2.7361424	0.0737893	0.1274135	0.9439363	1.2769039	0.9938049	0.6381840	1.7071750	0.0660304
L	0.8617688	5.7224460	1.3033608	0.3248619	1.4004390	1.6020425	0.3441778	0.3448182	3.6273997
M	0.8368922	4.1697411	2.2476738	0.1850486	0.6975640	0.6994862	0.4754246	0.3607785	0.8975611
N	0.6225377	0.0532198	0.8357947	1.0037266	0.7883937	0.6238469	0.9948616	1.7210594	0.0619085
P	0.0511300	0.0653150	1.1642251	2.1078372	1.1668756	1.8150080	1.4619086	0.2098446	0.0523133
Q	0.6544903	0.9059964	0.8259912	0.9679771	0.7046362	0.9156995	1.5070488	1.8640244	0.0546518
R	1.4837341	0.0615760	0.1502522	0.4890943	0.7586654	0.7324389	0.5250658	1.3208712	0.0525885
S	1.4555994	0.1651923	0.5188593	0.8302040	0.3969256	0.4579582	0.6851942	1.5418014	0.0734230
T	0.7033609	0.8334221	0.4202887	0.6824145	0.5530613	1.1450496	1.2362175	1.7418373	0.1611475
V	0.9930447	1.5644794	0.3665720	0.3594497	1.9876105	2.3183312	1.2911550	0.3927690	5.9537683
W	0.2475151	0.0680447	7.6467088	0.4758779	1.1265324	0.1676657	1.6219975	0.0703901	0.0619345
Y	2.8751308	0.1138352	2.7474480	0.3792761	0.5757190	0.5038341	1.5146945	1.5837837	0.0888623
