##############
# A0220 PWM for 9-mers
#
# Copyright (2018) David Gfeller
##############
1.00000	654	1
A	0.6616465	0.2633794	1.1676489	0.7672729	0.7822985	0.6289605	0.9284993	1.1671539	1.0422623
C	0.7489008	0.3714522	0.7635759	1.0463897	1.0647523	1.1026289	1.0690042	0.8187885	0.4773884
D	0.1684831	0.0874793	1.1668330	2.3151515	1.0865327	0.4324381	0.4900901	0.3322521	0.0802487
E	0.2894196	0.0961940	0.2129793	3.4245292	1.3617631	0.7010595	1.4593614	2.2500608	0.0884904
F	0.1043174	0.2769847	1.5169142	0.0980675	0.6371774	0.4115067	0.7493623	0.4306425	0.2282638
G	0.4779031	0.0963008	0.6305074	1.0127131	0.8527101	0.2989933	0.1889496	0.7665430	0.1030450
H	1.0247544	0.1752968	1.1013550	1.2004175	1.5769816	0.5029421	3.9884234	1.4292724	0.0759377
I	0.4480471	1.7298685	1.0853405	0.1733016	0.7362700	2.0107940	0.8952429	0.2364348	1.3277452
K	8.7255663	0.1179364	0.3916528	1.4216100	2.1703263	0.4892812	0.6667939	1.6214689	0.1080420
L	0.2520282	5.0241991	1.9349671	0.1062738	0.5121439	1.5881697	0.6434354	0.3705305	3.5200393
M	0.5495503	2.1844150	2.9789196	0.2519222	0.5143569	0.8114833	0.6305720	0.2872589	0.6017942
N	0.2118220	0.1611122	0.9789879	1.1924562	1.0741719	1.1060877	1.0256111	1.0649463	0.0894115
P	0.1840528	0.0631067	0.4005487	1.3506010	0.4763416	1.2728820	1.7297631	0.1589108	0.0640327
Q	0.4629073	0.6495382	1.7175647	1.7665139	1.7642336	1.0508929	1.5551505	2.2054247	0.1021695
R	2.5638458	0.1203339	0.4528568	0.8079823	1.2073960	0.3439735	0.4744561	1.3456088	0.1076687
S	0.6139157	0.2969869	0.6014736	1.1940079	0.9750335	0.8006873	0.6598230	1.6651374	0.1519896
T	0.4552888	1.2689328	0.5622398	0.7556482	1.0996188	0.9265639	1.1146851	2.2493676	0.2123470
V	0.4582812	2.1749092	0.5392571	0.2930540	1.0046121	2.6294672	1.1463617	0.3074756	5.4295292
W	0.1255527	0.1509547	2.6577774	0.2450508	0.1435465	0.1324132	0.7994766	0.1509605	0.1402759
Y	0.1916420	0.1721947	1.9710538	0.1805372	0.8071123	0.2893982	1.3102960	1.1912866	0.1671068
