##############
# A0302 PWM for 9-mers
#
# Copyright (2021) David Gfeller
##############
1.00000	625
A	2.5427780	0.6644116	1.5471315	1.0324079	0.9906265	1.8476287	1.5855569	1.1997416	0.1815128
C	0.6224413	0.4272460	0.6622961	0.8250433	0.8367595	0.8571174	0.8493127	0.9628872	0.1187779
D	0.1532715	0.1165561	1.3659776	1.2501616	0.5879658	0.2309026	0.3448708	0.2644316	0.1854772
E	0.1976426	0.1639479	0.4751270	1.7077958	0.9015779	0.2223534	0.4697557	1.1346021	0.2739915
F	0.2355706	0.2047267	1.1717104	0.2246120	0.7667503	1.1814931	1.0190314	0.2425681	0.1037935
G	1.3293001	0.1934627	1.5481115	1.3144054	0.7378654	0.5450561	0.1961501	0.9856104	0.1447105
H	0.6560968	0.1571792	0.6463430	0.5619448	0.5459058	0.6313859	0.9945132	0.8170729	0.7483033
I	1.0472122	1.7314723	0.2963416	0.5550465	1.0457872	1.7020433	1.8383463	0.4147682	0.1143614
K	1.6262603	0.1598345	0.2578364	1.0419993	0.8704128	0.2581680	0.7403025	0.8135682	12.6548435
L	0.2577379	1.6878820	0.4195325	0.4425156	0.6547436	0.9622660	0.5266752	0.8636286	0.1135041
M	0.6323100	1.3828870	1.9063092	0.3863891	0.4779779	1.2068188	1.0341464	0.8931742	0.2143403
N	0.2257119	0.2059152	2.7625351	1.0874294	0.9284141	0.6029846	0.9170327	1.7958990	0.2316798
P	0.1126488	0.0941061	0.2139954	2.0056181	2.7213627	1.7575371	1.0884212	1.3902690	0.1266919
Q	1.1594454	0.5655819	2.4850058	1.2516382	1.2210639	0.9645128	1.1151436	2.3945387	0.3307398
R	1.5960105	0.1246144	0.1670368	0.2716110	0.1812173	0.1798425	0.5353768	0.3478732	1.0106269
S	2.2652172	1.0825941	2.1421348	1.7327561	1.1391241	0.9213124	0.9819553	1.4010711	0.2000510
T	1.0144191	3.4578915	0.7319105	1.6370712	1.3188581	1.4920542	1.5170858	1.9549300	0.1808355
V	1.5680086	4.5037436	0.3485345	0.6946826	2.0465749	2.3346551	2.4586942	0.8856985	0.1211423
W	0.1096206	0.1162057	0.1351409	0.2156287	0.1140901	0.1259835	0.1303087	0.1127723	0.1103201
Y	0.1528982	0.1642699	1.3497155	0.3638066	0.6534948	0.7195501	1.0749390	0.5093930	0.5992341
