##############
# A0301 PWM for 9-mers
#
# Copyright (2021) David Gfeller
##############
0.27221	2041
A	1.9713256	0.3990900	1.6111446	0.8556319	0.3606061	0.9564578	0.2897255	1.0313690	0.1051323
C	0.5536008	0.3320407	0.6295769	0.8018686	0.8037223	0.8181106	0.8142911	0.9474749	0.0673234
D	0.1442861	0.1198174	0.4402075	2.4619914	0.2144486	0.0547778	0.0296988	0.1813558	0.0536820
E	0.1611333	0.0690887	0.1587189	2.2093660	0.7779648	0.1930629	0.0408896	1.0154992	0.1031923
F	0.1487482	0.0956886	2.0913031	0.3737942	1.4395702	1.7392061	1.5177679	1.0694542	0.2190491
G	1.0106638	0.0466607	0.1657352	1.3145781	0.4168101	0.3237748	0.0305366	0.5560742	0.0436494
H	0.6819863	0.0601722	1.1704326	0.9890746	3.4214889	0.4621996	0.1589929	1.4832190	7.5636273
I	0.6352004	1.4293699	0.6342843	0.1862729	1.0304000	2.5078008	2.4738442	0.5408926	0.1532324
K	3.3906687	0.1432193	0.2252856	0.6791240	2.4576223	0.4235885	0.0997600	1.3637341	4.4877821
L	0.3921634	3.6803312	1.4319958	0.2599247	0.6980530	1.2022827	6.0941661	1.1977299	0.2118317
M	0.4346455	2.0262217	1.4987307	0.2275799	0.8020113	0.9571211	1.7991557	0.7072471	0.0658999
N	0.2325608	0.1682511	2.3904294	1.4582210	0.8056072	0.3579790	0.0550509	0.8120471	0.1191327
P	0.0497258	0.0420645	0.7726446	1.7286134	0.0716554	2.0282271	0.1595195	0.1444138	0.0899554
Q	1.0336957	1.2621930	0.3185020	1.4871176	1.7331971	2.0187688	0.4452681	1.9427964	0.1849597
R	3.3704914	0.1745046	0.3899646	0.5447172	1.9663325	0.2929472	0.0897952	1.1833525	3.1888731
S	1.3992647	0.9697115	1.5556546	1.9987853	0.7959423	0.3943743	0.1237924	1.7779077	0.0668245
T	0.7648890	3.1095501	0.5689286	0.6648199	0.8726969	1.6099042	0.1799150	1.0211193	0.0564751
V	0.9267979	2.4013418	0.3507369	0.2641109	1.0748835	2.0290028	0.7382585	0.6989298	0.3471070
W	0.0791741	0.0836376	1.9699405	0.5226514	0.6489142	0.2733908	0.0558853	0.3898620	0.1602384
Y	0.2733708	0.2021140	4.3672989	0.3162149	1.1280641	0.6310554	0.7212849	2.1268418	8.2370864
