##############
# A0301 PWM for 9-mers
#
# Copyright (2018) David Gfeller
##############
0.71791	4072	1
A	1.8736969	0.4593223	1.4442664	0.8892689	0.9850350	1.0601235	1.0346490	0.8409393	0.0703149
C	0.6184032	0.2927167	0.9694427	0.8539282	0.8554375	0.8593876	0.8592728	0.9474176	0.0838772
D	0.0627290	0.0580813	0.8586029	1.0370478	0.5061912	0.1891972	0.1597545	0.2204016	0.0405559
E	0.1445599	0.0922500	0.3702393	1.4891379	0.7945741	0.2295404	0.3048385	1.2794845	0.0634074
F	0.2483466	0.1350670	2.2466539	0.6108877	0.5798359	1.6267532	0.9197821	0.7212540	0.0306038
G	0.9395750	0.1774058	0.9127131	1.1914324	1.2137556	1.1430333	0.6232609	1.0404798	0.0548353
H	1.2018129	0.1242613	0.9526871	0.6286422	0.8819186	0.7280811	0.6491945	0.5007442	0.0664422
I	0.7513319	2.1763468	0.4243236	0.4104060	0.6297342	1.1133832	1.4472637	0.2877652	0.0371423
K	3.4641181	0.1317017	1.2035261	1.7723333	1.3284049	0.6425127	1.1525134	1.3060578	14.3419085
L	0.3227938	3.1506657	0.9180783	0.5674565	0.4674382	1.5398713	1.0842013	1.2194758	0.0703901
M	0.3581032	1.3129500	0.7280570	0.3749551	0.2218697	1.1773650	1.0729838	0.9218042	0.1158870
N	0.1877249	0.0646849	1.2842797	0.9291407	1.0565623	0.6429077	0.7932448	1.6220273	0.0666412
P	0.0610969	0.0617534	0.2647686	1.7269601	2.8440323	1.0439744	0.5657275	1.0507158	0.0482039
Q	0.7356374	0.8130764	0.6015144	1.3682501	0.6450466	0.9096175	0.7945743	2.3801314	0.0807930
R	3.8829721	0.2134318	0.8940202	0.7932027	0.5851885	0.5021978	1.8067891	0.7036520	1.7733645
S	1.8255211	0.9966353	1.3216519	1.5371960	1.4578977	1.3921205	1.6494655	1.3346885	0.0809872
T	0.6290256	2.5393349	0.5911241	1.1367051	1.2725171	1.3078259	1.7612290	1.4143317	0.0390036
V	0.7869753	2.7692404	0.3133414	0.6152380	1.0189991	1.4001765	1.3291688	0.6294231	0.0496396
W	0.0966732	0.0753170	1.9373856	0.6736959	1.6658336	0.6785295	0.4215780	0.1908303	0.0260558
Y	0.3032571	0.0813170	4.6128462	0.7387828	0.8271980	0.7785739	0.3056374	0.9054940	0.6174731
