##############
# A1101 PWM for 9-mers
#
# Copyright (2021) David Gfeller
##############
1.00000	3396
A	2.9222962	0.9567048	1.3991764	0.8026635	0.7788581	0.9799187	0.6550955	0.9706266	0.0593458
C	0.5787752	0.2798295	0.8194181	0.7296309	0.7350965	0.7382575	0.7360715	0.6759647	0.0550081
D	0.1116420	0.0904417	0.6886686	1.8992721	0.6607899	0.2795048	0.2091633	0.2163499	0.0509365
E	0.2822500	0.0924708	0.2977018	1.6931088	0.8189026	0.2750497	0.4504768	1.2692843	0.0635312
F	0.2008799	0.1221960	2.1195608	0.5053591	1.2613568	1.8084430	2.1945451	0.6086737	0.0818199
G	1.5526332	0.2638808	0.7897607	1.1403358	0.7238856	0.6464242	0.3285863	0.6989280	0.0558267
H	0.5842317	0.0596922	0.5805607	0.6807255	1.0184805	0.7824304	1.1814715	0.8441526	0.8975327
I	0.4689175	1.5871113	1.3916379	0.4574234	1.1075531	1.9003546	2.0764356	0.3214788	0.0960386
K	1.2204953	0.0503292	0.1434805	0.9262325	1.0255333	0.5059029	0.5772632	1.2368185	12.1199243
L	0.2972771	0.6618413	1.2951989	0.5605594	0.7006752	1.2916032	1.5840330	1.2229033	0.1604582
M	0.2675215	0.2021684	1.8757371	0.2875404	0.3908202	0.7554927	0.7107346	0.4984450	0.1102489
N	0.2286634	0.1255218	1.1422174	1.0756621	0.8964010	0.5418843	0.6612772	1.5241774	0.0514614
P	0.0869538	0.0960380	0.3036336	2.2120663	2.6318070	1.3833361	1.1930032	1.6521003	0.0662652
Q	0.7303882	0.8778148	1.6593386	1.2416630	0.7555838	1.1553586	0.7340042	2.1033281	0.1160761
R	1.4616178	0.0931555	0.0842214	0.5491319	0.4560474	0.3549197	0.5170742	0.7909373	2.5460881
S	3.3337396	2.2602115	1.6051486	1.4280040	1.1806114	1.1393898	0.5942995	1.1643010	0.0574073
T	1.1787882	5.0536804	0.8051209	1.2354516	1.0275145	1.4209020	1.2885489	1.3809307	0.0837170
V	1.0591387	3.9381607	0.9034665	0.5021444	1.4904460	1.7685114	2.0080979	0.7384413	0.2301821
W	0.0486212	0.0491182	0.2902337	0.5274000	1.2655876	0.5348933	0.8555601	0.2122893	0.0730801
Y	0.2627407	0.1606853	2.2039428	0.7650077	1.1947825	0.8842785	1.0956350	1.0870392	0.8706600
