##############
# A2301 PWM for 9-mers
#
# Copyright (2021) David Gfeller
##############
1.00000	1822
A	1.0509412	0.1415831	0.5387377	0.6474089	0.5771029	0.7449869	0.6640853	0.4888456	0.0600600
C	0.9846945	0.1975235	1.1328584	1.0037915	1.0177668	1.0154843	1.0101397	0.5194585	0.0561311
D	0.2760088	0.0548334	0.3860337	2.6759180	0.8281708	0.2355142	0.4214689	0.3145971	0.0309459
E	0.8425677	0.0529619	0.3815914	1.6232646	0.8323648	0.2633990	1.2051234	1.4128696	0.0322572
F	0.3540436	3.4651901	0.7169989	0.3081622	0.9657745	2.4298055	1.5170600	0.6890949	9.5088931
G	0.2221310	0.0871663	0.4205402	0.8772916	0.6808212	0.5316645	0.1905354	0.3249599	0.0329119
H	1.0404209	0.2971481	0.6414398	1.5250193	1.6835783	2.2769610	3.3332074	2.4023995	0.0499906
I	1.3654756	0.2285000	2.5698345	0.3116530	1.4036287	1.4290256	0.5474780	0.3761227	2.5531211
K	1.7712357	0.0496733	0.4954050	1.2860945	1.5772351	0.7386891	0.4628188	1.8173366	0.0872844
L	0.5936741	0.3902230	2.2096431	0.3647594	0.6569278	1.1154247	0.8689711	1.0864146	3.5556556
M	0.3866207	0.5341805	1.2265299	0.2745848	0.4698806	0.9592379	0.5054137	0.7071738	0.5960762
N	1.0081547	0.0490143	1.0085634	1.2020153	1.0063815	0.7379092	1.5013530	0.9426545	0.0480455
P	0.6506362	0.0589964	1.6293142	2.6236668	0.6965932	1.2455466	1.7242737	0.0723324	0.0242741
Q	0.8325394	0.3394939	1.0995910	0.9700480	1.1617591	1.0795624	1.8004977	1.7502330	0.0484878
R	1.8014355	0.1140830	0.1295363	0.5758500	0.9556569	0.5646706	0.6082001	1.7122598	0.0387566
S	1.1869154	0.0800067	0.7696814	1.1189573	0.7586442	0.7130802	0.7499910	1.0500321	0.0473302
T	1.1792759	0.1308595	0.9842025	1.0590260	0.9903043	1.3613232	1.2860077	2.1362901	0.0871976
V	2.0643556	0.1450813	1.3969363	0.3697321	1.9584040	1.5274376	0.9058326	0.8968042	0.2848897
W	0.0524310	1.8668323	0.2579986	0.6617527	1.2994147	1.2176334	1.1368546	0.1814974	3.4142354
Y	1.3546591	23.3104377	0.7694718	0.6398518	1.1049646	1.2205110	2.2698676	1.2363351	0.4857309
