##############
# A2407 PWM for 9-mers
#
# Copyright (2021) David Gfeller
##############
0.15320	146
A	0.5579472	0.5971004	0.7827738	0.8251999	0.6875378	0.6118107	0.6905208	0.7735537	0.3003559
C	0.8217585	0.4381831	0.5430848	0.7732548	0.7660704	0.7905970	0.7810912	0.7496007	0.3707729
D	0.5490073	0.2103663	0.3260959	1.4333915	0.6189110	0.3102642	0.3107476	0.4789780	0.1763472
E	0.4843881	0.3061350	0.3284451	1.6844299	0.6434812	0.3272893	0.4552302	1.2717561	0.1868822
F	0.7233928	2.8676293	0.5618070	0.8655805	2.0103274	4.2778896	2.5844086	1.3406453	7.6570903
G	0.2722641	0.2903862	0.5802916	1.3403300	1.0409637	0.7521769	0.2782984	0.3834016	0.1937137
H	0.5129583	0.5854133	0.2793653	0.8770129	1.6425063	2.1094747	2.2663909	2.2551697	0.2998084
I	1.9472864	0.8026465	0.6748380	0.6480339	0.8893757	0.5566042	0.6044456	0.6499503	1.3735465
K	1.3899516	0.2808389	0.3751801	0.8299308	1.7863744	0.4162732	0.7833128	1.0219255	0.2120115
L	1.2388416	2.1607992	0.3659857	0.6685628	0.6060642	1.2633333	1.7792371	1.4705738	3.1254338
M	1.0781405	1.9941186	0.3530254	0.4281476	0.4636829	0.7133469	0.6049819	0.7292705	1.0066714
N	0.6467760	0.2682386	0.3295714	1.2330529	1.1698779	0.7535307	0.8937028	0.5516591	0.2095506
P	0.4014842	0.1726289	9.7770686	1.2526642	1.5950152	1.3022866	2.6590294	0.3320995	0.1366009
Q	0.8603811	0.2953713	0.3113123	0.9370088	0.5376836	0.9775943	0.7202626	0.9353834	0.2024687
R	1.1329552	0.2779358	0.2744839	0.6160319	1.1767882	0.4724504	0.4229432	1.1533917	0.2259195
S	0.9787608	0.4576272	0.9093205	1.4024456	0.8695672	0.8451855	0.5828134	1.5883149	0.2260325
T	0.9648806	0.4959323	0.4475358	1.0244803	0.9871473	1.6571451	0.6074168	1.4523738	0.3245111
V	2.5568814	0.6862168	1.1612168	0.7313957	0.9821630	0.7508966	0.9728806	1.2008153	0.6805518
W	0.3355765	3.0998147	0.1714334	1.8235026	0.3381248	1.2180018	0.4168583	0.3224329	4.0401087
Y	1.6250019	8.8545622	0.3125602	0.8208436	1.2027926	1.7296623	2.3730104	0.7841268	1.2357377
