##############
# A2402 PWM for 9-mers
#
# Copyright (2021) David Gfeller
##############
1.00000	5443
A	0.7736265	0.1122897	0.9171133	0.6298807	0.6817470	0.7453368	0.8970277	0.5140157	0.0312976
C	0.6862313	0.2017571	0.3571853	0.6925395	0.6948919	0.6964165	0.6932621	0.6130152	0.0951705
D	0.3824208	0.0906989	0.4061665	1.7590458	0.8668276	0.2699903	0.7628690	0.3292463	0.0180318
E	0.8809241	0.0545056	0.5215347	1.5545179	0.7270888	0.3070387	1.3972704	1.1062313	0.0410146
F	0.8021057	2.7015477	0.7505961	0.5461438	1.0436166	2.5035907	1.2909640	0.9394722	8.6790779
G	0.1763501	0.0915704	0.7243075	0.7632035	0.6574607	0.4862996	0.2005698	0.3758864	0.0144207
H	0.8092393	0.2951175	0.7071303	1.2951992	1.9882374	1.8126345	2.8808410	2.0012302	0.0653624
I	1.5630015	0.1008523	1.6124560	0.6229787	1.4344427	1.4957996	0.5398526	0.4495542	2.7125263
K	1.6730458	0.0889350	0.8355036	1.4770435	1.5986070	0.6139105	0.6041060	1.7535240	0.0284029
L	0.9290052	0.2599615	1.5187944	0.6342819	0.8201673	1.3697625	0.7235779	1.4257397	3.6315458
M	0.6324066	0.2718442	1.3332394	0.3928712	0.5186126	0.8739402	0.6197020	0.5583416	0.9225267
N	0.9533231	0.0843596	1.2596387	1.1790873	1.1196609	0.6700229	1.8881931	1.1235554	0.0462820
P	0.5797785	0.0558829	1.7137087	2.0212359	0.5938972	1.4972972	1.2486323	0.1219973	0.0193031
Q	0.8958075	0.2875363	1.4692967	1.2546439	1.2212865	1.0151356	2.0393126	1.6027732	0.0409385
R	1.2225303	0.1289976	0.2610322	0.8620146	0.9977252	0.4248739	0.5349274	1.1998124	0.0271172
S	1.0162126	0.0791471	1.1828066	1.1476700	0.8404496	1.0515072	1.0175907	1.2452536	0.0311074
T	1.2032391	0.1178569	1.4590331	1.0342607	0.9444873	1.3070639	0.9637302	1.8800078	0.0721528
V	1.9742849	0.0559807	0.9989837	0.5755922	1.4972065	1.3644816	0.8444357	0.9220547	0.2612600
W	0.1213333	1.8263135	0.3368450	0.6053528	1.1838611	1.2286625	1.1125615	0.2941562	4.5261715
Y	1.9571046	25.4128294	0.4676547	0.6413946	1.0969516	0.8564491	1.9489982	1.3396816	0.7209305
