##############
# A2406 PWM for 9-mers
#
# Copyright (2018) David Gfeller
##############
1.00000	112	2
A	0.7776657	0.4255246	1.2737186	0.9118692	0.7128248	0.9800996	1.0496122	0.7388281	0.3484101
C	0.9340871	0.4259579	0.8129568	0.8488070	0.9387120	0.9600368	0.8967321	0.7832113	0.4486080
D	0.9974099	0.2307462	0.3806561	2.3561246	0.7920689	0.6717301	0.9563004	0.6415168	0.2050575
E	0.7191854	0.2852234	0.3961381	1.7967888	0.7100774	0.5987745	1.1984220	1.2840108	0.2042155
F	0.4881454	4.1371877	0.7399663	0.3106158	0.8022787	1.7790777	0.9792592	0.4607215	8.2022861
G	0.3755302	0.2666021	1.1744521	1.1096646	0.6467521	0.6663093	0.5719123	0.6359818	0.2467677
H	0.7035543	0.8120353	1.0082823	1.1242393	1.7154273	0.5141413	1.5025549	2.3394934	0.3184352
I	1.8916737	0.5480194	1.4560143	0.5190213	1.7255226	1.3328042	0.7066808	0.3907075	1.8017059
K	1.5252055	0.3216902	0.8172775	1.7124439	1.2834265	0.6442544	0.8197878	2.0105344	0.2359244
L	0.9332393	0.7947209	0.5419979	0.3765793	0.9435621	1.0224918	0.4529858	0.7240721	2.1647161
M	0.6746449	0.6110494	1.1050337	0.4370035	1.0231451	0.8400350	0.6801963	0.8709446	0.9214399
N	1.0072071	0.3091415	0.6636135	1.0712891	0.8973741	0.7527479	2.2227118	1.4872401	0.2391397
P	0.6985992	0.1548649	2.0617029	1.1139909	0.6922459	1.3655882	0.6226197	0.2471686	0.1282807
Q	0.4654016	0.5381439	0.9367955	1.4591898	0.6674020	0.7078608	1.7211806	1.0671119	0.2102392
R	1.0707167	0.3394363	0.4228100	0.7878022	0.8620822	0.4901548	1.1058241	2.0044070	0.2596364
S	0.9727505	0.3299588	1.2319954	1.1976553	0.8261981	1.1212234	1.6950156	1.4992937	0.2723719
T	1.0893898	0.3426878	1.2681431	0.7478696	1.0714579	1.3253346	1.1223863	1.6648218	0.3566572
V	1.7647291	0.4986959	1.5901213	0.6316383	1.8535040	1.5985829	0.7578980	0.6096335	0.7069945
W	0.4014801	3.2159853	0.9246330	0.3388525	0.3830500	0.4528269	0.4184633	0.3680748	2.5607876
Y	1.2340337	13.5575489	0.4597217	0.7063470	0.6639070	1.2051553	1.1510381	0.4826746	1.6518692
