##############
# A2407 PWM for 9-mers
#
# Copyright (2021) David Gfeller
##############
0.84680	807
A	0.9179743	0.1009573	0.5195383	0.6493217	0.6558169	1.0818747	0.9048622	0.4432691	0.1019350
C	0.7267040	0.2527473	0.4301296	0.7121068	0.7297702	0.7258676	0.7247119	0.6545710	0.1743041
D	0.1197004	0.0674049	0.5698292	2.3201603	0.8378249	0.3195758	0.7195464	0.2137453	0.0622157
E	0.6045041	0.0796586	0.3857774	1.4534728	0.4827050	0.2499864	1.1771708	1.0336919	0.0805741
F	0.6585783	8.4830486	0.8201661	0.4991491	0.9490892	2.2995870	1.6241192	0.8878056	11.2648383
G	0.1967378	0.1018002	0.4164906	0.6398856	0.7140194	0.8056357	0.1688984	0.2579686	0.0674044
H	0.7755952	0.2562091	1.7876210	1.5732194	2.1816341	3.4901244	3.1945219	1.6304664	0.1038144
I	1.8699008	0.1898601	2.4268187	0.5675558	1.3536704	0.7158853	0.8381661	0.5550709	2.2717666
K	1.3219703	0.0866598	0.8464816	1.0959730	1.3487518	0.6410265	0.3812598	1.7814692	0.0710183
L	0.8332884	0.1820479	1.7095785	0.5797677	0.6470296	0.5796128	1.4282669	1.5473249	2.5444428
M	0.2415200	0.2660968	1.4972868	0.4425051	0.3534581	0.5127471	0.6692964	0.6791311	0.2735383
N	1.0353221	0.0913068	1.0825545	1.1200145	1.4482142	0.5830896	1.4846797	0.8852663	0.0974573
P	0.8254104	0.0737258	0.0774647	3.2482785	0.5497805	2.8055714	1.0360256	0.1243438	0.0460263
Q	0.7345530	0.1165413	1.1631403	0.8523955	1.1897670	1.1480245	1.4260160	1.3977813	0.0663762
R	1.7017793	0.0886911	0.3055212	0.4862698	0.7226039	0.8588041	0.2442727	1.2834823	0.0743718
S	0.9316535	0.0903019	1.1423734	1.0225465	1.0051892	0.9341327	0.8011377	0.5937136	0.0780228
T	1.0484735	0.1023709	2.2793347	0.9770183	1.4216937	0.9177122	0.6806289	2.6263955	0.1115260
V	2.2550850	0.1502435	0.9958072	0.4778428	1.8085315	1.2358752	0.9710032	1.2305787	0.3069567
W	0.1173338	1.7123937	0.5595301	0.4435782	0.8231362	0.2897321	1.0216510	0.2086996	5.3974810
Y	2.1158667	17.4442457	0.6684311	0.7369272	1.2722459	0.8026208	2.3744137	1.6693506	0.4065685
