##############
# A2501 PWM for 9-mers
#
# Copyright (2021) David Gfeller
##############
1.00000	1436
A	0.3805497	0.6962207	1.4667133	0.7655194	0.9317011	0.3803275	1.2713007	1.2973194	0.0705491
C	0.6121462	0.2971504	0.4464766	0.5454019	0.5514852	0.5643650	0.5609088	0.0714299	0.0567550
D	3.6417623	0.0818213	0.1002523	2.6394566	0.6772277	0.0890662	0.4276959	0.2975831	0.0636402
E	7.8736521	0.1100956	0.0822800	2.5762436	1.1724045	0.0955799	1.0819244	1.5920390	0.0555698
F	0.4588542	0.1136020	0.5392361	0.3195117	0.8123504	2.3762515	0.3086584	0.2070610	6.8152468
G	0.2413080	0.0844169	0.1364458	1.3080675	0.8081505	0.5869242	0.9172159	1.0913203	0.0910110
H	1.5767154	0.0503945	0.7584273	0.7079986	1.5909653	0.6703162	1.2594542	1.3254742	0.1171023
I	0.1849773	1.8316847	4.2582428	0.2607204	0.7787365	3.4720632	0.4799198	0.3311593	0.9702208
K	0.1525074	0.0672109	1.7322644	1.2328245	1.9439131	0.1274350	0.8092017	1.2218209	0.0492317
L	0.0764738	0.8131087	0.3403171	0.2354855	0.5418785	1.5876775	1.1319968	0.2889266	1.7086386
M	0.6724682	0.2546688	1.4730857	0.2632588	0.5706396	1.7781315	1.1883600	0.5723374	0.4000987
N	0.5346683	0.2462948	0.5701920	0.6718164	1.1226512	0.2982775	1.1128915	0.8125158	0.0494407
P	0.0818828	0.1733193	1.0899151	1.2557121	1.0049166	0.1783282	1.0994692	0.1864357	0.0283322
Q	0.3753539	0.2590911	0.7257125	1.6122136	1.3172563	0.2723628	1.7709226	1.9648671	0.1145371
R	0.0934296	0.0595718	0.5198559	0.8661449	1.5985368	0.4154352	1.0050452	0.6503129	0.0513067
S	0.8489586	0.5447653	0.5552741	1.2795666	1.2271856	0.6263004	2.1268080	3.4649684	0.1490466
T	0.5519815	4.2472992	1.0645253	1.1874765	1.0718377	1.3254485	1.3236458	1.9528754	0.1496473
V	0.1507194	6.5296071	2.3224762	0.4330725	0.7450213	1.8640623	0.4686667	0.6652170	0.2365862
W	0.1619239	0.0565954	0.1119030	0.5742159	0.2194224	0.1972367	0.3737220	0.1102204	20.1844919
Y	0.6754120	0.1031740	0.4311341	0.2233172	0.8176685	3.3044769	0.4058647	0.2980046	5.8269457
