##############
# A2601 PWM for 9-mers
#
# Copyright (2021) David Gfeller
##############
1.00000	1650
A	0.3519377	0.8605415	1.8224794	0.6880733	0.6910684	0.5402590	1.4929286	1.0235623	0.2396599
C	0.4193911	0.4587424	0.3538511	0.6140937	0.6207102	0.6368897	0.6335034	0.2467063	0.0522324
D	3.2156731	0.0612147	0.0677204	2.8855636	0.6107912	0.1790054	0.2879573	0.5235244	0.0504055
E	8.1008823	0.3582281	0.1348086	2.4658800	1.0076137	0.1629378	0.6851835	1.4317447	0.0659795
F	0.7898302	0.1427873	0.8611594	0.3103514	1.1406289	0.9856779	0.3251664	0.5459455	5.4141295
G	0.1087213	0.1612581	0.1468605	1.2112170	0.7199279	0.5371089	0.8625279	1.1197149	0.0405214
H	1.3793251	0.0445037	0.7574596	0.9380239	1.7309417	0.7553037	0.7440205	1.2127725	1.0311649
I	0.1447629	1.9935820	3.8926097	0.2845514	1.5453662	3.5457458	0.6149261	0.2358255	0.2869943
K	0.2003431	0.0588682	1.5950115	0.9583704	1.7688383	0.3916586	0.6975821	2.1152809	0.1654527
L	0.0560393	1.0705830	0.3129925	0.2187339	0.8235730	1.5315658	1.0922804	0.7111404	1.0519989
M	0.3894864	0.2740600	0.8349400	0.2547538	0.4216313	1.7142524	0.8394465	0.3920268	3.5293310
N	0.4845767	0.1236651	0.5172866	0.9636574	1.2376279	0.5516614	0.9770129	0.9431754	0.1047500
P	0.0502998	0.1953281	1.0489915	1.2211582	0.5048414	0.2259392	1.4615113	0.2047594	0.0423827
Q	0.6338210	0.2427501	0.2984678	1.5894213	1.1403447	0.5609078	1.4679411	2.4000156	0.1291199
R	0.1251936	0.0519390	0.5386245	0.8909085	1.5927673	0.4543616	0.6248838	1.5491465	0.4226478
S	0.8740612	0.3472406	0.7180392	1.4258821	0.8777312	0.7493233	2.5909015	1.6164237	0.0879340
T	0.6051672	3.5237071	1.1627770	0.9943012	0.8885781	1.3889444	1.7796659	1.0570032	0.0633430
V	0.0916811	6.2970518	2.1243259	0.3974631	0.9360874	2.3283590	0.6524696	0.4981238	0.6438385
W	0.1483191	0.1423145	0.0591119	0.6420474	0.4713464	0.3416889	0.1884103	0.1496991	0.3949212
Y	1.2266138	0.0918314	1.2935928	0.4607747	1.0082019	1.6944430	0.3167748	0.9752695	14.2695183
