##############
# A2902 PWM for 9-mers
#
# Copyright (2018) David Gfeller
##############
1.00000	710	1
A	1.2671388	0.8030164	1.2030290	0.7803127	0.4940283	1.2310251	0.7192434	0.8309130	0.1246411
C	1.8411487	1.3727373	0.5158125	0.8232211	0.8499191	0.8465151	0.8579289	1.2060186	0.1762758
D	0.2855077	0.0904976	0.4962588	3.0710272	0.4426497	0.3137781	0.3503494	0.3986594	0.0788616
E	0.2051214	0.1485021	0.3714231	1.8350011	0.6230257	0.3661426	0.4634873	1.2216260	0.0987366
F	2.1540403	4.0060824	2.1943158	0.8825224	1.5585183	2.7972688	2.2660104	1.5400719	2.2327466
G	1.0508746	0.1650941	0.4938961	1.3394469	0.5115641	0.8095306	0.1840256	0.5450081	0.0887445
H	1.2454787	0.2353160	0.8225496	1.5976313	1.0109971	1.8262806	1.1628121	1.8695640	0.3280763
I	1.1409829	1.4486112	1.3572179	0.3669100	1.9111880	0.8911625	0.8421536	0.4236679	0.1485639
K	0.9329393	0.1282454	0.5531412	0.7525864	1.1155024	0.5898268	0.1228418	1.5834243	0.1151523
L	0.7752966	2.1573669	1.9331008	0.3754910	1.6365799	1.0808798	4.3950521	1.6474291	0.2331898
M	0.6510751	1.0291253	1.1505300	0.2510186	0.9031265	0.4170715	0.4817359	0.5192921	0.2897611
N	0.9018800	0.4272646	1.2413367	1.1938695	0.4674527	0.7787467	0.3841192	0.7613120	0.1103705
P	0.0928588	0.1792982	0.6822634	1.5600410	0.5746117	1.3682540	0.4853553	0.1146280	0.0553220
Q	0.5985133	0.3328738	0.3982074	1.1488716	0.9944689	1.4295039	0.6132562	0.9627991	0.1489099
R	0.5796104	0.1314702	0.2770212	0.4905340	1.1043549	0.7977470	0.3520615	1.6775675	0.2135075
S	1.7782468	0.3996922	1.3186420	1.1874258	0.6475436	1.0475163	0.3954114	0.9495207	0.1143620
T	0.9548343	0.9861224	0.9497444	0.8557685	0.8086353	0.7245826	0.4272395	1.0368075	0.1157161
V	1.1092407	2.1509251	0.5598987	0.3503942	1.5005323	0.9832102	0.7303447	0.5400338	0.1407722
W	1.0149895	1.9977843	2.0004618	0.4856597	0.6431223	0.7689653	1.8693413	0.4132618	0.5749386
Y	2.9316056	2.5440547	2.0577577	0.5926457	1.3860349	1.1417372	1.6182771	2.0910624	26.1073323
