##############
# A3002 PWM for 9-mers
#
# Copyright (2021) David Gfeller
##############
1.00000	1137
A	1.6643999	0.6640915	0.8657306	0.9330799	0.7971089	0.8460448	1.7753757	0.8391653	0.0822123
C	1.1821804	0.6815630	0.2398273	0.5726808	0.5898694	0.5817243	0.5751925	0.8300922	0.0602689
D	0.0948877	0.1359968	0.1811433	2.1535585	0.6663498	0.5363929	0.5005974	0.4776304	0.0540543
E	0.1844613	0.1178675	0.2658639	1.7695527	0.8360871	0.6434264	0.5392962	0.9039239	0.0702868
F	0.2298155	0.9954841	0.9191423	0.6798342	1.1535571	1.3392880	0.6350865	0.7486762	0.7160954
G	0.6565036	0.5334063	0.4552969	0.8480437	0.5044130	0.5766248	1.3591770	0.5389923	0.0532531
H	0.9170981	0.2136680	2.7494837	0.9339006	0.7952325	0.7497131	6.7876244	1.9732236	0.2802755
I	0.6032475	1.5736129	0.9068899	0.7580679	2.3507357	1.5768518	0.6262033	0.3612184	0.1431078
K	3.6318911	0.1876763	2.0984949	1.0148573	0.5284062	0.8676491	0.6029343	2.1613389	0.3611296
L	0.3457502	1.3502683	0.7333967	0.4884605	1.5928827	1.2238209	0.6232121	1.0129073	0.2877266
M	0.4338398	1.5188310	1.1447178	0.3697494	0.7214037	1.2508368	0.6994048	0.5846967	0.3191645
N	0.1945804	0.2203214	1.6556670	0.9798038	0.7633519	0.7905472	0.7220143	1.0801536	0.0946321
P	0.0977526	0.0873963	0.3783910	1.9074945	0.7126265	1.0113162	0.9823933	0.1572716	0.0458073
Q	0.8295285	2.8148405	3.2846900	1.0010204	0.7923547	1.2231288	1.0523905	1.5460246	0.0868221
R	4.4539789	0.1745763	0.7245637	0.6919166	0.2859703	1.3994855	1.0741266	1.9270865	0.1667299
S	0.9820355	1.1049375	1.3064083	1.2020723	0.7974681	0.8402573	0.9942938	1.1982646	0.0741318
T	0.7661479	1.8542451	0.8911548	1.0430297	0.8977754	1.0995927	0.5074236	1.1608369	0.0815612
V	0.7499644	2.8042201	0.5087094	0.6461203	2.4056507	1.2221526	0.4702145	1.0003350	0.2030475
W	0.0706877	0.7442588	1.4043750	0.3326194	0.6670624	0.7384790	1.1222663	0.1460278	0.3212235
Y	0.3563548	2.5649254	1.5758849	0.8687516	0.6236575	1.3150550	0.9085040	1.0156374	28.3380352
