##############
# A3001 PWM for 9-mers
#
# Copyright (2021) David Gfeller
##############
0.30543	540
A	1.8148413	1.4411232	0.7559514	0.6824688	1.3732392	1.0980890	0.6752422	1.6668652	0.7048679
C	1.1873047	0.7323214	0.2753944	0.5999250	0.6078285	0.6048323	0.6092450	0.8595899	0.1392116
D	0.2342062	0.1798083	0.1637610	0.4577409	0.5563000	0.3073707	0.1770704	0.2929162	0.1872119
E	0.2746000	0.1856323	0.2048778	0.7729826	0.6385741	0.3859598	0.4383132	0.6823936	0.2422815
F	0.4795121	1.3005939	1.0144620	0.5649615	0.2780703	0.2720369	0.8239412	0.9071998	0.2795277
G	0.8720247	0.6434358	0.4106757	1.5139588	1.0976705	2.0080620	0.2681828	0.9671774	0.1400408
H	1.4542809	0.2106533	3.0476019	0.3908117	0.7286877	0.7447402	0.7618423	0.6804551	0.2357766
I	0.7468587	1.2060088	0.7034095	0.9793382	0.3707262	0.1497378	1.0371619	0.4255055	0.6279305
K	2.1836393	0.2499438	1.2016030	0.8681232	0.6828922	0.8794522	0.3673861	0.4644226	6.8000780
L	0.5048945	0.7934161	0.5518305	0.7343624	0.3169498	0.2892132	0.9178943	1.0747793	2.1460698
M	0.5160404	1.2260509	0.3366037	0.4466973	0.3542563	0.2926899	0.7043185	0.5305049	1.4390964
N	0.6592696	0.2591796	0.6298758	0.4300260	0.8175372	0.9545260	0.1905673	0.8482500	0.2617882
P	0.3324789	0.2350149	1.5180992	4.7949045	6.0625533	2.5552056	7.5283353	2.6824936	0.1791557
Q	0.9899947	1.1613536	0.9920961	1.1464641	0.6704658	0.5164051	0.3801153	1.2633527	0.2642417
R	1.7699027	0.2633589	5.4261149	0.6312130	0.4938495	2.7339760	0.3852201	0.4686326	0.8823167
S	2.0024811	2.1074733	0.7989949	0.9776936	1.4710201	2.5637745	0.7607218	1.8263502	0.2795954
T	1.0736438	2.6206944	0.3364717	0.7523471	0.9351059	1.0851746	0.6167754	0.9440475	0.2296165
V	1.1386581	2.4938004	0.7570867	0.7286723	0.7016814	0.3590128	1.5739238	0.8927162	1.0301501
W	0.1276395	1.0395751	0.1463570	1.1388518	0.2306565	0.2397330	0.4935282	1.0261169	0.1421135
Y	0.3353388	0.9664752	0.9837321	0.8243802	0.4061954	0.1574805	0.5843164	0.6984776	0.9932343
