##############
# A3001 PWM for 9-mers
#
# Copyright (2018) David Gfeller
##############
0.64409	485	1
A	1.1385935	0.6299171	0.2172883	0.9915516	0.5141695	0.6626221	0.6642549	0.7687992	0.4458475
C	1.2331055	0.8716695	0.2818660	0.8427205	0.8661549	0.8778077	0.8736135	1.1049784	0.1976438
D	0.1959530	0.1805520	0.3099378	3.1855260	0.7906877	0.1829088	0.2143678	0.3578353	0.1673452
E	0.2592231	0.1841219	0.2939457	2.8320935	1.1853012	0.3493897	0.9525941	2.1951927	0.2557154
F	0.3708636	1.4168266	0.6808166	0.7627548	1.4811448	2.9051619	0.8813364	0.6365744	0.2965361
G	0.5839127	0.3838622	0.1870126	1.0350343	0.6339748	0.2380088	0.2169489	0.9139583	0.1627634
H	0.9193222	0.2721767	0.3241684	0.4762485	0.6237231	0.7485025	0.5661802	0.6006810	0.2148072
I	0.3583769	1.3797970	0.4691659	0.4301040	1.6107994	1.6422955	1.8146509	0.3100751	0.3351972
K	5.2227310	0.1795591	8.3508870	0.8404150	1.8795777	0.4420239	1.7578603	1.3364398	6.5896206
L	0.3355653	1.4000252	0.4757332	0.3601693	1.2708204	0.7288594	1.8685566	0.8921186	1.7432012
M	0.4233500	1.2220568	0.5015729	0.3366484	0.5809777	0.9870849	1.3548590	0.7835270	0.7216057
N	0.2923189	0.3700457	0.8651022	0.9521709	0.5797644	0.5882911	0.9010168	2.3967763	0.2043400
P	0.1135774	0.1215089	0.1149902	1.0740034	0.2658988	0.4564269	0.1227657	0.3323048	0.1045888
Q	0.5521147	1.1594621	1.0323626	1.0582520	1.0168947	1.4516257	1.8930535	2.0471760	0.2751259
R	4.7287241	0.1714288	3.1380166	0.2897768	0.8458728	0.9882963	1.0787680	0.9633279	0.8065383
S	1.0994401	1.2915338	0.3205920	1.1942259	0.6563696	0.4939803	0.5736705	0.9619655	0.2361449
T	0.3723120	2.6465990	0.2415622	0.7234805	0.9492417	1.4460847	0.6887924	1.3674937	0.2083665
V	0.4731729	2.3679860	0.1998450	0.4765694	1.2139374	1.7057872	1.0746491	0.6816078	1.2646384
W	0.1723002	1.9298616	1.2015088	1.3517591	1.0599220	2.3123635	0.8774679	0.1909552	0.2666245
Y	0.6257360	2.3850821	0.5922754	0.8476985	1.5548860	3.3251125	1.1022280	1.2319456	4.5469581
