##############
# A3101 PWM for 9-mers
#
# Copyright (2021) David Gfeller
##############
1.00000	1607
A	2.1456733	0.7100414	0.5301607	0.8446442	0.6521599	0.6641640	1.0398458	0.7902750	0.0819626
C	0.5087034	0.5172395	0.9830632	0.7726280	0.7740582	0.7797300	0.7838317	0.8269503	0.0373771
D	0.0938696	0.0841389	0.2018415	1.4397087	0.4399156	0.1222474	0.1620594	0.1745647	0.0756284
E	0.1157508	0.1053905	0.1201856	1.4581091	0.4383381	0.3841727	0.4580817	1.2336837	0.0948262
F	0.1848969	0.7513101	1.8642519	0.3959908	1.6426622	2.4035340	1.5340975	0.7647023	0.0638948
G	0.8853582	0.6487867	0.3107168	1.0936217	0.7464902	0.5556815	0.2138105	0.9106659	0.0516896
H	0.7663155	0.1140435	0.9991490	0.4572186	0.9651486	1.1133753	2.2968947	1.7307648	0.1829452
I	0.6172411	0.8365084	0.9120456	0.5966982	1.5615248	2.0520268	1.6586170	0.2165553	0.0665298
K	2.4298275	0.0927275	2.7475929	0.8252098	1.2907034	0.7008662	0.7098821	1.0546879	0.7641312
L	0.2518173	1.1800496	1.1672182	0.8466896	0.7523766	1.6836918	0.6526724	0.9439820	0.1115710
M	0.3484053	0.8290888	0.9689840	0.2051037	0.3356906	0.7128737	0.4184789	0.3508130	0.2422742
N	0.1866034	0.2111399	2.4779313	0.9897847	0.6760450	0.4849250	0.8228665	2.5568275	0.0984009
P	0.0625467	0.1132621	0.1984866	2.5375025	2.2997712	1.2151447	0.2562505	0.8407077	0.0534074
Q	1.0220968	1.8753026	2.2137042	1.1550677	0.9007517	1.1393391	1.5127837	2.4933057	0.1814082
R	3.6829038	0.0657096	0.9673018	0.5591693	1.2175257	0.7366569	0.8376265	0.6640871	15.7616415
S	2.2115419	2.2138774	0.6343779	1.4291821	0.9310226	0.5868590	1.0783833	1.3200937	0.0774233
T	0.8727442	3.2400014	0.4529981	1.0458805	0.6908300	0.9658883	1.3501012	1.0154704	0.0739973
V	0.9409830	2.6970975	0.4533926	0.8522969	1.3774056	1.3669364	2.5665442	0.6461998	0.1057465
W	0.0515509	0.1647728	1.6941021	0.4700706	1.7378935	0.6766579	1.4688694	0.3427885	0.4797808
Y	0.2642333	2.6286678	2.4015743	0.7194544	1.0498646	1.4083000	1.2353401	1.7309484	0.2427713
