##############
# A3201 PWM for 9-mers
#
# Copyright (2018) David Gfeller
##############
1.00000	472	1
A	1.3465366	0.8858858	1.1988183	0.8653617	0.7769471	0.7596417	1.1012875	1.2642163	0.1555591
C	0.1647297	0.2450445	0.5833838	0.5065738	0.5124641	0.5216902	0.5154496	0.4153170	0.1577514
D	0.1988675	0.1545761	0.2166239	2.1819092	0.6180434	0.3768706	0.8342913	0.2501395	0.0952681
E	0.2668393	0.1684146	0.1873856	1.8251757	0.7640489	0.4928647	1.1758357	1.5094390	0.1103551
F	0.3016326	0.4000112	3.4696959	0.3163127	1.3671126	0.9434395	1.3732973	0.2886347	4.9299389
G	0.5785183	0.2562941	0.4206938	0.8928181	0.8096916	0.4888057	0.3358638	1.0034027	0.1249422
H	0.3172614	0.1943815	1.5262423	0.6544426	1.2827155	1.0992203	2.3931941	1.2250902	0.2147115
I	0.4307616	1.4960065	0.5388744	0.3458680	1.1704459	1.6114649	0.7609411	0.3801196	0.5958577
K	5.2676883	0.2322513	0.8740883	1.1723690	1.3648596	0.9308427	0.6025469	0.7010207	0.2072650
L	0.3530096	2.2656720	1.1099659	0.7263800	0.7353141	0.7167205	0.7546883	0.7323667	1.8976831
M	0.3738335	1.1609448	0.8432057	0.2983676	0.6206425	0.4972066	0.4748381	0.3277916	0.5484533
N	0.2954746	0.2319403	1.9742784	1.3525017	1.0281229	0.6847836	1.1983243	1.1229742	0.1183746
P	0.1165818	0.1004737	0.4432330	1.5773654	0.7122604	0.6560428	0.8929840	0.1784818	0.0576489
Q	0.7372537	1.2909908	1.1753172	1.3215449	1.2436936	0.7280111	1.4570472	1.4813884	0.1225782
R	5.0278489	0.7150918	0.9356565	0.8356340	1.2848026	4.0097310	1.0108527	0.5024670	0.1396834
S	0.8513711	1.2430813	1.0509670	1.2289640	0.7628781	0.8222392	1.0962467	3.2090954	0.1297982
T	0.3832822	3.2951087	0.5502289	1.2019162	0.9125485	1.4049501	0.9211358	2.3726995	0.1533664
V	0.6715887	2.1413209	0.5805344	0.6068111	0.9562029	1.2182062	0.8764783	0.9609739	0.2505928
W	0.1694496	0.1824499	4.1026627	0.1614573	5.4481196	0.3657938	1.8017030	0.3453669	26.0712242
Y	0.4149957	0.3222407	2.3300999	0.6316265	1.5748085	0.7928903	2.3045810	0.3712322	6.2325456
