##############
# A3301 PWM for 9-mers
#
# Copyright (2021) David Gfeller
##############
1.00000	1429
A	0.1317805	1.8257752	0.7282901	0.9321583	0.3882980	0.5536848	0.9951920	0.8414847	0.0911772
C	0.6529427	0.5670587	1.1494983	1.1976980	1.2022975	1.2075657	1.2157382	1.1521601	0.0416392
D	8.4273849	0.1470334	0.1955871	1.6365861	0.3581687	0.2443326	0.3106678	0.2749579	0.0721475
E	3.0114962	0.0721634	0.3127880	1.7116708	0.5079049	0.6178119	0.5672155	1.3451699	0.1055516
F	0.1707958	1.8872037	1.6446182	0.4996159	1.2507915	2.3142882	1.3103507	1.0406031	0.0693836
G	0.1025779	0.2229481	0.2099487	1.1077462	0.5127737	0.4273754	0.2282277	1.0198702	0.0574657
H	0.9795313	0.1042315	0.9289908	1.0787690	1.8577996	0.8554193	2.1471454	1.6714930	0.2993274
I	0.3984303	1.5500174	0.9612076	0.5301792	1.5198626	2.3326139	1.7826985	0.2661356	0.0531107
K	0.1122075	0.0699124	1.8323266	1.1969368	1.4475826	0.8464048	0.6002116	1.0099458	0.9224606
L	0.3004001	1.1129410	1.5671382	0.7124072	0.9610163	1.3213179	0.5306444	0.9051166	0.2120375
M	0.7566073	1.7428955	1.3062187	0.5373913	0.4779037	0.8364942	0.6701538	0.5760421	0.1639255
N	1.8125082	1.0830492	1.6597487	1.1018811	0.6498591	0.5229461	0.6952616	2.0270949	0.1095268
P	0.0657641	0.4500164	0.2469874	1.1200364	2.5004923	1.1381750	0.3098819	0.9052585	0.0469130
Q	0.4210322	0.0842984	2.0796762	1.1114068	0.7631212	0.7014563	1.0807615	2.0246132	0.1529257
R	0.1145912	0.0622422	1.5378789	1.1180586	1.6088624	0.7132078	0.8004543	0.6119390	15.5652238
S	0.7338823	1.0406835	0.5913787	1.0822473	0.6246060	0.6775785	1.0694042	1.1329137	0.0860911
T	0.4848026	1.7967821	0.3881133	0.9317957	0.6451223	0.9286668	1.5555308	1.1568349	0.0822103
V	0.4756876	2.3139152	0.5825569	0.6975563	1.0861297	1.5610953	2.3852618	0.7246556	0.0890523
W	0.2076053	0.5627899	1.5979104	0.5249060	1.7812475	0.9583812	2.2609153	0.4890648	0.0578233
Y	0.5604321	3.5294869	2.4218467	0.6753949	1.1880904	1.5155916	1.5402381	1.5547959	0.0958086
