##############
# A3303 PWM for 9-mers
#
# Copyright (2021) David Gfeller
##############
1.00000	1554
A	0.2258799	1.6715539	0.8140778	0.9800693	0.5058240	0.6288787	1.0949933	0.8958202	0.0691852
C	0.6563500	0.5601245	1.1469838	1.1997644	1.2006631	1.2074448	1.2178502	1.1514132	0.0386600
D	2.1223219	0.0916516	0.3057674	1.3956511	0.4306038	0.1594188	0.1909327	0.2439499	0.0673202
E	7.0370638	0.0590631	0.4034092	1.7656830	0.5629821	0.4955727	0.5574549	1.3888469	0.0983481
F	0.8674068	2.0545035	1.4511890	0.5040467	1.1553067	2.2203913	1.2414900	1.0023140	0.0501409
G	0.0890571	0.1974180	0.3385161	0.9919630	0.5736972	0.6283525	0.2723252	1.1102664	0.0534761
H	1.1180632	0.0858011	0.7879703	0.8247671	1.5835823	0.9857450	1.8399263	1.4569721	0.2997933
I	0.3017963	0.9548071	0.9548045	0.5381425	1.3964589	2.2762876	1.5307361	0.2443210	0.0790853
K	0.1395701	0.0661602	1.8989353	1.1956764	1.2316528	0.7727425	0.8669163	1.1855170	1.0476218
L	0.2435336	0.6777190	1.4192854	0.6840465	0.9852800	1.3139613	0.4997279	0.8737257	0.1714752
M	1.2490895	0.8951017	1.4216553	0.4977695	0.4899898	0.8947575	0.5460273	0.6303094	0.1764511
N	1.0170113	0.8134236	1.8830984	1.1398089	0.7871970	0.4969012	0.8224879	1.9027501	0.1155300
P	0.0517928	0.2182729	0.3212873	1.7137455	2.6479903	1.4180365	0.3808405	0.8363219	0.0554722
Q	0.9131387	0.1694326	1.8760292	1.2979977	0.7633534	0.7219719	1.1270239	2.1609178	0.1421441
R	0.1194159	0.0591940	1.2378375	1.0153446	1.4085284	0.6055771	1.0241128	0.6967678	15.4922715
S	1.2167605	1.2527302	0.7477325	1.1739348	0.6856536	0.6639819	1.1762871	1.1493295	0.0801176
T	0.9937903	2.3863043	0.6026047	0.7778885	0.5538747	0.9035999	1.5664419	1.1262553	0.0876612
V	0.2118285	2.5282644	0.6596968	0.6032195	1.1939072	1.6180211	2.1139332	0.6352010	0.1005729
W	0.2075505	0.3894377	1.2245202	0.2458177	1.1631911	0.7389337	1.7565191	0.1609255	0.0537770
Y	1.3733088	5.9366334	1.7934903	0.7420974	1.4463344	1.2624835	1.7222512	1.4751779	0.1289370
