##############
# A3401 PWM for 9-mers
#
# Copyright (2021) David Gfeller
##############
0.54489	783
A	0.2211916	1.8740164	1.6346358	1.0756651	1.1088449	1.1785730	1.3890159	0.8299739	0.1239502
C	0.6116360	0.3474697	0.4860367	0.5645560	0.5853174	0.5975009	0.5998217	0.1025989	0.0682518
D	2.2938527	0.1331332	0.1051255	1.8467180	0.9332964	0.2507981	0.1257400	0.5034145	0.1220045
E	10.3329553	0.0998019	0.1950196	2.0437935	0.8891598	0.4435927	0.4361731	1.9153220	0.2306029
F	0.4317922	0.3295927	2.4456797	0.6506546	1.0613164	1.2398569	0.6048289	0.8326965	0.2230153
G	0.1091796	0.2003198	0.2855120	1.7472803	0.6786107	0.9677761	1.0728962	1.4155681	0.0962435
H	0.5510698	0.0883963	0.3262466	0.8533785	1.2198721	0.5669029	0.8797879	0.7833117	0.2185128
I	0.1055378	2.1678816	2.9619902	0.3698233	1.4482102	1.9324348	1.4107608	0.2960064	0.1028438
K	0.2247965	0.1132831	0.4584616	1.1413051	1.1336831	0.5871405	1.0179576	1.6513237	1.4983326
L	0.0974497	1.5909602	0.6432389	0.4859428	0.8925494	1.4709603	1.0659918	1.0741627	0.1147472
M	0.2032936	1.0140291	1.2016246	0.3623302	0.7714560	1.7871590	1.1010225	0.7585281	0.2701097
N	0.4544880	0.1581861	0.7734567	1.1866583	1.1406026	0.2240672	0.6352600	1.2676666	0.1823814
P	0.0983078	0.4966972	0.3194642	0.7685228	1.1718687	1.1816823	0.1302168	0.4456963	0.0789015
Q	0.3712871	0.5741230	0.5017905	1.5475183	1.1788033	0.3709757	1.0960787	2.3613952	0.2556562
R	0.1673815	0.0994092	0.4085254	0.6689359	0.7234784	0.5123881	1.2885766	0.8575464	14.2296583
S	0.5874464	0.7119005	1.1893030	1.3897564	0.8402644	0.6756066	1.4913103	1.0259804	0.1439562
T	0.7324519	1.8214056	1.1855275	0.6454195	0.9181375	1.4210271	1.9605034	1.2304632	0.1366557
V	0.1198335	4.4769080	2.2078607	0.1945050	1.2141340	1.8167878	1.2812805	0.3926028	0.0985069
W	0.3645291	0.0964744	0.5904989	0.8352037	1.3150050	1.4047025	0.4778194	0.2014880	0.0977674
Y	0.1966973	0.1397259	1.5576227	1.0904819	0.9060216	0.8683408	0.6320487	0.8941546	0.2727335
