##############
# A3401 PWM for 9-mers
#
# Copyright (2021) David Gfeller
##############
0.45511	654
A	0.6967446	2.7029076	2.9958901	0.8862456	1.6026548	0.6304378	1.5041119	1.4849933	0.2093638
C	0.6418131	0.3679437	0.4917699	0.5791640	0.5964231	0.6015896	0.6079823	0.1326343	0.0945582
D	1.6130408	0.1120072	0.3598521	1.4740974	0.1463399	0.2568976	0.4668004	0.2375696	0.1239731
E	5.8762152	0.2020539	0.2521264	0.8888280	0.3669454	0.3108272	0.5078572	0.9150261	0.1753213
F	0.5461004	0.2018358	1.2803843	1.3100677	0.2726041	1.0641093	0.5057265	1.7511367	1.3087210
G	0.3367146	0.3048343	1.3350901	1.5619837	1.8403004	2.6661711	0.7078160	0.9876832	0.1040960
H	0.6716352	0.1037524	1.7862899	0.6285978	0.2708201	0.7628326	1.4041014	1.2482257	0.2370261
I	0.6194687	1.2580724	1.0619930	0.4669835	0.7349146	0.4958285	0.7630774	0.5450877	0.2281556
K	0.2436196	0.1361012	0.5970307	0.9167883	0.3894525	0.4760054	0.6976760	0.6269914	0.9807720
L	0.4924244	0.8652963	0.2841037	0.5307386	0.1729804	0.4836393	1.2867917	0.8363104	1.0016068
M	1.2553841	0.2554364	1.2195603	0.2735430	0.2164720	0.6942084	1.1583957	0.3591955	1.8100273
N	0.5915383	0.1552439	0.8389954	0.5948416	0.3692768	0.5004392	0.6816698	1.2852460	0.1817129
P	0.1065769	1.8555642	1.0282616	3.7253938	5.2133248	0.7222453	0.5681372	1.6078020	0.1363170
Q	1.5001083	0.3182507	0.6984083	1.1586189	0.5595737	0.3830837	0.9088776	1.2850565	0.2489085
R	0.1995558	0.1140684	0.6525012	0.5939569	0.4074615	0.5133101	1.0877320	0.9645647	10.8316426
S	1.0595534	0.7801213	1.2894753	0.8541506	1.7538324	2.9995881	1.9282705	1.4468167	0.1708856
T	1.2184295	1.1774390	0.4073991	0.6967136	0.7629243	3.4025349	1.8140891	0.9405384	0.1561042
V	0.5433302	4.9855001	1.2915784	0.9482702	1.7027609	0.7992945	1.3447529	1.0877004	0.3622159
W	0.2280899	0.1023159	0.3457904	0.9707460	0.0891929	0.2219603	0.2234848	0.3508592	0.1354071
Y	0.9282483	0.2357987	1.2177863	0.2108407	0.1734434	0.2061122	0.3835419	0.9017978	0.8724583
