##############
# A3402 PWM for 9-mers
#
# Copyright (2021) David Gfeller
##############
0.33381	929
A	0.1369955	2.0452421	1.4828300	1.1515955	0.8657875	1.4174931	0.3511592	0.9491981	0.1196108
C	0.6196235	0.3351686	0.4955891	0.5569988	0.5692596	0.5888441	0.5862875	0.0916744	0.0639682
D	1.7707669	0.1178901	0.2186886	2.5156505	0.3515811	0.2445502	0.0876140	0.2825006	0.1375805
E	8.1996825	0.1753767	0.1992325	2.5785244	0.8799785	0.1984960	0.1427504	1.4489506	0.2004168
F	0.4559392	0.1940731	2.3588492	0.3651129	0.9112806	2.9369072	1.5352363	0.6329717	0.1591873
G	0.2341231	0.1090113	0.1199618	1.3285594	0.5906903	0.1959193	0.1490148	0.3673549	0.0944545
H	0.5440629	0.0848260	0.5257055	0.7763020	2.1555931	0.3475696	0.2658493	0.8942212	4.5911553
I	0.1527313	1.2657410	1.2942916	0.1999893	1.1408625	2.6565045	2.2793819	0.4384649	0.1984366
K	0.1844023	0.1127588	0.0975534	0.9467549	2.2694989	0.4410430	0.5457064	2.2437200	7.4996615
L	0.1089077	0.6146938	2.6356878	0.0828654	0.8277138	1.2971670	4.3535696	0.8312428	0.0904388
M	1.2576463	0.3017867	2.3147933	0.2982484	0.4708341	1.0570265	2.2756267	1.2804750	0.1215778
N	0.9896629	0.2341085	0.8351857	1.8970565	0.7021729	0.3990470	0.0842950	1.3478530	0.1633718
P	0.1025483	0.0804825	0.2441606	1.3952475	0.0732048	1.1795723	0.0564374	0.0778808	0.1173127
Q	0.9333857	0.1556339	0.1223933	1.2545265	1.7686827	0.8608204	0.7615899	2.2535320	0.2113849
R	0.1421545	0.0966007	0.0897730	0.4923369	1.2303288	0.4546990	1.0361659	1.6293963	3.6172649
S	1.0232352	1.5907490	1.0640316	1.3974600	1.0514471	0.3466643	0.2080154	1.4017201	0.1454621
T	1.5283938	5.3768848	1.2200852	0.5455331	0.8762977	0.8739153	0.7892845	1.0656002	0.1558102
V	0.1309940	3.7058377	1.1419611	0.2820241	1.1702106	2.0524000	1.0239933	0.6974402	0.1902252
W	0.1653473	0.0821444	0.7979206	0.3949914	1.5973871	0.8224183	0.3426990	0.1012924	0.1193287
Y	0.7736852	0.1466903	2.5389733	0.8671714	1.3575927	1.0698768	0.5984969	1.6030135	3.6283417
