##############
# A3402 PWM for 9-mers
#
# Copyright (2021) David Gfeller
##############
0.66619	1854
A	0.3828123	1.8603056	1.9513865	0.7013640	0.9262749	0.7840191	1.3626392	1.1143199	0.0701368
C	0.6175817	0.2807415	0.4341066	0.5464076	0.5500681	0.5578594	0.5604739	0.0527431	0.0352058
D	2.2602461	0.1000486	0.7689171	0.7874882	0.5629478	0.1026340	0.1666595	0.3343249	0.0705166
E	5.1841407	0.0774860	0.2885212	1.2963080	0.6211421	0.3715921	0.3407551	1.5659840	0.1040621
F	1.4106737	0.1317854	1.5009578	0.7851839	0.6133371	2.0394551	0.5413155	0.8405567	0.0417358
G	0.1408712	0.1570879	0.7692352	1.3695391	1.1041389	1.2976270	0.7994511	0.9160421	0.0552725
H	2.0271641	0.0835787	0.7110775	0.6111210	0.5645553	0.6769725	0.7601942	0.8353408	0.2302460
I	0.4452655	1.6388810	1.1488483	0.6344191	0.8287864	1.1942088	1.4467268	0.3867209	0.0636847
K	0.1111899	0.0845416	0.4670902	1.3192396	0.5176640	0.4471649	0.7143807	0.9343587	11.4065943
L	0.2801103	0.6803540	1.1881901	0.6860528	0.5048967	1.6741138	0.7973670	1.1103328	0.1485757
M	1.3345390	0.2517461	1.4349727	0.4098590	0.5131900	1.2529609	0.6154216	0.6561318	0.0661608
N	0.9755252	0.2732672	0.9601717	0.6313857	0.8296756	0.4364832	0.9087159	1.6006943	0.0909627
P	0.0429825	0.4473242	0.6133310	2.4334587	4.6917660	0.5609782	1.1723328	1.9866945	0.0678004
Q	0.8389075	0.2238608	0.4747271	1.3052278	0.4994271	0.5732720	0.8414142	1.6672680	0.1428048
R	0.1155486	0.0516469	0.4235743	0.8351280	0.4395813	0.4027832	0.8973505	0.4226747	4.0262145
S	1.3245856	1.3880238	1.6403646	1.4491384	1.2552025	1.8032278	1.8912131	1.1872864	0.0854064
T	1.5737353	4.6590437	0.6192320	1.0559181	1.4225764	1.8910443	2.2649060	1.2950720	0.0808527
V	0.2153781	4.1119636	0.9594718	0.7533473	1.4460705	1.4875979	1.5129172	0.7083311	0.1023806
W	0.7082430	0.0448567	0.7256942	0.6221146	0.6162244	0.7950221	0.3781243	0.4679666	0.0441498
Y	1.1732589	0.1311283	2.8861938	0.7765214	0.4516342	0.2712496	0.4593671	0.8965456	0.3995183
