##############
# A3601 PWM for 9-mers
#
# Copyright (2021) David Gfeller
##############
1.00000	647
A	1.2490033	0.9135180	0.5750935	0.9613396	0.7316947	0.7885303	0.6937416	0.5812777	0.1320950
C	0.6516945	0.3660925	0.4356212	0.5830558	0.5855091	0.5961148	0.5957259	0.1232772	0.0964714
D	0.1710183	0.2488013	10.5644879	1.1052540	1.0513216	0.5997223	1.1597374	0.5069777	0.0859221
E	0.2282870	0.1880341	2.7573898	1.2978200	0.9819672	0.5956218	1.2555152	1.4825445	0.1314853
F	0.3273321	0.1674732	0.2871136	0.9095454	1.5441997	1.6330166	0.9042321	1.3057797	0.9544820
G	0.7183329	0.1888024	0.2270468	0.8583636	0.7201821	0.5303265	0.4226262	0.6564873	0.0845461
H	1.4170566	0.1262991	0.3733571	1.1908195	2.4744281	1.8272703	1.2770572	1.6961727	0.4903666
I	1.1501301	1.2226757	0.1902222	0.7127188	1.0819695	1.2162169	0.8006041	0.4199957	0.2531539
K	3.5612669	0.1843386	0.2197538	1.1727238	0.9915801	0.6776152	0.3098984	1.3911285	0.3519811
L	0.6518312	1.1122648	0.1186099	0.7375346	1.1472034	1.0812468	2.9256146	1.9599928	0.2332632
M	1.0284921	1.3874092	0.3794861	0.4509919	0.9005111	1.0151595	1.3260107	1.2935982	0.2986707
N	0.2784523	0.2000101	0.4365007	0.7243732	1.2565645	1.5158196	0.7879048	0.5661674	0.1210632
P	0.1288833	0.1113155	0.1327741	2.0395720	0.5138458	0.8305871	0.5349810	0.2252810	0.0725523
Q	0.8608774	0.2228683	0.6744973	1.1604630	1.3790120	1.2393275	1.2977917	1.2064813	0.1361649
R	3.3177433	0.1641977	0.1739361	1.1110806	0.6616154	0.8880034	0.4037293	1.5523821	0.1257848
S	0.9728350	3.7312981	0.6095008	1.1957631	0.8971066	0.8665421	0.9186084	0.9695809	0.1757682
T	0.7058905	5.2180759	0.3389346	0.8785239	1.0169316	1.8166809	0.7994208	0.8253637	0.1309509
V	0.8148776	1.6044219	0.1498770	0.8052177	0.7749839	1.2503859	0.7479428	0.7138035	0.4769203
W	0.1134894	0.1106272	0.1957240	0.4496507	0.7999869	0.3531674	0.7916626	0.2553019	0.6131638
Y	0.3343186	0.1506715	0.1586164	1.0431858	1.3917074	0.8623797	1.0173071	1.5154131	26.2686886
