##############
# A6601 PWM for 9-mers
#
# Copyright (2021) David Gfeller
##############
1.00000	1223
A	0.5684551	1.8990177	2.0651229	0.9340801	0.9602680	0.9473366	1.2639008	1.1679522	0.1050896
C	0.6233506	0.3103972	0.4574928	0.5547244	0.5654881	0.5724024	0.5769571	0.0756662	0.0500242
D	3.1417178	0.1890721	0.1740912	1.7757054	0.5920723	0.1816791	0.2147565	0.4034686	0.1090761
E	5.4683198	0.1024525	0.1992418	1.6043433	0.5083897	0.2955801	0.5124368	1.5452959	0.1295364
F	1.3684950	0.1519302	2.0710896	0.8988011	0.8589874	1.4721659	0.8068289	1.2409516	0.4821249
G	0.3023245	0.1165090	0.3891941	1.5005119	1.3007673	1.9349215	0.9383834	0.9895353	0.0865998
H	1.2480505	0.0658639	0.9206502	0.4570023	0.8078585	0.4690028	1.0409980	0.8928168	0.1193244
I	0.3045806	1.1765569	2.6301717	0.5216390	1.2452307	1.1698656	1.1569533	0.3368536	0.0827748
K	0.1257955	0.0880748	0.4493083	0.7923229	0.7721208	0.4538003	0.6634480	0.9569453	1.2002015
L	0.3194550	0.4845332	0.5283861	0.5304037	0.5925753	0.7516054	1.1136949	1.0025640	0.3765143
M	1.0039476	0.2378982	1.2413763	0.2829830	0.2701453	1.2528328	1.6105745	0.5215723	0.8048777
N	0.5419087	0.1490171	0.7001745	1.1501846	0.9503944	0.4935862	0.6362111	1.1279849	0.1212156
P	0.0623093	0.4431071	0.5687271	2.2891938	2.9265701	0.9489853	0.2506286	1.3688370	0.0679604
Q	0.7432964	0.1401281	0.7041096	1.3234305	0.8257211	0.4635310	1.1212707	1.7895075	0.1872721
R	0.0995458	0.0751851	0.3616103	0.4968189	0.6509934	0.5635996	1.0664077	0.7982398	14.0328417
S	1.3372664	1.6880646	1.2367193	1.2827409	1.3142300	1.7475582	1.7978073	1.3644350	0.1082906
T	0.7389577	4.8905253	1.1121104	0.8385810	0.8451563	2.4452199	1.9836897	1.1782915	0.0942322
V	0.2636624	4.3483574	1.8129748	0.5117111	1.5903040	1.4689068	1.2428726	0.6755730	0.1303024
W	0.7463553	0.0635931	0.3324224	0.6745665	0.8606840	0.8672911	0.5677346	0.2026969	0.0708859
Y	1.3710901	0.0903831	1.6231444	0.6887718	0.6224041	0.5072028	0.7336935	1.2969023	0.3661929
