##############
# A6801 PWM for 9-mers
#
# Copyright (2021) David Gfeller
##############
0.55847	2665
A	0.1780091	2.0786419	1.4950004	0.7303726	0.6800861	1.1739806	0.9364644	0.7795022	0.0490144
C	0.8475714	0.4045951	1.0163122	0.9133512	0.9173822	0.9226469	0.9238434	0.5436873	0.0557786
D	3.6426374	0.0848792	0.1800128	1.5513562	0.9135375	0.3001487	0.3152642	0.2485655	0.0570407
E	6.5631451	0.0843960	0.5830211	1.8326350	1.1955793	0.6153335	0.6418941	1.6184685	0.0639341
F	0.6648788	0.0768962	2.7732625	0.5832830	0.9291979	1.4260971	1.1256061	0.6183650	0.0480977
G	0.1310542	0.1224881	0.2175243	1.0841413	1.2796238	0.8419681	0.3923125	0.8923763	0.0446775
H	0.9316302	0.0328393	1.2858381	1.0021233	1.1068858	0.4773972	1.1176158	0.7456402	0.1004475
I	0.2322210	1.5368764	2.6348169	0.5233974	1.1900670	1.9308807	1.8085345	0.2326513	0.0415447
K	0.0780346	0.0432010	0.4866522	1.5670020	1.3898766	0.8303453	0.9520560	1.8748420	3.5046752
L	0.1756489	0.7384549	0.4073143	0.4343337	0.6814837	0.8586583	0.8772567	1.0639212	0.0611366
M	0.3383090	0.2405578	1.0860241	0.1834942	0.4115406	0.6285781	1.0011191	0.8472971	0.0914752
N	1.5171981	0.3016129	1.3151873	1.1148899	1.4921699	0.5900083	1.0234297	1.2601425	0.0633406
P	0.0320686	0.1982011	0.4666192	1.0274970	1.2485957	1.5085928	0.4209061	0.5444777	0.0286414
Q	0.5940555	0.1785391	1.1258917	1.6940996	1.6720846	1.5089152	1.7242536	2.4587702	0.1072586
R	0.0647760	0.0824377	0.1047902	1.1229355	0.4166538	0.2935841	0.9839819	1.3316916	13.3050207
S	1.0966293	1.4177441	0.8605981	1.4546496	1.2477516	0.9128435	0.7125543	1.2224736	0.0840451
T	1.4159149	4.5981494	0.7849638	0.9371230	0.8388982	1.3169572	1.4327279	1.4417204	0.0479057
V	0.1676898	4.1949534	1.9461299	0.4747461	0.7436549	1.7992888	2.1471086	0.5048086	0.0338832
W	0.3200421	0.0320750	0.7040361	0.3495837	0.3517706	0.5531529	0.4120881	0.0362367	0.0332664
Y	0.5215636	0.0692515	1.4826578	0.8778812	0.9072991	0.5543603	0.8543734	0.8163917	0.3564028
