##############
# A6801 PWM for 9-mers
#
# Copyright (2018) David Gfeller
##############
0.56967	2449	1
A	0.1279708	2.2932077	1.6383242	0.7667704	0.8104561	1.1844497	0.9473523	0.8213636	0.0560687
C	1.0546928	0.3327352	1.0230638	1.0312406	1.0357930	1.0430828	1.0418097	0.8824047	0.0679685
D	3.7846180	0.0716451	0.1561525	1.6340598	0.8731804	0.3036613	0.3124794	0.2366324	0.0557220
E	6.8701771	0.0539240	0.5682953	1.9099902	1.2200828	0.6392583	0.6298583	1.5867467	0.0695318
F	0.5524670	0.0705977	2.6120069	0.5240261	0.7748239	1.3693198	1.0733635	0.5905249	0.0496707
G	0.1435240	0.1340317	0.2846413	1.1082326	1.4995292	1.0050815	0.4315660	0.9219957	0.0555407
H	0.8633242	0.0322716	1.1804716	0.9365943	1.0120027	0.4447888	1.1004467	0.7425744	0.1254672
I	0.1991981	1.3253949	2.2890899	0.4350121	1.0592143	1.6772599	1.5305353	0.1948549	0.0276275
K	0.0817871	0.0483296	0.4956305	1.7126490	1.4154196	0.8861409	1.0470361	1.9758780	3.6269089
L	0.1601418	0.7871229	0.4004098	0.4447832	0.6953527	0.8916873	0.8769917	1.0841781	0.0700071
M	0.3118273	0.2205539	0.9749786	0.1399617	0.3960019	0.6404414	1.0064357	0.8621598	0.0858894
N	1.5546261	0.3479924	1.3184626	1.1305502	1.4611945	0.5742132	1.0370997	1.2597729	0.0691316
P	0.0295847	0.1640341	0.4519735	0.8734759	1.0384678	1.2161941	0.3563629	0.4417913	0.0263940
Q	0.6095657	0.1726157	1.0214950	1.6505792	1.6629947	1.5183997	1.7468027	2.3929242	0.1153798
R	0.0768729	0.0974272	0.1238092	1.2825801	0.4993718	0.3471722	1.2142636	1.5839660	14.4352954
S	0.9829610	1.5345696	1.0205909	1.5259456	1.3530958	0.9442682	0.7532222	1.2872873	0.0979787
T	1.4523504	4.4364146	0.8367698	0.9467771	0.8480948	1.3606171	1.3747898	1.3751085	0.0512277
V	0.1083746	3.6819896	1.7187484	0.4066944	0.6628951	1.5582398	1.8592246	0.4621912	0.0321429
W	0.4189363	0.0419958	0.7774078	0.3846067	0.4239183	0.6527755	0.5036331	0.0475778	0.0436805
Y	0.4849893	0.0488193	1.3661425	0.8997219	0.8010091	0.5493607	0.8599024	0.8135693	0.3599948
