##############
# A6802 PWM for 9-mers
#
# Copyright (2021) David Gfeller
##############
0.39451	546
A	0.2759300	1.2700465	1.1972804	0.7220197	0.6708973	0.7816890	1.5011449	0.8046412	0.7155041
C	0.8382979	0.5171778	1.0173690	0.9136113	0.9119396	0.9448850	0.9310201	0.5844111	0.2306409
D	1.7198676	0.1712353	0.2023372	1.6177746	0.9672096	0.4572084	0.8124680	0.4097541	0.0910922
E	6.9712738	0.1425416	0.1256827	1.3206632	0.7109942	0.5313732	0.9949544	1.4172733	0.1023391
F	1.0938122	0.2304484	6.9452001	1.7478906	1.5126479	1.7746964	1.6229939	0.9761802	0.3402326
G	0.1873805	0.1701315	0.2350421	1.4314702	0.9950449	0.5681812	0.1924446	1.0328434	0.0985113
H	1.2871612	0.1199462	1.0063811	1.9632543	2.2989356	1.0377730	3.3456540	1.9457919	0.0961395
I	0.2066170	1.4082887	2.5826383	0.4486188	0.4888306	2.0768675	1.1727597	0.2841794	2.1571564
K	0.2862504	0.1862383	0.3693204	0.7235934	1.6796078	0.3615766	0.4670505	1.4250241	0.1467799
L	0.2878034	0.6568212	0.4541836	0.4083098	0.7144272	0.7432350	0.5709100	0.5930290	2.8322563
M	1.2347309	0.3508385	1.8043789	0.5437852	1.1492589	0.9725938	0.9438682	0.2681240	0.7141327
N	0.8544621	0.2174242	0.5731963	0.6946464	1.5514770	0.4431872	1.0938712	1.5471095	0.1369131
P	0.1214176	0.3588233	0.5630177	2.1428426	1.6294500	1.6851229	0.9100924	0.5069629	0.0849431
Q	0.6861242	0.1558107	0.5652795	0.7151193	0.9717159	1.0714648	0.9160156	1.9968733	0.1929981
R	0.2587059	0.1413061	0.1566407	0.8664256	0.7881880	0.4161998	0.4324006	1.3469430	0.2495817
S	0.8582280	1.0926569	0.5072593	1.1642777	0.7036470	0.8707826	0.4192518	1.0844341	0.1362572
T	1.1689511	5.5277330	0.2658919	0.5511082	0.6806178	1.7445356	0.8449902	1.5116019	0.2488809
V	0.3775658	4.2314187	0.9934352	0.7111440	0.6379349	2.1250275	1.6698190	0.6349423	6.4983249
W	0.1493537	0.1229983	0.6161233	0.5247166	1.5267554	0.3966009	1.7946377	0.4078612	0.1315008
Y	1.2843725	0.1736967	2.5212318	1.3091475	1.4164637	0.7711057	2.1340427	1.6519639	0.1927701
