##############
# A6802 PWM for 9-mers
#
# Copyright (2018) David Gfeller
##############
0.37819	489	1
A	0.3176659	1.3798120	1.2960148	0.8353039	0.7747917	0.8774223	1.5347595	0.8136200	0.7347412
C	1.0358708	0.4957100	1.0433799	1.0400189	1.0345477	1.0767642	1.0590819	0.9066896	0.2896701
D	1.8442791	0.1904341	0.1967293	1.7210484	1.0888532	0.4175514	0.8155536	0.4227719	0.1012134
E	7.4466708	0.1553875	0.1389266	1.2720773	0.7847255	0.5310142	0.9867930	1.3684342	0.1115361
F	0.9822669	0.2382981	6.6205021	1.6786883	1.2799556	1.6300212	1.5863311	0.8270721	0.3135608
G	0.2343102	0.2125724	0.2423692	1.6189524	1.2313881	0.6340637	0.2390862	1.1860993	0.1219399
H	1.0601405	0.1178244	1.0110575	1.3487667	2.0746869	1.0337577	3.1163803	1.8182227	0.0946992
I	0.1608410	1.2209535	2.0549124	0.4240760	0.4116055	1.9118069	1.0830087	0.2887001	1.9855578
K	0.3012028	0.2090799	0.4186228	0.8156934	1.7953691	0.4076750	0.5512277	1.5505103	0.1652411
L	0.1887031	0.5974647	0.4731975	0.4123568	0.5906799	0.7422870	0.5884068	0.5931724	2.7285140
M	1.3165528	0.3274505	2.1063614	0.6148524	1.2912700	0.9660116	0.9341047	0.3682971	0.8028626
N	0.7223325	0.2387981	0.6721700	0.6909673	1.6054582	0.4862021	1.0952364	1.5130708	0.1501837
P	0.1138016	0.1650554	0.4165065	1.7588743	1.2210487	1.4684897	0.7404440	0.3312293	0.0782991
Q	0.5960244	0.1680752	0.5771017	0.7731787	1.0180905	1.0827556	0.7167259	1.9573191	0.2085669
R	0.2767254	0.1671642	0.1570080	0.8752022	0.8482504	0.4644392	0.5141625	1.5693794	0.2965137
S	0.9314983	1.1309097	0.5723477	1.3688191	0.7520238	0.8682504	0.4642849	1.1629509	0.1585981
T	1.1419577	5.5103111	0.2850917	0.5681717	0.6473926	1.7070289	0.8808884	1.5055476	0.2670262
V	0.2531693	3.8206207	0.7623127	0.6234091	0.6075787	1.7765838	1.4198328	0.5453552	5.6294311
W	0.1910359	0.1622036	0.8283554	0.3649831	1.7042065	0.5252120	2.0652563	0.5387352	0.1720032
Y	1.1268242	0.1887458	2.7704900	1.3715372	1.4881698	0.7336377	2.1756851	1.6328015	0.2075454
