##############
# A7401 PWM for 9-mers
#
# Copyright (2021) David Gfeller
##############
1.00000	1211
A	1.5380705	0.2879397	0.8537264	0.8948985	0.6351377	0.8068958	1.3311040	0.7959052	0.0952756
C	0.6322035	0.2998855	0.4363610	0.5554854	0.5605496	0.5731328	0.5746762	0.0767163	0.0480186
D	0.0904891	0.0662362	0.1921564	1.4975042	0.4506381	0.2054505	0.2065784	0.1589566	0.0828850
E	0.1178493	0.0775000	0.1499937	1.8561261	0.5476338	0.4204991	0.4731046	1.0541345	0.1211551
F	0.0753354	0.1324003	2.7753787	0.5840967	1.7471976	1.1479715	1.9210606	0.8211707	0.0982111
G	0.4790814	0.0724260	0.4023367	1.2671764	0.9618117	0.4579993	0.2049726	0.7649330	0.0767596
H	0.9883742	0.0683746	0.9286540	0.7393669	1.4352399	0.7866010	1.6721906	0.9563980	0.2910338
I	0.6764752	1.9094840	0.7212799	0.5052918	1.3701084	2.3152021	1.5587186	0.3181228	0.0613477
K	3.4727568	0.1106334	1.5708340	0.9209218	1.5614524	0.6669091	0.4624553	1.1572314	0.7555732
L	0.3235290	3.4559811	0.8076482	0.6762258	0.7788829	1.2375593	0.6508023	1.5669643	0.2300973
M	0.5676770	1.7384733	1.2947655	0.2895213	0.5578943	0.6752379	0.7285078	0.6636785	0.1280644
N	0.1203724	0.1156010	2.3828577	0.9551311	0.6975750	0.5878429	0.5403907	1.6342622	0.1262156
P	0.0640067	0.0666159	0.3350560	2.0580658	1.5884764	1.6860015	0.7980600	1.3321951	0.0686549
Q	0.8148607	2.0792337	1.8687339	1.3941401	0.7418723	0.9060979	1.1195020	2.0095174	0.1760577
R	4.9328774	0.1336578	1.7501901	0.4911237	0.8818776	0.8185016	0.7528141	0.7791011	15.5563343
S	1.5127268	0.8574093	0.9020070	1.6081406	0.8831380	0.7628763	0.9056798	1.1496086	0.0990387
T	0.5861574	2.8529229	0.4554480	0.7789202	0.6766144	1.4810268	1.3316183	1.1293620	0.0947040
V	0.8604092	2.4772052	0.3786226	0.6165585	1.3848894	1.8256224	2.3052104	0.9224771	0.1029205
W	0.1261482	0.0718081	2.5066880	0.6172989	2.7892105	0.8204848	2.1380808	0.3299990	0.0667291
Y	0.1902043	0.0990743	2.3593993	0.6171970	1.2067693	1.0714619	1.9064416	1.5077536	0.0856838
