##############
# B0702 PWM for 9-mers
#
# Copyright (2018) David Gfeller
##############
0.28052	1503	1
A	1.2216053	0.7449170	0.1211450	0.9176984	1.1473660	1.0624424	1.0509681	1.5677320	0.3174236
C	0.6880224	0.2134889	0.3553866	0.6132939	0.6202899	0.6269214	0.6241070	0.6115389	0.3739043
D	0.0767394	0.0766116	0.0754216	1.2991951	0.5348638	0.5571480	0.6227012	0.6213415	0.0380519
E	0.2527380	0.0755024	0.1064643	1.4140476	0.7215451	0.4296577	1.0813385	1.5441896	0.0415182
F	0.5093388	0.0665366	0.0483831	0.5424835	0.6473959	1.1267351	0.3408268	0.3774951	1.9092413
G	0.9343428	0.0986032	0.0870845	1.1567103	0.9334165	1.9144849	0.6867685	0.8270543	0.0553958
H	0.8405031	0.0709311	0.8827872	0.6142480	0.9593378	0.3126440	0.5875492	0.8850894	0.1275918
I	0.9466694	0.6874767	0.1233043	0.4538303	0.8827678	0.9860185	0.9842081	0.3633535	1.1154152
K	1.4615532	0.0990732	3.1302887	1.6016506	0.7554374	0.3495643	0.7834130	0.8518856	0.0729339
L	1.0876479	0.3500954	0.0598190	0.7694609	0.8014024	1.0252547	1.1572494	0.5368679	6.6031797
M	0.4001146	0.0829927	0.5008016	0.5918388	0.5759315	0.7139217	0.8207269	0.5438914	1.9565855
N	1.0052227	0.1616113	0.2625024	1.4772603	0.8172721	0.9200219	0.8387933	0.6114876	0.0577104
P	0.0720969	10.9303153	0.2456327	1.5215541	2.4680479	0.9701768	0.5932848	0.1791095	0.0390046
Q	1.3690034	0.1086867	0.2686302	1.2952946	1.4035964	1.0905109	1.6265278	1.6069147	0.0503480
R	3.4824268	0.2059659	13.5184436	0.8551591	0.7444903	0.3406553	1.1229149	0.9377937	0.0682334
S	1.7700639	0.1382640	0.0920379	1.2060256	1.1705125	1.7787814	2.0866424	2.9052544	0.1063549
T	0.8147035	0.3699931	0.0794972	0.9805028	1.0373609	2.0213313	1.5167048	2.0199405	0.2941127
V	0.9001404	1.6243139	0.0516842	0.6880915	1.3291370	1.2267723	1.2328708	0.9422418	1.2469982
W	0.2553499	0.1021212	0.0656946	0.4912990	0.7348776	0.6786985	0.3708640	0.4952587	0.0882331
Y	0.7370708	0.1012967	0.0939056	0.6097166	0.7176938	0.4141151	0.3248261	0.6541234	0.1303739
