##############
# B0704 PWM for 9-mers
#
# Copyright (2021) David Gfeller
##############
0.14127	127
A	2.0257803	0.6912291	0.9072893	0.4638871	0.4064536	0.5584044	0.7664451	1.2606972	0.7121685
C	0.7530813	0.3139578	0.5638022	0.6204425	0.5504352	0.6556779	0.6610805	0.8382463	0.5840070
D	0.4280714	0.4450387	0.6753406	1.4224195	0.6689950	0.7104724	0.6606142	0.7683728	0.1880734
E	0.4755742	0.3658413	0.5947985	1.3066428	0.5807883	0.9946840	0.9692675	0.8788725	0.2120905
F	0.5688596	0.2047531	1.5340992	1.3784637	0.3034522	0.3886823	0.9658393	0.6070227	1.6495942
G	0.7606855	0.3231468	0.4938227	0.6985725	0.3170345	0.8602772	0.6072423	0.5961737	0.2111509
H	0.9356542	0.2979038	2.0500452	1.1576157	0.5042723	0.7464128	1.1126498	0.3883574	0.2437860
I	0.4429364	0.3689452	0.9181985	0.6241558	0.6995084	0.7626592	1.5552843	1.2620075	1.6080663
K	1.3791393	0.4153636	1.3626841	1.0879813	4.3162842	1.3105054	1.7591654	0.7252052	0.2607755
L	0.6553599	0.2573866	0.8485735	0.9173782	0.3331291	1.4302705	1.5169646	0.7405731	5.1960645
M	1.1055432	0.2892136	1.8064176	1.1348674	0.4270595	1.0438535	1.1318600	0.5594769	1.3117578
N	0.7516542	0.3372084	1.7747693	0.9070426	0.6514439	1.2859660	1.1315462	0.4962180	0.2145066
P	0.2998272	12.4517301	0.4347540	1.3710535	0.2660125	1.6878226	0.4421596	0.7862553	0.1768660
Q	0.8257420	0.3322826	1.6935701	1.5954045	0.7506860	1.1954808	0.8880340	1.8749710	0.2580055
R	1.7828651	0.2901810	0.8937400	0.6151054	5.8352183	1.0339194	0.9755834	1.0757942	0.2657540
S	2.9979529	0.4925811	0.5607129	1.1566118	0.4536313	1.4138043	0.4730285	1.7208832	0.2686370
T	0.9352590	0.4342479	0.5181995	0.7742562	0.4320607	0.9669700	0.5282265	1.7760734	0.4094806
V	0.7057730	0.4378489	0.7939801	0.7976699	0.3628542	0.9727289	1.3500128	1.4799609	1.3664178
W	0.2845284	0.1378967	5.6316537	1.6626869	0.2968960	0.2680037	1.2212868	0.2873187	0.3685414
Y	0.4115429	0.2752200	1.2586221	1.7093361	0.8165662	0.3797043	1.0938939	0.5495344	0.5400390
