##############
# B0704 PWM for 9-mers
#
# Copyright (2021) David Gfeller
##############
0.32036	288
A	1.4797838	0.7953528	0.5386836	0.8468013	0.8939764	0.6505978	0.5837158	1.5985890	0.5437139
C	0.6513909	0.2426067	0.4582418	0.5842564	0.5972948	0.6025846	0.5941999	0.7826675	0.4654684
D	0.3274982	0.2287683	0.2770889	0.8934228	0.3518450	0.3103237	0.3327692	0.6269262	0.1320132
E	0.4172131	0.2355171	0.3967115	0.7176006	0.5748705	0.3909842	0.7056028	1.0693370	0.1504593
F	0.4395445	0.1584107	0.1775014	0.4954262	0.7813920	1.6260830	0.4876166	0.3946708	2.0762387
G	0.8724483	0.2153626	0.3032205	0.6111964	0.6817665	2.5118456	0.5369639	1.1392568	0.1432623
H	1.4077737	0.1938238	1.5487540	0.8318529	0.2408024	1.5771282	1.4124899	0.2739854	0.3664459
I	0.6629771	0.3967953	0.3169898	0.6215855	0.6355834	0.7394370	0.5652991	0.6357005	1.0643194
K	1.5801655	0.2701498	5.7251274	1.5215893	0.5987968	0.2722095	1.4062121	0.6475387	0.2200891
L	0.9774727	0.2594129	0.2099055	0.7179822	0.6404935	1.0264690	1.0907455	0.7458301	5.3937243
M	0.4444928	0.2287244	0.4669258	0.9682239	0.4916003	0.5358597	0.7382781	1.0076483	2.4322184
N	1.0755812	0.2173305	0.3763588	1.0877112	0.6582139	1.4313266	0.9566960	0.7301153	0.1550248
P	0.2359567	12.8811028	0.2913390	4.0865851	6.7710082	1.8393242	1.4321691	0.4465280	0.1192462
Q	0.5281572	0.2191255	0.5105552	0.4923723	1.1483811	0.7275731	1.5413932	1.1500107	0.2428219
R	2.4661528	0.1926006	5.7832482	1.1442186	0.2415992	0.4968887	2.4371029	0.9930711	0.1860612
S	2.1523022	0.3599561	0.4602761	0.8786378	0.7757011	0.9576323	1.5339524	2.2031346	0.1879759
T	1.2439635	0.3001446	0.2973241	0.7128755	1.0672200	1.4585520	1.4880978	1.5221794	0.4534589
V	0.6065358	1.1238327	0.3243018	0.8176812	1.0013579	0.8830857	0.7686883	1.2167413	1.4711709
W	0.2015709	0.1020691	0.1840237	1.0607079	0.1724457	0.6637584	0.4087752	0.6448731	0.4819998
Y	0.6105037	0.1946508	0.2663055	0.9274035	0.8350808	0.8364275	0.2865459	0.9222509	0.5605975
