##############
# B0704 PWM for 9-mers
#
# Copyright (2021) David Gfeller
##############
0.26696	240
A	1.2098576	0.8197418	0.6086953	1.2371495	1.1568270	1.0869709	0.3517992	0.8076953	0.2915504
C	0.6641334	0.2716932	0.5178790	0.6035034	0.5964009	0.6575585	0.5493578	0.7824402	0.4921608
D	0.2890079	0.2468791	0.4213108	1.0810352	0.4997154	0.3142472	0.3341943	0.3781690	0.1406503
E	0.3284972	0.2552096	0.5641336	1.6733478	0.3870714	0.2678341	0.5064656	1.4300161	0.1557821
F	0.7136015	0.2077371	0.5598353	1.3036319	0.9430126	1.2993961	0.1965222	0.4477839	1.9452116
G	0.7640249	0.2338159	0.5092085	1.4762060	0.5526917	0.6933342	0.4876389	0.3342855	0.1440129
H	2.3527762	0.2166756	0.7873330	1.0749853	4.5520195	1.1939852	1.8616444	0.5044603	0.1837842
I	0.8699962	0.8321507	0.5797371	0.5651639	0.9410465	3.2734377	0.2833032	1.3488307	2.3287593
K	1.4237636	0.2997722	3.9378132	1.1580922	1.7125300	0.3811001	7.5222419	1.5919415	0.1911054
L	0.8505491	0.5297864	0.8335265	0.4965926	0.5228991	1.2483805	0.2832119	0.8214593	4.7247244
M	1.0367916	0.2965055	0.6882146	0.3284193	0.4624828	1.4937497	0.3106311	0.9735151	2.0914473
N	0.6367095	0.2405724	2.5252434	1.0968026	2.3681812	0.2391680	0.4323456	0.6634755	0.1608175
P	0.3791492	11.1732963	0.2064475	1.2950190	0.7962473	1.5628480	0.4681819	0.2578401	0.1273361
Q	0.7124026	0.2441772	0.8486265	1.0507323	0.8383892	0.7727161	0.5616362	1.5132968	0.2572940
R	2.2955519	0.3699346	1.2228779	0.5385290	0.7303716	0.2236174	2.2419740	0.7688032	0.1925676
S	2.0828523	0.3971693	1.3175442	1.5061374	1.0889307	0.2868358	0.7740891	1.0553814	0.1890809
T	1.0490014	0.4854122	1.3885185	0.9227881	0.8089562	0.8440626	0.7495490	2.2297647	0.3135735
V	0.9709898	1.0808760	0.4053774	0.5925347	0.6961690	2.1700264	0.4045206	2.0655552	2.0063605
W	0.2291817	0.1289319	0.9955576	0.2275013	2.2831928	1.0053065	0.1986838	0.2219569	0.2805239
Y	0.5427794	0.3223672	0.7903116	0.6231924	1.0052544	0.5730996	0.3009733	0.5864078	0.5182051
