##############
# B0702 PWM for 9-mers
#
# Copyright (2021) David Gfeller
##############
0.42167	2845
A	1.4163323	0.2327295	1.8591877	0.8328984	0.5686089	1.0378521	1.0663543	1.6599990	0.1203842
C	0.5540424	0.0769121	0.4143874	0.5017110	0.4971938	0.5021694	0.5055021	0.6969689	0.2781148
D	0.0804858	0.0567595	0.7770327	0.6253038	0.3643691	0.4884817	0.1994785	0.3136636	0.0267164
E	0.0470722	0.0386995	0.4233243	1.1209922	0.2992237	0.4832092	0.4826443	1.2278815	0.0337619
F	0.4807684	0.0556265	0.8274711	0.7539407	0.7128240	0.9694540	0.2725594	0.2595544	2.2364363
G	0.4414384	0.0336682	0.6608529	1.1042332	0.9168673	1.0829147	0.5299818	0.4385198	0.0307962
H	1.0497256	0.1077619	1.6587766	0.9978640	1.7859306	1.6570566	1.1930565	0.3694390	0.0906169
I	0.7046078	0.1360996	1.1432984	0.5923331	0.4874248	1.0324111	1.2116309	0.6636389	1.0297838
K	1.4488070	0.0609710	0.7616551	1.0894211	1.9611150	1.0748493	0.7481237	0.5296685	0.0612626
L	0.9941650	0.1641115	0.9108069	1.3171782	0.3289034	0.9484286	1.4840455	0.5966029	7.2973635
M	0.8869437	0.1172685	1.0166600	0.5474745	0.2444607	0.7704586	0.9464821	0.3941060	2.4586230
N	0.5562016	0.0511220	1.3357300	0.9913625	0.9151999	1.0031843	1.0709700	0.5420437	0.0545818
P	0.0883120	17.3119642	0.0279956	1.3398953	1.7345684	1.2784408	0.9208938	0.2076417	0.0249018
Q	0.4744300	0.0873939	1.5727678	1.2428472	0.7419598	0.8954110	1.2889776	1.1096557	0.0543057
R	2.3631924	0.0680217	0.1486341	0.7209867	3.5679633	0.9604257	0.8267054	0.5385905	0.0901748
S	3.6659362	0.1027634	2.0963893	2.1959910	1.5783901	1.6152428	1.8697901	3.7504053	0.0378884
T	1.0917801	0.1159601	1.0385879	0.7729802	0.9765510	1.3677772	1.8433663	2.1689027	0.1129347
V	0.9563096	0.3274748	1.0231297	0.5586649	0.7898876	0.9626525	1.3712864	1.6318177	0.8358776
W	0.1154489	0.0701346	1.2400809	0.6867890	0.6835908	0.6855171	0.2494323	0.1402992	0.0965522
Y	0.6800353	0.0531589	1.2772384	0.8823265	0.5770971	0.6249650	0.4065090	0.3935400	0.0746178
