##############
# B0702 PWM for 9-mers
#
# Copyright (2021) David Gfeller
##############
0.23759	1603
A	1.1066724	0.7186977	0.0778655	0.7747559	1.1546081	0.9800769	0.9920346	1.4241543	0.3218816
C	0.5600861	0.1048315	0.4018898	0.5106798	0.5172692	0.5223052	0.5188107	0.6987741	0.3038852
D	0.0816833	0.0814044	0.0691720	1.2632886	0.4936078	0.4805290	0.6293866	0.5915744	0.0351372
E	0.2554183	0.0706507	0.1003113	1.5407208	0.7789842	0.3931159	1.1732142	1.5087856	0.0390645
F	0.5721798	0.0660623	0.0507300	0.5782971	0.6959780	1.2399935	0.3078762	0.5102688	2.0427040
G	0.8404263	0.1057570	0.0547953	1.0310815	0.8408573	1.7106691	0.6216205	0.7002707	0.0457752
H	0.8923598	0.0515745	1.4942607	0.6796435	0.9083592	0.2588242	0.5882279	1.0003690	0.1760092
I	1.0717113	0.8281371	0.0788032	0.5635835	1.0418846	1.0784268	0.9575510	0.3761419	1.3136539
K	1.2957748	0.0806445	2.9537135	1.3957436	0.6965263	0.3261927	0.7807084	0.8764744	0.0477213
L	1.0598486	0.3747291	0.0649615	0.7418897	0.7898407	1.0201982	1.0928994	0.4527032	6.4494977
M	0.4351048	0.0761204	1.0498770	0.6817059	0.5010768	0.8408538	0.7922549	0.6821994	2.0676419
N	0.9801774	0.1511139	0.1661359	1.4219858	0.8039368	0.8735944	0.8649992	0.5830607	0.0408333
P	0.0459946	12.8486287	0.2029696	1.9326230	2.9809286	1.0847497	0.6341328	0.1749305	0.0773916
Q	1.3579375	0.0882341	0.5019255	1.2889101	1.3913163	1.0784531	1.6041604	1.6512901	0.0478158
R	3.2198660	0.1675492	12.0176145	0.6763910	0.4043818	0.1172255	1.0451208	0.8920817	0.0483738
S	1.7623141	0.0858671	0.0801490	1.0490976	1.1156750	1.6924055	2.0322170	2.5896499	0.0846994
T	0.8643947	0.4183058	0.0756192	1.1190916	1.1209199	2.2749201	1.6310728	2.1561116	0.2920071
V	1.0855534	1.8406665	0.0560475	0.8341090	1.5831888	1.4805505	1.4483599	1.0925142	1.5115484
W	0.4327344	0.0793597	0.0527239	0.5226760	0.6179201	0.6690176	0.2405981	0.4311319	0.3061411
Y	0.6191354	0.0760654	0.2269681	0.5374154	0.6772598	0.4110133	0.3052423	0.6937142	0.1437260
