##############
# B0704 PWM for 9-mers
#
# Copyright (2021) David Gfeller
##############
0.27141	244
A	1.9388517	0.5964979	1.6268209	1.4044272	0.9259019	0.5032399	0.9375485	2.1495000	0.3567470
C	0.6845469	0.2503187	0.5540591	0.6181067	0.6056246	0.5422220	0.6071208	0.8287474	0.4931068
D	0.2737229	0.2566763	0.4936109	0.7986102	1.0340665	0.3053499	0.5804477	0.3146630	0.1362887
E	0.4044797	0.2650884	0.8246100	1.3721418	0.8893264	0.4067880	0.6842998	1.3916705	0.1536357
F	0.8193716	0.1619764	0.5138548	0.4507741	0.7813250	0.1902560	0.2255314	0.2868895	1.5204450
G	0.5952140	0.2325817	0.6007853	1.5403646	2.3604513	0.7726347	0.5712672	0.4718555	0.1439400
H	0.8400660	0.2168615	0.6698848	0.3087639	1.3506609	0.6850854	0.5957904	0.6042414	0.1779953
I	1.0925417	0.4393142	0.8531446	0.3352569	0.3823970	0.1985505	0.8573920	0.7665751	1.4908124
K	1.1727499	0.3032820	1.4454250	1.1766233	0.8961057	3.5265229	2.0121114	0.9327287	0.1900002
L	0.8069805	0.2113888	0.7792591	0.5701490	0.3701254	0.2177871	0.5108190	0.6530339	5.6896749
M	1.1436601	0.2330012	2.1213087	0.6378127	0.4133084	0.3978911	0.7521102	1.1640984	2.0073732
N	0.3498301	0.2423627	1.3368060	1.0881614	1.1403327	0.7343184	0.7848592	0.3989609	0.1566317
P	0.2003751	13.3264816	0.1981779	2.4154268	2.2894762	0.2561791	4.5939665	0.7008972	0.1267518
Q	1.0147721	0.3764574	2.6337493	1.1854289	0.9902681	0.6014245	0.8199906	1.1070301	0.1913561
R	1.8444614	0.2146318	1.3693069	0.6943138	0.3479478	7.2296736	0.7121294	0.5224010	0.1951439
S	2.0028577	0.3161913	1.2790701	1.6842954	1.4346811	0.9070732	1.1217107	1.6634785	0.1871216
T	1.2429454	0.4214676	0.8382539	0.6865224	0.7131896	0.4860950	1.1626095	1.4333357	0.3052567
V	0.8904918	0.7285652	0.6248293	0.5785504	1.3019589	0.2285857	0.8512554	2.1858608	1.7177756
W	0.5075512	0.1067274	0.7514280	0.4554465	0.1956685	0.2020535	0.1696952	0.2081636	0.2701906
Y	1.3603819	0.2086643	0.8900224	0.5535571	0.2984658	0.2674091	0.2572251	0.4806218	0.3946302
