##############
# B0702 PWM for 9-mers
#
# Copyright (2021) David Gfeller
##############
0.12302	830
A	1.4994581	1.2451622	2.1419098	1.5543448	0.9125109	0.1491039	1.6635414	1.7874625	0.2742825
C	0.5931383	0.1472069	0.4533091	0.5363922	0.5369686	0.4989573	0.5413042	0.7214911	0.3497315
D	0.1796153	0.1090623	1.2936294	1.0926904	0.7066881	0.1198573	0.6805803	0.2321354	0.1218645
E	0.2845768	0.1948831	2.3752610	1.7477766	1.3052785	0.1914370	1.1395186	1.3871577	0.1033458
F	0.9164433	0.0844298	0.5635893	0.4616155	0.5264789	0.0840785	0.2362269	0.5831954	0.7903774
G	0.9662291	0.1818035	0.8268450	1.3704716	1.4320496	0.1101234	0.5024052	0.7941642	0.1101860
H	0.8750416	0.0932844	0.1895071	0.4832891	1.2968748	0.5577161	1.1127690	0.5951587	0.0781723
I	0.9744833	0.6483521	0.4893552	0.5134758	0.9288689	0.0821820	0.6432176	0.7204208	1.3749217
K	0.8147292	0.1446651	0.1995019	1.1455972	1.1699388	2.5340296	1.1534006	0.9076741	0.0859710
L	0.8229691	0.2547416	0.4217198	0.6593757	0.9781436	0.0962451	0.8892121	0.9207017	6.8700101
M	0.8950316	0.1226522	2.4773077	0.3164410	0.7625844	0.1290091	0.8793244	1.1063721	1.8048109
N	0.4168879	0.2957332	1.4807900	0.7784727	0.9093361	0.2229441	1.5381067	0.3111271	0.0718354
P	0.1455275	12.4894017	0.2346320	1.6839238	1.1588004	0.0779036	2.0230898	0.6233554	0.3912850
Q	0.9632909	0.1587430	3.1554386	1.5402212	1.7904050	0.4519632	2.1180354	2.1283990	0.1120409
R	2.7252186	0.1312072	0.7305099	0.5374504	0.5537720	12.7254126	0.6207710	0.6277620	0.1050519
S	2.1902095	0.1425677	1.4819034	1.3243036	0.8084904	0.1404064	1.3155432	1.6290078	0.1638103
T	1.3848113	0.3388962	0.6665723	0.9448982	0.9190091	0.1322408	1.1450720	0.8954916	0.2677551
V	0.8926904	1.4142205	0.1634457	0.6306720	1.3824528	0.1397641	0.4913524	1.6349925	1.1750769
W	0.5396714	0.0542451	0.0935378	0.8682910	0.6990440	0.1779885	0.3451128	0.5309381	0.1110210
Y	0.7763326	0.0966668	0.3714112	0.4380047	0.3801332	0.2581716	0.1262150	0.6591146	0.2248697
