##############
# B0801 PWM for 9-mers
#
# Copyright (2018) David Gfeller
##############
0.58676	2039	1
A	0.3790133	0.8602793	0.2325972	0.5558596	0.2836546	1.1937134	1.1176652	2.5075719	0.3887433
C	0.4913711	0.3388276	0.2226755	0.6793605	0.6744061	0.6935412	0.6864946	0.7719831	0.1617196
D	2.9866200	0.0627513	0.0796234	0.5798812	0.1769232	0.2216908	0.7517514	0.3361644	0.0287201
E	4.4604603	0.2630151	0.2321384	2.7418409	0.2261014	0.8482592	2.6733498	2.9396144	0.0318145
F	0.9907686	0.4094087	0.2517712	0.1301865	0.3076402	1.2918477	0.4369330	0.1519210	0.9468794
G	0.1297566	0.1005090	0.1297704	0.2515047	0.0859057	0.4928138	0.2229240	0.3930877	0.0343446
H	1.4075176	0.0991005	0.9418607	0.6388855	1.1510647	0.7044348	1.0867608	0.4326874	0.1272367
I	0.6285267	2.4737540	0.5939407	0.4312010	0.2998610	1.4500090	0.6230175	0.2211037	1.1531698
K	0.4131325	0.0718445	7.1133257	3.4278432	7.7009931	1.5865892	1.3723717	0.5927454	0.0638085
L	0.7383843	4.9570817	0.9373398	0.6750413	0.5235033	1.2226961	1.0602936	0.3128590	7.3283347
M	0.6475369	2.6759319	0.9950128	0.4690201	0.2692694	0.5910093	1.0699927	0.3670386	2.3125494
N	1.0290553	0.1352900	0.6321535	0.8311059	0.3654425	0.6741533	1.0588838	0.4302407	0.0433939
P	0.0625508	0.3627745	0.0949901	0.2402551	0.0344487	0.3426605	0.1092642	0.0376095	0.0375128
Q	1.1906684	1.0120691	1.1857092	2.5828703	0.9129830	1.2210169	2.3609205	2.4533164	0.1211074
R	0.6294172	0.1561618	4.4866684	2.3995050	4.8000419	0.8770497	0.9685892	0.5427629	0.0524190
S	0.5603981	0.2864910	0.1855717	0.8565961	0.2477107	0.7269206	1.2037713	3.5876812	0.0421569
T	0.8042363	0.2097927	0.0725279	0.6534909	0.2849300	0.8490432	0.8504107	1.0925768	0.2056779
V	0.4619147	1.1130384	0.0913579	0.5180911	0.3318154	1.8701393	0.7631043	0.7093496	0.9339995
W	1.1056936	0.1034153	0.2821303	0.1859531	0.1426269	0.7412844	0.3728729	0.3666340	0.0635782
Y	1.5562977	0.0672578	0.5599027	0.2734491	0.4160761	1.2157804	0.8356041	0.3037663	0.0749253
