##############
# B0802 PWM for 9-mers
#
# Copyright (2018) David Gfeller
##############
1.00000	34	3
A	0.6997940	0.9973094	0.7425497	0.7464335	0.7928387	0.8512302	1.1399400	1.7675817	0.4831026
C	0.4091840	0.5437606	0.3177181	0.3957578	0.3189768	0.4066666	0.4205124	0.5492149	0.5306491
D	0.9708869	0.3673998	0.6013982	0.5571527	0.5003740	0.8068174	0.9723111	0.5291906	0.2576879
E	0.7634867	0.4261800	0.8662994	1.0166213	0.7150290	0.6486729	1.8254725	0.8549582	0.2794461
F	2.1300582	1.4729726	0.3543764	0.5910768	0.4593654	2.1759641	1.3623449	0.5862349	3.5789440
G	0.4093649	0.3974204	0.4905382	0.4369999	0.4293667	0.9232621	0.7241278	0.9891337	0.2691758
H	1.7155306	0.4239201	1.1189425	1.5321672	1.1607273	0.6284931	1.1402428	1.8448729	0.3624667
I	1.0345770	1.3479194	0.3859140	0.8631459	0.5508378	0.9741581	0.6193586	1.3166756	1.9260793
K	0.8368733	0.5231818	4.0880712	2.1372772	1.8117893	1.3267993	0.8959388	0.6129932	0.3411327
L	0.8901832	2.6348826	0.4127065	0.9857111	0.4706688	0.8673726	0.9127226	0.6610736	3.6928499
M	2.0436002	3.1087365	0.5618838	1.3946190	0.5898187	0.7424514	1.0152147	0.7103741	1.8432764
N	0.6137891	0.4144996	0.7872080	0.6773003	0.7230715	1.4019069	1.1547992	0.5869519	0.2910026
P	0.3079650	1.5322042	0.3991246	0.3490109	0.3317436	0.3229171	0.6641143	1.6109680	0.2206158
Q	1.0960075	0.7140178	1.1075472	0.9029801	1.0086076	1.3667311	1.2242554	0.5935068	0.3338640
R	1.2221629	0.6718198	4.0398400	3.2095643	6.5974146	2.1834837	0.8394281	0.7032983	0.3567569
S	0.8144440	0.7624992	0.8080882	0.8597585	0.6196507	0.7637154	0.8303728	0.8908313	0.3330515
T	0.7787709	0.6412051	0.6377924	0.6488476	0.5844868	0.8070820	0.9872347	1.4104589	0.5275762
V	0.7485455	1.0242122	0.4325765	0.9235720	0.4937974	0.8183642	0.6258350	1.5286034	1.2201575
W	0.9007286	0.4851343	0.3851448	0.4616800	0.4511872	0.5509710	1.9292215	0.4238239	0.6524007
Y	4.4275842	0.7152245	0.5414252	1.0121101	0.9498793	1.2239011	1.9245134	1.0116803	1.1061440
