##############
# B0801 PWM for 9-mers
#
# Copyright (2018) David Gfeller
##############
0.59751	2065	1
A	0.3679745	0.8372447	0.2234878	0.5552851	0.2738786	1.1977075	1.1414577	2.5391912	0.3647862
C	0.4908911	0.3376966	0.2219257	0.6790629	0.6738203	0.6926639	0.6861058	0.7713358	0.1608575
D	3.0146893	0.0626022	0.0791293	0.5821961	0.1750664	0.2280162	0.7343145	0.3325227	0.0283186
E	4.3806872	0.2914076	0.2238505	2.7824609	0.2174863	0.8429089	2.6413549	2.9647643	0.0314474
F	0.9856496	0.4230137	0.2471980	0.1596102	0.3029651	1.2711800	0.4613122	0.1496142	0.9425117
G	0.1283361	0.0774032	0.1285988	0.2486044	0.0776321	0.5315936	0.2350463	0.3815411	0.0338095
H	1.4249893	0.0984119	0.8554048	0.6324621	1.1556376	0.6978177	1.0299515	0.4284668	0.1259328
I	0.6517486	2.4139118	0.5642801	0.4579190	0.3082778	1.4333720	0.6273374	0.2179853	1.1419992
K	0.4092111	0.0718096	7.3426163	3.3664005	7.7923235	1.5803656	1.3445947	0.5871730	0.0630916
L	0.7474774	4.8676052	0.9046243	0.7042966	0.5210235	1.2006690	1.0651036	0.3086346	7.3316796
M	0.6398237	2.6018074	1.0016590	0.4832983	0.2659905	0.6027647	1.0571661	0.3624991	2.2838291
N	1.0473901	0.1235335	0.6560886	0.8410551	0.3712276	0.6865785	1.0447943	0.4350430	0.0427382
P	0.0617046	0.4570328	0.0711712	0.2371717	0.0415992	0.3383664	0.1153496	0.0371754	0.0370023
Q	1.2249252	1.0261333	1.1637986	2.4893887	0.9387533	1.2210437	2.3953891	2.4072792	0.0966562
R	0.6342607	0.1824533	4.4871697	2.3566356	4.7257028	0.9071938	0.9530603	0.5123500	0.0519750
S	0.5770440	0.3442383	0.1840183	0.8702233	0.2452187	0.7047415	1.1615541	3.6110268	0.0415357
T	0.7954312	0.2246665	0.0718694	0.6882194	0.2901946	0.8646987	0.8744439	1.0806267	0.2034001
V	0.4730419	1.1365374	0.0894034	0.5346177	0.3327699	1.8707376	0.8230221	0.7341018	0.9616912
W	1.0927887	0.1020112	0.2786159	0.1391674	0.1411029	0.7325727	0.3686070	0.4070091	0.0628739
Y	1.5493204	0.0662672	0.5360942	0.2545561	0.4405665	1.2133005	0.8237371	0.2994649	0.0738898
