##############
# B1302 PWM for 9-mers
#
# Copyright (2018) David Gfeller
##############
1.00000	2106	1
A	1.4331924	0.3677918	1.2817415	0.9837744	0.8857253	1.0892275	0.6430300	0.8324254	0.2321450
C	0.6911455	0.2377061	0.4338265	0.6034078	0.6138621	0.6102952	0.6112731	0.0522933	0.0748635
D	0.0586146	0.0824871	0.4708718	1.7406473	0.5797852	0.7317682	0.7605242	0.2603993	0.0297215
E	0.2075801	0.2351207	0.1714283	1.8241168	1.0155753	1.6077769	1.1832785	1.5153153	0.0372113
F	0.4557510	0.0593280	1.2904345	0.3692733	0.6856896	0.5653448	0.5796956	0.3388606	0.0839610
G	1.7220255	0.1510668	0.4971244	1.0470465	0.8586395	0.6212914	0.0852191	0.5870726	0.0327108
H	2.3084751	0.1052597	2.2247139	0.7695055	1.0827134	0.9029089	1.4828171	1.1787279	0.0267146
I	0.4662181	0.8543743	0.7532453	0.4844325	1.3315754	1.4344750	0.9018800	0.2510532	5.9805708
K	3.2758117	0.1414492	1.7644656	1.9809785	1.1319394	1.0933010	0.3485383	2.7611630	0.0377904
L	0.3222067	2.5990367	0.9882646	0.3660534	1.0241128	0.7034412	2.6213390	0.8199026	1.6451488
M	0.2600088	1.2525640	0.8170929	0.2941161	0.4931540	0.3700728	0.6244050	0.4054416	0.5279427
N	0.1885652	0.0850631	1.3955263	1.3348247	0.6412652	0.7365522	0.5983185	0.8473816	0.0320772
P	0.0474073	0.0439718	0.3963787	1.4485097	0.5720187	1.2483980	0.8761706	0.0559770	0.0374929
Q	1.4292870	11.5476057	1.1219153	1.6910049	1.6459407	2.3514318	4.0933241	2.4909751	0.0461204
R	3.2339755	0.1376666	0.7179300	0.8429665	0.5849115	0.7028806	0.3486763	1.9827999	0.0360352
S	1.4429667	0.5704510	1.5951190	1.4565769	0.8536556	0.9358819	0.4048196	1.6440985	0.0432703
T	0.6763885	0.4077891	1.2493242	0.8365008	1.5477284	0.8946929	0.8001522	1.6471964	0.2372384
V	0.5186938	1.0567855	0.7420576	0.4017444	1.8121812	1.2748346	0.8542646	0.5808958	4.9615920
W	0.4052884	0.0525051	1.3057022	0.2222995	0.3203896	0.0514181	0.4984594	0.1421253	0.0505726
Y	0.7806542	0.0612048	1.8865686	0.2940812	0.9498187	0.6007574	0.8491930	0.6509839	0.0765305
