##############
# B1301 PWM for 9-mers
#
# Copyright (2018) David Gfeller
##############
1.00000	22	2
A	1.6422094	0.8394639	1.1244553	1.1536408	1.1631347	1.3555291	0.7447169	0.6933901	0.5255112
C	0.9434357	0.6556142	0.7802944	0.8144762	0.8848301	0.8854314	0.8252999	0.4303659	0.6086372
D	0.5030370	1.2652770	2.8610111	1.2304011	1.0902359	1.2430371	1.4209541	0.6223876	0.2975401
E	0.6533313	0.8396596	1.2849934	1.7262531	1.3789961	2.5065985	1.2845683	0.8237034	0.3159013
F	0.6317421	1.0992796	0.7245086	0.4290901	0.6480669	1.3637951	0.5301921	0.4153251	3.9777863
G	0.9960240	0.8899888	0.6394256	1.0548182	1.0105994	0.9865276	0.5697851	1.3228115	0.3454295
H	1.1971188	0.5680008	0.6164933	1.2425236	0.5997218	0.5631408	1.8218627	1.8676753	0.4050532
I	0.8400545	0.8468625	0.6240344	0.4544240	0.6445208	0.8483151	0.9299638	0.4148248	1.8348946
K	1.4253605	1.0134622	0.7084649	1.2949536	1.4622887	0.7706046	1.1223612	2.7468588	0.4261257
L	1.0010320	2.0463806	1.1897754	0.4414348	1.2516686	0.7907069	0.9602427	0.6200200	2.4611358
M	1.2820146	1.6202393	0.8295428	0.6040129	1.2946283	0.7688026	1.2654952	0.6799842	1.8502444
N	0.6486165	0.6722083	0.8952833	1.5458297	1.1160977	0.7194802	0.8404902	0.8541313	0.3492346
P	0.3190978	0.2880834	0.3385371	1.1293377	0.3411846	0.3419874	0.7157915	0.3370694	0.1961217
Q	1.0686699	2.7427910	0.9976852	1.4550641	0.8175804	0.8608049	1.7036315	1.2957818	0.3692703
R	2.7313931	0.7980414	0.6163324	0.8275158	1.1305351	0.6345314	1.4432277	3.4591376	0.7406204
S	0.7752358	0.6517665	1.3680098	1.2325427	1.3491585	1.1833368	1.2871550	0.7886519	0.3985846
T	0.6637536	0.6266168	1.2122442	0.9724519	0.9866501	0.9633681	0.9661924	1.0987933	0.5422135
V	0.8539307	0.7321046	0.6171816	0.6300353	0.6336036	0.9816765	0.6695571	0.4455763	1.1023707
W	0.6095855	0.5868195	0.6468303	2.8214205	0.5921916	0.5731486	0.5049109	0.5130248	3.2712356
Y	1.1753324	0.6990763	1.6435252	0.6302533	1.1084991	0.7216685	0.6603584	0.6364944	1.3799522
