##############
# B1402 PWM for 9-mers
#
# Copyright (2021) David Gfeller
##############
0.46029	1078
A	0.3620735	0.6995536	0.4143679	0.9871553	0.8174539	0.7249361	0.8792254	1.8813198	0.5986014
C	0.6345919	0.2597228	0.4486561	0.5623082	0.5599812	0.5581889	0.5702599	0.0972544	0.1088880
D	3.6636324	0.1324713	0.3677600	1.5547388	0.8429389	0.3068568	0.3843015	0.3266512	0.0665355
E	1.2732324	0.5918876	0.3422217	1.1242779	0.7952592	0.6996571	0.9838218	1.6035063	0.0570039
F	0.6997537	0.0674502	4.3222644	0.5601834	1.1194981	0.8354111	0.8965055	0.3644506	0.9376836
G	0.4496450	0.2838258	0.1963627	1.1101978	1.8654887	0.7632021	0.3829882	0.4437449	0.0552475
H	0.8365892	0.2591071	1.2887453	1.1539844	1.8193171	2.0647296	1.2510447	0.7105959	0.1263876
I	0.6601549	0.1250324	1.4841119	0.7404498	0.7164598	0.7770989	0.9940210	0.6184609	1.1744060
K	0.3717459	0.3985862	0.2150142	0.9990277	1.4695059	0.8416036	0.7392576	0.7224240	0.0698280
L	0.8274761	0.0971540	1.8356789	1.3863890	0.6142588	0.5569675	1.9179985	0.6345116	6.5909959
M	1.7845445	0.1061174	0.8997424	0.5421271	0.6665040	0.6021289	0.9096683	0.4481031	1.5964666
N	2.8506098	0.3483579	0.4646327	0.5607857	0.9271200	0.8450824	1.0610098	0.5171353	0.0966697
P	0.0635536	0.0951946	0.4130607	2.1100634	0.7379453	1.0294700	1.0315058	0.5596430	0.1804077
Q	0.8107348	1.4027738	0.3137594	1.1594737	1.2755001	1.1772902	1.2875035	1.8189831	0.0906894
R	0.2818271	12.9671684	0.1229638	0.5552907	1.5280601	4.0334137	1.2309867	0.7433159	0.1001261
S	1.1541349	0.2821261	0.2874956	1.3229802	1.0542406	1.1854214	1.2866484	2.5320032	0.0855582
T	1.1077418	0.1255412	0.4121857	0.6748902	0.8736921	0.8743574	1.2183865	1.6094251	0.3128233
V	0.7663832	0.2046380	1.0544930	0.4913634	0.6168261	1.0088635	0.9070454	1.5229739	1.7942254
W	0.4310230	0.0724754	1.5493368	0.4156252	1.3161042	0.3537313	0.0814190	0.0763125	0.2295200
Y	2.0805990	0.0934599	7.0818795	0.5776259	0.6801449	0.6473073	0.5367371	0.5891205	0.1851625
