##############
# B1401 PWM for 9-mers
# Model trained on 108 peptides from deconvoluted human HLA peptidomics data
# Copyright (2016) David Gfeller
##############
108
A	0.5566717	0.5389538	0.6026590	0.7965583	0.7141542	0.8220262	0.6002907	1.5666765	0.5689727
C	0.7284798	0.6127388	0.8569510	0.8197346	0.7134114	0.9287858	0.9042347	1.0388761	1.0594003
D	3.8049549	0.6980013	0.4670811	1.7310579	0.7606511	0.7324278	0.5893980	0.9831341	0.2116571
E	0.9142018	1.0431520	0.3544927	2.0993910	0.6800287	0.5432026	0.9765624	1.4129780	0.2141471
F	1.0074749	0.3623161	3.6849144	1.1522770	1.1776593	1.2352941	1.0367120	0.6717069	2.1255254
G	0.9271534	0.4038938	0.5743338	0.6253873	1.1517351	1.1389485	0.5184052	0.9569716	0.2630241
H	0.9281219	0.7866626	0.7399735	0.5251194	0.6008404	0.6745098	1.0306584	0.3636767	0.3057045
I	0.4602125	0.2601526	1.0405919	0.8290462	0.5184155	1.3308507	1.3719910	0.5628466	1.4090292
K	0.6086543	1.2444263	0.8734070	0.7521766	1.4764412	0.8191319	0.8116152	0.8701998	0.2808288
L	0.4383181	0.3449516	1.3417553	1.3033015	0.4474930	0.8505384	1.3616888	0.5086724	4.4981946
M	1.1792915	0.7573808	1.0754271	1.1644491	0.5742064	1.1942952	1.9188291	1.0829451	2.0592832
N	3.4319796	0.8133589	1.1976168	0.7480328	0.7862591	0.9362282	1.5165486	0.7148079	0.2419453
P	0.2687452	0.9352486	0.4867640	1.3549887	0.6847998	0.7624855	0.3451723	0.2222391	0.1294571
Q	0.7233800	1.5574291	0.9888781	1.0331299	0.7138994	1.0421116	1.0779727	1.3199266	0.2391701
R	0.9335135	6.6434293	0.8107866	0.5563003	4.6755798	1.4021386	0.9517386	0.7001867	0.2994643
S	0.9615881	0.6379126	0.5466743	0.8954803	0.9121113	0.7792859	1.1035616	2.2651090	0.2855152
T	0.7282995	0.5938346	0.6658825	0.6240941	0.8474395	1.4399075	1.2927314	1.8832580	0.3970285
V	0.7298425	0.2853817	1.0911303	0.6827526	0.3490212	1.2864814	0.7953637	1.0776513	1.1579033
W	0.5083515	0.4871106	1.5964298	0.4769550	0.6034708	0.5614181	2.0562920	0.4567154	1.5333507
Y	1.5670523	1.1649114	3.7490569	0.8634486	2.1470234	1.6261531	1.8412292	0.6363676	3.2226239
