##############
# B1402 PWM for 9-mers
#
# Copyright (2021) David Gfeller
##############
0.53971	1264
A	0.3193407	0.7802381	1.0122333	0.7420134	0.2742779	0.6382301	0.9165470	2.7346006	0.4461948
C	0.6250347	0.2619670	0.4412030	0.5602773	0.5365432	0.5637342	0.5671889	0.0877749	0.0929660
D	5.5814779	0.9330939	0.2572117	0.5464464	0.3097529	0.6199453	0.4735176	0.5526701	0.0443140
E	1.8315650	2.5769847	0.3217875	2.2017540	0.2287486	1.1129806	1.2928828	1.9020488	0.1188484
F	0.3612741	0.1694478	2.3286490	0.5317799	0.2255449	0.8550721	0.4046980	0.3015161	1.0915466
G	0.1110350	0.7591580	0.1779380	0.3380748	0.0867979	0.4417710	0.2809830	0.5613031	0.0462256
H	0.9313678	1.4637350	1.1302738	0.3080923	0.1114668	0.7389408	0.8456493	0.1777794	0.1915049
I	0.7431694	0.2323880	0.7627043	1.2090392	0.2319974	1.9306412	1.4704893	0.3500421	1.8227507
K	0.1929828	0.5239101	0.5216026	1.0547952	1.1337352	1.0245652	0.3018709	0.5456930	0.0839670
L	0.9930486	0.3299563	1.9793900	1.7626313	0.7084777	1.6462074	1.3376497	0.2262340	7.1093708
M	0.9590323	0.4823504	1.3322706	1.0859417	0.2532227	0.6477663	0.7308700	0.3121015	1.1798212
N	1.9215637	0.9811889	0.6556863	0.8050966	0.3286292	1.3825753	1.5606766	0.5572404	0.0997997
P	0.1130531	1.3403389	0.0760145	0.5650256	0.0810105	0.5507453	0.0973986	0.2697668	0.0540852
Q	1.2881831	3.8634249	1.3019309	2.3104148	0.7131766	1.6502243	1.6981031	1.6843381	0.1335500
R	0.5939886	3.6283512	1.0432167	0.9202916	11.9528288	0.8642864	0.6733004	0.5225626	0.1002337
S	0.9663663	0.4303119	0.4687413	0.8212470	0.3250402	0.6917096	1.3399386	3.6151174	0.0603102
T	0.6645380	0.3701640	0.4439108	0.6680681	0.2814618	1.1652069	1.4372705	1.7085407	0.2540587
V	0.6809590	0.4228557	1.2267443	1.1390958	0.2508210	0.9950221	1.8268836	0.7107179	0.8186624
W	0.0632104	0.2985291	1.1831382	0.6006690	0.1837005	0.6081040	1.1966689	0.2421890	0.1399110
Y	0.7324331	0.1373507	5.4384854	0.5059981	0.3009138	0.9988935	1.2576344	0.2568097	0.1394938
