##############
# B1501 PWM for 9-mers
#
# Copyright (2021) David Gfeller
##############
1.00000	8593
A	1.7801165	0.6250556	1.2749449	0.9002081	0.9220889	0.8428578	0.9599949	1.6931943	0.0777666
C	0.3501738	0.1480820	0.3257897	0.6939373	0.6964009	0.6982319	0.6977225	0.4413230	0.0778922
D	0.0309206	0.0308736	0.1846681	1.3724101	0.7162418	0.6365311	0.3844247	0.3303647	0.0099477
E	0.1935181	0.2818789	0.1718463	1.7864917	1.2233345	1.0723649	1.5889047	1.4528292	0.0148374
F	0.8654559	0.3245159	1.4546889	0.5213902	0.8145721	0.8054666	0.3357234	0.4077207	7.0864214
G	1.1887350	0.2715255	0.3453894	1.1024366	1.2660802	1.3959027	0.4409837	0.7126334	0.0113128
H	0.9544852	0.0544809	1.8051928	0.7177708	1.0725068	1.2248219	1.1592690	0.8614277	0.4701485
I	1.2387923	1.4211130	1.8231500	0.6378890	1.1513083	1.1178215	1.1235458	0.3254857	0.0915822
K	1.6974382	0.0669802	2.6100388	1.1998390	0.6911581	0.7344720	0.7118656	0.7803904	0.0385222
L	0.7255410	2.1943681	0.3039449	0.7126311	0.9687294	0.8357407	0.9052351	0.6163890	1.3909675
M	0.5395509	2.1087545	1.4329954	0.4728784	0.6586809	0.7324587	0.7901138	0.5100810	1.2994634
N	0.2529295	0.1030062	1.3866229	0.8354115	0.9933446	0.9121076	0.8766649	0.6772161	0.0236436
P	0.1255003	0.0890471	0.5364399	2.3306222	1.4127483	0.6863040	0.4669963	0.3787891	0.0240548
Q	1.2605576	8.8724135	1.4276076	1.5075526	1.3766308	1.5273800	2.1612113	1.8760372	0.0285369
R	2.1233906	0.0763537	1.7372595	0.7143872	0.5322861	0.7951880	0.6065268	0.6865186	0.0146853
S	1.3891926	0.6263599	0.8370818	1.0349353	1.2954067	1.4125954	1.8312730	2.3171131	0.0158309
T	1.0222039	0.5407831	0.4283963	0.7942468	1.2338087	1.6712776	1.8554689	2.0160426	0.0363991
V	1.1490345	1.8499116	0.7489261	0.7035187	0.9927931	1.1586491	1.5134427	1.4998496	0.1325203
W	0.2356370	0.0304077	0.1804141	0.5056814	0.5076260	0.2050411	0.1858607	0.1042921	0.2697108
Y	1.3687772	0.3040599	1.7518916	0.4677370	0.5817225	0.5716017	0.3892551	0.6187021	16.8561622
