##############
# B1503 PWM for 9-mers
#
# Copyright (2021) David Gfeller
##############
1.00000	2238
A	2.0167404	0.5639104	1.3244227	0.7041665	0.6752654	0.7034334	0.8028526	1.4643090	0.1160173
C	0.3699769	0.1636844	0.3510619	0.7034338	0.7065117	0.7079601	0.7107050	0.4654636	0.1025224
D	0.0505405	0.0641232	0.3491010	1.3737564	0.7744286	0.6001713	0.3489448	0.3912995	0.0279941
E	0.1111534	0.2156295	0.4004351	1.4977775	0.9203916	0.9894361	1.2449654	1.5133200	0.0330905
F	0.6440108	0.0358160	2.2202145	1.3043326	1.4779121	1.0258135	0.3715824	0.3282887	7.5954524
G	2.2179586	0.1876060	0.2540908	1.0383852	1.0706307	1.1656049	0.2659423	0.7852370	0.0292399
H	0.9089311	1.3840621	1.1910159	0.6042785	1.5324760	0.9355094	1.1696773	0.8401583	0.4462321
I	0.6091341	0.0727961	1.4903913	0.9273634	0.7554597	1.2178220	1.3350067	0.4285756	0.1467980
K	1.8548243	8.8091698	0.9441109	1.1409448	0.8489283	1.0779169	0.7557766	1.0856809	0.0641351
L	0.4394184	0.2939798	0.9196754	0.8567697	0.7300340	0.8590659	1.1475438	0.5468168	1.0546594
M	0.5898287	1.0313356	1.0714014	0.6086588	0.5930881	0.6157140	0.7099755	0.5666341	1.1780164
N	0.3167191	0.1452930	0.9408281	0.7566915	0.9812680	0.6908432	1.1026789	0.6090562	0.0375148
P	0.0847730	0.0735945	0.7121045	2.7232480	1.5025236	1.0935086	0.6825880	0.2965123	0.0222903
Q	0.4960786	6.5983335	0.6310081	1.1764863	1.3473295	1.6934543	1.4357050	1.5639319	0.0382579
R	2.7788894	0.1516812	1.2544428	0.4365235	0.6952684	1.0331072	0.9853526	0.9061456	0.0375431
S	1.5387158	0.1995096	0.6457931	0.8750955	1.6086681	1.3440154	1.4671252	2.3283118	0.0442722
T	0.5956279	0.0945974	0.5240606	0.6132643	1.5076878	1.2803817	1.8500664	2.0462599	0.0683600
V	0.7353471	0.0599799	1.2987090	0.6849089	0.9054928	1.1072269	1.7284519	1.4255908	0.1965062
W	0.2181774	0.0371709	1.7237049	0.5197856	0.6588772	0.2136725	0.1434173	0.1097764	0.3119519
Y	1.6870899	0.0696329	3.6013806	0.7666439	0.6881159	0.6833484	0.5669018	0.5726898	16.5841621
