##############
# B1502 PWM for 9-mers
#
# Copyright (2021) David Gfeller
##############
1.00000	1639
A	0.3066386	0.6855547	1.7494307	0.7856204	1.0385074	0.7109601	0.8138071	1.8856443	0.0658122
C	0.3785207	0.2010361	0.3588501	0.7047181	0.7107416	0.7140377	0.7167928	0.4760124	0.1128421
D	1.6080984	0.0565704	0.2956129	1.8819293	0.5827017	1.0046000	0.2236485	0.2859404	0.0373062
E	1.3719157	0.1222560	0.2705007	2.1731807	1.1271967	0.7946467	1.0735867	1.9189204	0.0452459
F	2.2761312	0.5308944	1.7331797	0.4792705	1.2871740	0.9395985	0.4131332	0.3014632	5.6646828
G	0.1594221	0.0771214	0.3109754	0.7349746	0.9505350	1.4486758	0.2457641	0.3612375	0.0466275
H	3.4864424	0.1596812	1.7735439	0.8543160	2.5129215	2.0105734	1.6495229	0.6698983	0.1840895
I	0.6446060	1.7938633	0.9392201	0.5788405	0.8210017	1.2796175	1.2700575	0.6356314	0.1338491
K	0.0902953	0.0637500	0.9471476	1.1678550	0.7580870	0.8231577	0.6436783	0.8306058	0.0600392
L	0.4945746	3.8297187	0.6815168	0.5660062	0.6962280	0.7567648	1.0634023	0.4747701	0.6511668
M	2.5333496	2.6399963	1.7693525	0.3815697	0.3001745	0.5389202	0.7797894	0.5423852	3.2750026
N	1.5278324	0.0513927	0.9082421	0.6978456	0.9215207	0.7212849	1.0113361	0.3225230	0.0505742
P	0.0445139	1.3028628	0.2312759	2.9595677	2.0306359	0.5975195	0.9510506	0.4862714	0.0302769
Q	0.9650451	2.5085834	0.3123162	1.3929831	1.1814824	1.3114008	1.6409959	1.7993296	0.0545385
R	0.1637312	0.0586673	2.4942410	0.7009417	0.6736939	0.8178710	0.9001725	0.5541605	0.0515850
S	1.6538731	0.2179755	0.5143011	0.9730609	1.1349624	1.4301481	1.6032453	2.1198163	0.0509739
T	2.7184887	0.2102641	0.3983046	0.6934178	1.0938298	1.3932488	2.1736114	1.8343484	0.0595819
V	0.3079396	2.6124220	0.7722800	0.5767346	1.1231324	1.3263342	1.5169364	1.9411145	0.0999085
W	0.6768470	0.0563579	1.6720587	0.4161420	0.5151825	0.2393208	0.2370142	0.0526630	0.5209282
Y	2.0567487	0.1583525	4.9070420	0.4852744	0.5049138	0.4239372	0.3626142	0.5514000	19.2665286
