##############
# B1510 PWM for 9-mers
#
# Copyright (2018) David Gfeller
##############
1.00000	671	1
A	0.9920780	1.5670026	1.5446065	0.6902083	1.2980417	1.4637240	1.1164930	2.2282904	0.3285592
C	0.4671762	0.2277819	0.5799358	0.8511803	0.8633110	0.8806261	0.8717827	0.6845538	0.2331826
D	0.5443120	0.1658921	0.9706681	1.4373757	0.7214448	0.4005614	0.2665864	0.3592530	0.0733652
E	0.9397083	0.2411808	0.2995845	1.6731766	0.6356371	0.2833457	0.4391604	1.1543003	0.0813983
F	1.0720603	0.1494682	1.6410646	0.5559240	0.4066825	0.6501049	0.4339799	0.5726520	0.9694923
G	1.1309981	0.2454624	0.6450159	1.3410250	1.1239642	1.4183049	0.3363304	0.5726486	0.0868319
H	2.9121713	23.2209016	1.2640437	0.8662883	1.0317714	0.8551065	0.8100590	0.3064510	0.2150372
I	0.6236217	0.1047578	1.2997890	0.5061872	0.4614997	1.0715054	0.9288676	0.6541608	1.0079839
K	0.1906969	0.1892871	0.4148168	0.6446562	1.1679432	0.3887790	0.8891922	1.0222772	0.1034713
L	0.4639033	0.1012000	0.6374133	0.6670585	0.3971113	0.4252859	1.1499901	0.4206569	6.5744407
M	0.7676102	0.1593359	1.9460675	0.7476703	0.4367827	0.6164446	1.3650352	0.9396418	2.7666926
N	1.7032330	0.2627267	0.6433503	1.1676588	0.9929130	1.1585665	0.6797150	0.2724964	0.1127494
P	0.0831470	0.2081443	0.1245256	2.4052851	2.1738875	1.0223389	2.3602842	0.1338400	0.0562318
Q	2.1316445	0.9643950	1.3010334	1.4733068	1.5316543	1.9102524	1.6708715	1.6666896	0.1011199
R	0.4207294	0.4270449	0.2549312	0.4648535	1.1877472	0.5788259	1.2000469	0.6752123	0.1113860
S	2.2295968	0.3489150	2.6767255	1.3833439	1.9514498	2.6120808	1.4729229	2.5202392	0.1072545
T	1.7180339	0.1342227	1.0427753	1.2188279	1.2099272	1.4264544	1.2722077	1.8484621	0.2699822
V	0.4778244	0.0910987	0.7766248	0.4310763	0.8166042	1.2322085	1.0307864	1.6108616	1.3809904
W	1.0732420	0.1607761	0.1874367	0.1271744	0.5031756	0.3840999	0.1305531	0.2659773	0.2943314
Y	2.3041210	0.3834385	2.5117136	0.6061938	0.4000116	0.3261586	0.5310809	0.5766010	0.3197272
