##############
# B1517 PWM for 9-mers
#
# Copyright (2021) David Gfeller
##############
1.00000	1330
A	1.4579045	1.1490718	0.9038606	0.7440013	0.5169169	1.2941992	0.6279986	0.6110469	0.0735255
C	0.3897407	0.2256559	0.3763319	0.7073984	0.7056006	0.7342645	0.7262087	0.4737175	0.1372290
D	0.0737508	0.0964182	0.2480681	2.0249121	0.5239766	0.3015928	0.0966491	0.1550716	0.0414478
E	0.1591030	0.0920846	0.2131719	2.0893988	0.5487176	0.4657957	0.1733525	1.0091236	0.0465579
F	0.8189178	0.0762732	1.7897303	0.3846190	1.1495152	0.6580782	0.7208368	0.4384387	4.0919858
G	0.5627299	0.1567932	0.1517014	0.7277406	1.0347631	0.6074928	0.2130687	0.4955617	0.0428790
H	0.7365426	0.0768321	1.4109165	1.0848887	2.3106423	1.5310895	0.3955782	1.4071756	0.0965070
I	1.2831621	0.3555058	1.8563451	0.5556986	0.5942404	1.5977247	0.8886871	0.5414874	2.3503612
K	1.8292069	0.1011487	0.4135842	1.1211690	2.2820101	0.6893690	0.3724370	2.2683732	0.0772594
L	1.1164754	0.2030881	1.9342711	0.5841357	0.5999238	0.8309325	5.2600505	1.0001428	3.9505126
M	1.2294998	0.3058935	1.2717061	0.2364351	0.6366545	0.8109558	1.4285258	1.0552797	0.5896660
N	0.1570602	0.1305384	1.0019825	0.8761181	1.1798995	0.6955988	0.2859217	0.4065120	0.0506559
P	0.0532106	0.0961774	0.1139152	2.6721259	1.2057093	1.3366596	0.9819597	0.0838979	0.0350575
Q	1.5125359	0.2184354	0.2704932	1.2999606	1.3325693	1.7373371	0.6397929	1.5975699	0.0552873
R	2.9221785	0.0974000	0.2486205	0.5019310	1.9553073	0.5491114	0.4274974	1.8946948	0.0683845
S	1.0912156	5.6866644	0.7728371	1.0078347	0.7934322	0.8026910	1.1003274	1.1892894	0.0753224
T	0.5891392	6.9355324	0.6158974	0.8376319	0.7061003	2.1706079	0.6551301	2.4278077	0.0916948
V	0.9464801	1.1193836	1.1393400	0.7969760	0.8085548	1.8459136	0.5625580	1.1397530	0.3041077
W	0.2498512	0.0591130	1.3237528	0.5611119	1.6346361	0.1783171	0.1826028	0.1828134	2.8562568
Y	2.0828080	0.1259502	6.2280282	0.4954309	0.8168908	0.4457636	0.2827474	0.9273934	7.1015387
