##############
# B1511 PWM for 9-mers
#
# Copyright (2018) David Gfeller
##############
1.00000	325	1
A	0.3637127	2.1201636	0.4999944	0.7509649	0.3619670	0.7030072	0.6099327	1.9738473	0.2124864
C	0.4934565	0.3747633	0.5728860	0.8685926	0.8422170	0.8795005	0.9087903	0.7420326	0.2308920
D	2.6541505	1.1144745	0.2298403	1.0739977	2.1092854	1.1886923	0.4000834	0.4833782	0.1352830
E	1.6591317	0.5299396	0.2829231	1.6062265	4.0669345	0.7892687	2.2316231	1.3574771	0.1611863
F	1.2512955	0.4959801	2.1821080	0.4341881	0.5272048	1.1176183	0.2978416	0.4129636	5.2321053
G	0.2342237	1.7210900	0.2155424	0.6624094	0.9419637	1.2182581	0.4726596	0.6620899	0.1551800
H	3.2436872	0.1900027	2.3711719	0.5480589	1.6620558	1.4672871	1.7886761	0.7938106	0.6440051
I	0.6880174	0.5370944	1.1853614	0.9084685	0.5057539	0.8267879	1.0869853	0.2526901	0.3185886
K	0.3285101	0.2638880	3.0457501	1.8960135	0.4728810	1.3262351	0.9070149	0.8902922	0.1840199
L	0.6726792	1.3037000	0.4361285	1.0055071	0.6899346	0.8926897	0.6060995	0.3259639	0.4115152
M	2.3166523	2.5308379	1.1521789	0.9694851	0.2850813	0.7025606	1.1720359	0.4893037	1.1711352
N	1.1334779	0.4070819	0.9666258	0.5632193	0.9784259	0.8883721	0.8245742	0.3495845	0.1838415
P	0.1276271	3.2140243	0.1229063	1.1357164	0.7812181	0.4126362	0.4214457	0.2395489	0.1720610
Q	2.5367869	1.1549767	0.3554927	1.3095335	1.5654007	1.5400968	1.4101338	2.2913243	0.1884657
R	0.5624328	0.2247728	4.5979625	2.3169578	0.5695979	1.9817976	0.5691361	1.3501484	0.1952155
S	0.7933163	0.4588366	0.2742291	0.7611307	0.9573508	1.1175003	1.3497430	2.9289085	0.1927654
T	0.7528679	0.2842268	0.2574886	0.7203371	0.9537134	1.1642452	1.8776116	1.8120556	0.2003012
V	0.4774072	0.9166983	0.5822796	0.5821939	0.2735795	0.7479468	1.6950357	0.9647048	0.2877641
W	1.4973496	0.1966053	0.7828804	0.9309354	0.7021827	0.7075491	0.9464880	0.2195940	0.8976357
Y	2.0268306	0.2319238	1.5267284	0.4761117	0.7903033	0.3012406	0.5819181	0.4828546	17.8125142
