##############
# B1518 PWM for 9-mers
#
# Copyright (2018) David Gfeller
##############
1.00000	901	1
A	1.1185860	0.1700095	1.1470611	0.7721148	0.9559811	0.7952822	0.7553383	1.3102624	0.2114577
C	0.4447510	0.1967581	0.5430049	0.8409492	0.8518967	0.8578161	0.8601153	0.6540724	0.1475719
D	1.0477943	0.1547715	0.4466926	1.9227556	0.9664843	0.4540593	0.3555863	0.3649882	0.0643141
E	1.1535340	0.5577961	0.3081380	1.5169618	0.7323953	0.5985784	0.9315118	1.4532762	0.0743069
F	0.8901068	0.1182339	1.7960790	0.5214283	1.2162961	0.7251582	0.3929199	0.4234042	6.5101135
G	0.9522476	0.1589705	0.6928372	1.2510866	1.3368274	1.7245150	0.4545959	0.9164253	0.0753397
H	2.8087638	20.9692942	1.6773198	0.7675065	1.4516869	1.1865887	1.4904073	0.4411804	0.6922583
I	0.5848369	0.0710742	0.9063333	0.7023106	0.5747533	1.1298094	1.0489662	0.5452626	0.1913486
K	0.2507276	0.4142744	1.0502472	1.0931159	0.7181534	0.7933779	0.6463999	0.7678716	0.0846801
L	0.3512637	0.2757866	0.7241496	0.5738497	0.4790221	0.9281170	1.0078873	0.5015531	0.9964244
M	1.0901009	0.1724596	1.3190949	0.6280730	0.3895567	0.9874049	0.7481601	0.4472729	1.4730901
N	2.0913979	0.2486626	0.8276652	0.9974766	1.1275045	0.9595601	1.5433475	0.6241761	0.1076125
P	0.0833830	0.7383183	0.4224142	2.4329445	1.9758045	0.7970340	0.6531500	0.1529164	0.0425663
Q	1.8135066	2.2429613	1.0256641	1.5333285	1.2095001	1.4678820	1.6727162	1.8323105	0.0855145
R	0.5382178	1.3957899	1.8469909	0.5362241	0.5836888	0.7334002	0.9494126	0.7498574	0.0907188
S	1.7340164	0.1346029	1.2763281	0.8590646	1.7855578	1.3691041	1.7379501	2.7181736	0.0916445
T	2.1014856	0.1028665	0.7063020	0.8760122	1.4667811	1.3408326	1.8961160	2.3221622	0.1527235
V	0.4253085	0.1184619	0.9203470	0.5288234	0.7702365	1.2705334	1.2359621	1.4279229	0.4535516
W	0.4241932	0.1273862	1.0359929	0.3897898	0.7867032	0.5031165	0.3078358	0.3048488	1.1543397
Y	1.8165113	0.6088796	3.0407105	0.5695792	0.4966347	0.8779465	0.9420183	0.7072134	15.2803431
