##############
# B1801 PWM for 9-mers
#
# Copyright (2021) David Gfeller
##############
1.00000	2267
A	0.1189978	0.1427423	0.9243059	0.8721575	0.5076609	0.7467036	0.8352297	1.8977359	0.2443194
C	0.2793561	0.0264105	0.5254391	0.6383562	0.6426141	0.6411569	0.6455696	1.0009554	0.0390194
D	5.4904797	0.6203232	0.5221624	1.2919893	0.4189114	0.4800942	0.7368991	0.5289533	0.0294873
E	1.7960391	14.3645354	0.7478381	2.1938917	0.4114763	0.7810819	2.1299847	1.4371333	0.0886260
F	0.4464054	0.0839427	2.7917935	0.4911352	2.0802372	1.2279077	0.5226500	0.2080939	7.1384595
G	0.1438606	0.0884271	0.3693583	0.8091018	0.4452374	0.4609307	0.2043898	0.5476870	0.0362217
H	1.8085631	0.1085642	1.8445065	0.5043589	1.3723384	1.1410567	1.6082267	0.8939649	1.5665578
I	0.6648883	0.0742412	1.2730217	1.2225034	1.5050270	1.3380005	1.2142705	0.3587956	0.3060410
K	0.1390625	0.1051197	0.6484230	0.8833202	0.7845595	1.3264594	0.5900261	0.9203588	0.0855640
L	0.5780406	0.0726319	0.9232500	1.0392705	2.1449929	1.0602798	0.8846231	0.4381502	1.2467241
M	1.3897835	0.0629284	1.2817041	0.6936515	1.4419199	0.5270574	0.5636457	0.5664131	2.4349205
N	2.2366140	0.1347417	1.5545775	0.7109451	0.7956963	0.6677140	1.0612984	0.6974442	0.0679147
P	0.1162569	0.0647971	0.0874778	1.5258860	0.4594566	2.0712854	0.6470458	0.2727634	0.0308895
Q	0.7975875	0.2590484	0.9318268	1.4121523	1.2719550	1.3858694	1.6588063	1.6562028	0.0720285
R	0.1673704	0.0795765	0.6050488	0.7861356	0.7358386	0.9081076	0.6633858	0.9021740	0.0537094
S	1.1403021	0.1604919	0.7476422	0.8479664	0.8326909	0.7694813	0.9010373	2.4793255	0.0455138
T	1.4209350	0.1125703	1.1218381	0.8030786	0.8327602	1.0691977	1.4791250	1.9025596	0.1329025
V	0.7919685	0.0648894	1.3895237	1.0493707	1.3448728	1.4901335	1.7679565	1.2785628	0.4377679
W	0.1077363	0.0360919	1.6926289	0.2071779	0.7602836	0.5164578	0.6566621	0.1737002	0.8744394
Y	0.9881744	0.0884053	2.1697897	0.4165754	1.0962919	0.7776314	1.0894893	0.4997256	12.8019169
