##############
# B1803 PWM for 9-mers
# Model trained on 119 peptides from deconvoluted human HLA peptidomics data
# Copyright (2016) David Gfeller
##############
119
A	0.4232206	1.4207044	0.8070057	0.9669550	0.4774308	0.6317920	0.7108885	2.3673199	0.5889290
C	0.5848874	0.7226390	0.8535323	0.8766277	0.8018901	0.9000747	0.8738140	1.1391177	0.9122672
D	8.5463221	1.0366305	0.3314627	0.7281437	0.6598744	0.4834126	0.6145600	0.6234724	0.2299572
E	1.6008849	5.3258997	0.3123912	2.2143236	0.6833424	0.5081626	1.8752839	0.9895100	0.2288419
F	0.4424288	1.0101533	4.0117283	0.4272622	2.5169118	1.0227375	0.7810823	0.4833378	5.7278821
G	0.4896484	0.9239251	0.3587559	0.5775953	0.5948518	0.3687805	0.3807244	0.6969623	0.2827802
H	0.9867007	0.5861265	1.2841723	0.4738878	1.4488966	0.4595126	1.7031787	0.3374987	1.2604053
I	0.4398218	0.3622390	1.1140482	1.2156742	1.0190713	1.4412485	1.2307416	0.4365417	0.9716475
K	0.5084805	0.6556193	0.8212898	1.3839024	1.0894158	1.5295520	0.7032200	0.9088799	0.3461106
L	0.3111044	0.4483210	1.5491755	1.2909297	1.0892640	1.2927516	1.0010586	0.4539424	2.6001261
M	0.4063160	0.7376938	1.0813894	0.7805197	0.7632747	1.0153316	0.7748191	0.6141719	1.9088314
N	1.6232672	0.5504471	1.2253574	0.5549265	1.9846500	0.9392745	0.9121384	0.8017059	0.2825289
P	0.1903722	0.2096297	0.1409235	1.0239212	0.1621403	1.8484456	0.1753982	0.3041794	0.1217661
Q	0.7210944	1.1074317	0.5781879	1.0935552	1.2825644	0.8094539	1.1692023	0.9711894	0.2370174
R	0.4127624	0.5214137	1.0237300	0.8695123	1.4776841	1.1052889	1.4529047	0.8488259	0.3014360
S	0.7833632	0.7045749	0.5072997	0.4798550	0.8928119	0.5050655	0.7923337	2.9118724	0.2972880
T	0.5015534	0.8121387	0.4710448	0.8247479	0.6714083	0.9743237	1.0635554	2.1360983	0.3560164
V	0.2579134	0.3392132	0.8938849	1.3136002	0.8837353	1.3471158	1.5211027	0.8679058	1.0085215
W	0.3610759	0.4960292	4.2639177	0.4104198	0.6632045	0.4761274	1.2070612	0.4155374	1.0295875
Y	0.6961359	0.9843776	3.6392685	0.4235036	2.2369773	1.1692337	1.3996220	0.4213179	4.6409963
