##############
# B2703 PWM for 9-mers
#
# Copyright (2018) David Gfeller
##############
1.00000	462	2
A	1.0494663	0.1900619	0.6745088	0.7095448	0.7306785	0.9415807	0.5990162	0.9104051	0.2107879
C	0.1711422	0.1174848	0.2488862	0.5046674	0.5255002	0.5352139	0.5299761	0.5301969	0.1930251
D	0.2418083	0.1787413	0.8571623	1.5182714	0.7511499	0.4524476	0.5073760	0.5013777	0.1111647
E	0.3495022	0.2561373	0.1799560	1.1176750	0.7553775	0.8176194	0.7942131	1.2025549	0.1288766
F	1.0752362	0.2567179	4.4643321	1.5828666	1.6780797	1.8388960	2.5567462	0.6868624	5.0526963
G	1.6460630	0.1596807	0.3079804	1.3028762	1.4308644	0.5860606	0.1928696	1.4866041	0.1541791
H	4.2251598	0.2443101	0.5348509	0.7127524	0.5242395	0.4688375	0.6485798	1.0843969	0.3141924
I	0.4751060	0.1067856	1.2424288	0.3697238	1.4003060	1.7809976	1.2962503	0.2628186	0.8392624
K	2.0208086	0.6072278	0.2746583	0.8490366	0.7645044	0.6986003	0.3594775	0.9680590	0.6768206
L	0.4091751	0.1523830	1.9314193	0.9936706	1.2568577	1.1906139	1.4816305	1.1563839	2.9190159
M	0.3071673	0.2087363	1.5733765	0.6738483	0.8748511	0.8241147	1.1134032	0.6246333	1.9741036
N	0.6312111	0.2713030	1.3624684	1.1452791	0.7959474	0.7522397	0.9694257	1.5886491	0.1389385
P	0.1088102	0.0963785	0.0809272	2.1336865	0.9033953	0.7878049	1.1977978	0.1389337	0.1337201
Q	1.2759601	0.4135293	0.4477937	1.3020190	1.1097672	1.6207138	0.8898737	1.8281213	0.1548830
R	2.8501404	15.4796458	0.1638373	0.4859902	0.3661876	0.7109416	0.2823836	1.2514684	1.1831244
S	1.6186397	0.2258110	0.6017720	1.1908365	0.8477545	0.9089142	0.6988605	1.4092282	0.1796511
T	0.5089297	0.1977933	0.6426594	0.5955223	0.8389008	1.0349377	1.0216265	1.6223118	0.2466130
V	0.3713457	0.1273566	1.0335937	0.5588673	1.1557270	1.3160097	1.4753944	0.6584652	0.8615633
W	0.3940009	0.1852290	4.4291830	1.9669960	2.8884318	0.5764434	2.5683602	0.3850016	1.4442301
Y	1.3191135	0.6488967	2.2541738	0.7623992	1.3010613	1.2439799	2.1507248	1.4244887	4.5211707
