##############
# B2708 PWM for 9-mers
#
# Copyright (2018) David Gfeller
##############
1.00000	937	2
A	1.4402237	0.1110102	0.7250713	0.5130455	0.6198800	0.6755876	0.4552591	1.0357056	0.4976387
C	0.1173414	0.0681748	0.1718951	0.4593214	0.4708197	0.4741292	0.4694866	0.4859317	0.1274693
D	0.2319951	0.1049848	0.5068388	1.3293533	0.7970317	0.4163286	0.5839258	0.8437588	0.0626099
E	0.7149997	0.1507650	0.2397318	1.0529277	0.9832237	0.7755709	1.5368428	2.4166843	0.1147248
F	0.8202024	0.0710560	4.0056265	1.5759131	1.5792520	1.5650715	1.9627263	0.5639687	3.5821795
G	2.2069763	0.0934323	0.2652449	1.1448890	1.1738918	0.7583679	0.1562764	1.1248764	0.0897161
H	1.9169286	0.1398906	0.8147011	0.3914111	0.5163094	0.5205194	0.4574611	0.6294626	0.5501089
I	0.8387198	0.0610944	1.3327084	0.6834338	1.5287758	1.4137357	1.2976020	0.4296364	0.9268058
K	0.6203314	0.3595339	0.1750805	0.8317884	0.6671201	0.5654425	0.2765488	0.6156310	0.1015681
L	0.6777347	0.1072494	1.9143493	1.3659671	1.3614231	1.3672195	1.6331620	0.7437124	4.4033189
M	0.9953856	0.1211674	1.6222069	0.8786406	1.1844139	1.1904237	1.1941473	0.6355988	2.7912376
N	0.6707674	0.1595421	0.9961829	0.7569366	0.5514712	0.7261695	1.0211213	0.8523763	0.1405004
P	0.0793490	0.0564399	0.0639263	2.4437185	1.2214283	1.5814812	1.0266628	0.1306676	0.0597027
Q	1.5251322	0.2663316	0.5884036	1.1275630	1.0998217	1.3413572	1.0079775	1.8543698	0.1534746
R	1.3002566	17.4510988	0.1149944	0.5446039	0.3354508	0.6168590	0.3869598	0.8643693	0.3317229
S	2.1859105	0.1324045	0.5758934	0.8201007	0.6934691	0.8830708	0.5357078	1.9344119	0.1675714
T	0.9765302	0.1157514	0.8173202	0.6596937	0.6811922	0.7741063	0.8343398	1.6405521	0.2540436
V	0.6323595	0.0734705	1.2185072	0.5774248	1.3325916	1.3132037	1.5162391	1.1323386	1.0406655
W	1.0729681	0.1000258	5.8098529	1.8158326	1.7382227	1.5563447	3.5476718	0.3914975	1.0463427
Y	1.1901206	0.1043314	2.4287169	1.0572803	1.3854414	1.4564390	1.7823539	0.4714525	2.9436434
