##############
# B2704 PWM for 9-mers
#
# Copyright (2018) David Gfeller
##############
1.00000	1520	1
A	1.5963851	0.1080000	0.8448981	0.5409783	0.6009240	0.9711441	0.5608900	1.1159489	0.5678111
C	0.0718230	0.0456331	0.1288458	0.4342271	0.4356783	0.4459568	0.4480509	0.4545916	0.0833134
D	0.1157622	0.0707554	0.4305096	1.3043931	0.7220386	0.3038375	0.1563371	0.5226414	0.0537023
E	0.2972633	0.1219462	0.2446028	1.0705470	0.8664151	0.4275428	0.4672005	1.4944842	0.0662516
F	0.4315133	0.0474468	3.0289711	0.9222821	0.9124481	1.0601401	0.9632583	0.2475151	4.0387139
G	2.6183697	0.0625647	0.3273362	1.6370086	1.7853546	0.8033245	0.2504415	1.9320547	0.0600297
H	1.3422400	0.1138615	1.4063183	0.6059050	1.1641175	0.6007187	0.4724169	0.9793179	0.7906917
I	0.4150515	0.0410054	1.0630128	0.5320086	0.7963521	1.6180649	1.2556632	0.3038028	0.8871218
K	1.6703585	0.2646845	1.1243487	1.2067384	1.5642813	0.7558883	0.5393675	1.3898007	0.1385461
L	0.3808962	0.0774762	1.4234812	1.0036691	0.6834768	1.0355004	2.9947727	0.5734709	3.8941376
M	0.3251599	0.1594390	1.3789187	0.7469193	0.7486437	0.8730553	1.7083239	0.4843320	2.5035419
N	0.3990392	0.1338715	1.6960677	0.9748114	0.9618082	0.7241232	0.6021171	0.7468993	0.0648307
P	0.0638898	0.0376280	0.0558455	2.1583048	1.0438783	1.3768524	1.0798862	0.1864139	0.1824570
Q	1.8352295	0.8802213	0.3811473	1.4278513	1.8570770	1.9505938	1.3076875	1.9112244	0.1006871
R	3.3598254	17.4508308	0.4629191	0.7892251	1.0572352	0.7824789	1.1690178	1.0846281	0.2979164
S	2.0310932	0.0885457	0.8054174	1.1580427	1.0319145	1.2452381	1.0048950	2.0976179	0.1411959
T	0.6230702	0.0995809	0.8927235	0.5562757	1.0700837	1.0081033	0.8027993	1.6374228	0.2107423
V	0.3262144	0.0491957	0.7060900	0.5435593	0.7305734	1.4366242	1.1064021	0.8441648	1.3076102
W	0.6796870	0.1271206	2.2355305	1.3928545	1.0983811	0.4964778	0.2577852	0.2495435	0.2455867
Y	0.8824581	0.1107784	4.1104264	0.7765102	1.1683537	0.9457975	0.6621134	0.6466426	3.6545149
