##############
# B2702 PWM for 9-mers
#
# Copyright (2018) David Gfeller
##############
1.00000	1259	2
A	1.4104774	0.0868851	0.8080052	0.5364258	0.5583087	0.5895154	0.5156930	0.6667266	0.0865872
C	0.0919312	0.0531769	0.1473285	0.4452782	0.4544958	0.4536808	0.4529291	0.4628966	0.0798765
D	0.4197343	0.0823604	0.7472242	1.1688780	0.8451897	0.6124711	0.8263911	0.7426582	0.0455779
E	0.8899913	0.1187679	0.4167107	0.9600366	0.8952672	0.8076885	1.4673586	1.5688256	0.0509247
F	0.8276223	0.0554805	2.8348010	1.6056532	1.3906143	1.5405700	1.8310799	0.9257786	6.4366785
G	2.1195208	0.0968988	0.4120736	1.0733600	0.9404252	0.7543426	0.2909263	1.6494723	0.0670287
H	1.6154112	0.1094114	0.9221459	0.4956624	0.6151626	0.4723587	0.4024219	0.7498502	0.1285915
I	0.7950190	0.0474540	1.3758202	0.7903205	1.4950109	1.5327950	0.9960679	0.3831533	1.0262664
K	0.6820129	0.3030122	0.3268065	0.9403215	0.5267295	0.7750665	0.2656701	0.6790329	0.0843963
L	0.5825215	0.0681102	1.7140539	1.3931274	1.5547704	1.2968193	1.7568802	1.2287241	2.2244881
M	1.0776250	0.1252862	1.2464893	0.8368151	1.1973675	0.9172597	1.0761744	0.7420159	1.2558093
N	0.8522840	0.1245572	0.9779128	0.7640669	0.6248818	0.7437307	1.0593604	1.2779895	0.0900266
P	0.0743560	0.0441082	0.1508284	2.2700160	0.9644286	1.1860868	0.7591857	0.0969608	0.0293866
Q	1.4862327	0.4793682	0.7918027	1.1407277	1.1368829	1.4507874	1.3960576	1.5169999	0.0761003
R	0.9698110	17.6885991	0.2106825	0.5049274	0.4273777	0.7459118	0.2735833	0.8946797	0.2063693
S	2.1993213	0.1035574	0.9306886	0.9395468	0.8431215	0.9174874	0.9166595	1.5346851	0.0626289
T	1.1407625	0.0903686	1.0246888	0.6033836	0.9117941	0.8350997	1.0985667	1.7508390	0.0757896
V	0.7624663	0.0571869	1.2029967	0.6748902	1.4718424	1.3683101	1.3062972	0.7459318	0.2674972
W	0.3821512	0.1505228	4.7672924	1.9558557	1.8936294	1.3222444	2.1201909	0.7400254	10.4766411
Y	1.2271642	0.1060444	2.0135241	0.9357558	1.1342241	1.2827030	1.7021078	1.2176519	8.0145095
