##############
# B2701 PWM for 9-mers
#
# Copyright (2018) David Gfeller
##############
1.00000	1877	2
A	1.3415184	0.0606770	0.8356019	0.9838569	0.6480926	1.0362472	0.7366111	0.9233425	0.1797928
C	0.0543311	0.0372133	0.1169337	0.4273471	0.4314991	0.4338583	0.4341517	0.4442896	0.0601998
D	0.0733440	0.0574931	0.3231381	1.2259272	0.5739690	0.4597543	0.3423269	0.3577447	0.0592035
E	0.1653959	0.0828553	0.1141487	1.2349564	0.8192166	0.8446471	0.8234824	1.2076120	0.0486610
F	0.3978564	0.0503669	3.3526872	1.2143554	1.6411708	1.5134505	2.1069581	1.0032219	4.4417222
G	2.0516318	0.0511849	0.4234475	1.3118877	1.0758348	0.5348576	0.1752083	1.1170286	0.0590485
H	1.6361011	0.0768884	1.9374323	0.9931460	0.9213047	0.8360998	1.2775691	1.2320914	1.1699046
I	0.3883351	0.0330765	1.0543844	0.5162601	1.3358296	1.6378624	1.2150476	0.2746977	0.7355132
K	2.6230376	0.1975918	1.1995372	1.4611335	1.0753286	1.1271947	0.6100487	1.4197553	1.3379691
L	0.2542706	0.0476798	1.4063279	0.9406882	1.3939159	1.1250335	1.5403589	1.2003712	2.9915787
M	0.3306335	0.0659516	1.2675498	0.5325952	0.8511574	1.0007047	0.9639105	0.7320849	2.3067696
N	0.2700577	0.0872770	1.1863063	0.8146175	0.6061389	0.5365774	0.6593025	1.3755817	0.0628782
P	0.0519887	0.0308690	0.1043547	0.9627781	0.5613073	0.6452567	0.6020764	0.2164915	0.0253475
Q	0.5616127	0.1204042	0.6443840	1.2856704	1.0361415	1.1255645	0.9063217	1.4625308	0.0723192
R	5.8915814	18.6324044	0.6410598	1.3246093	1.2760762	1.3068725	0.7606780	1.3166568	2.2912053
S	1.3258271	0.0725830	0.8056491	1.2218927	0.5798792	0.7385040	0.7511987	1.2902373	0.0777416
T	0.4349673	0.0633641	0.9490845	0.6069132	0.7601646	0.8274603	1.0833891	1.3176208	0.0700065
V	0.2975092	0.0399158	0.8027988	0.5262511	1.2416609	1.3307785	1.4796674	0.8872115	0.7454053
W	0.3588349	0.0550279	3.3115201	1.5899340	1.5989684	1.1535083	2.9356026	0.4121862	0.2508208
Y	0.9265981	0.0907900	2.6374594	1.0121324	1.6728266	1.4869741	2.2527333	1.4461608	3.3558741
