##############
# B2705 PWM for 9-mers
#
# Copyright (2018) David Gfeller
##############
1.00000	3488	1
A	1.6215696	0.0733668	0.9258205	0.9470520	0.7331240	0.9687610	0.8591073	1.0133446	0.1209206
C	0.0325946	0.0212328	0.0925617	0.4113828	0.4145444	0.4149897	0.4155731	0.4268461	0.0342092
D	0.0578771	0.0431920	0.4582987	1.2196139	0.5095681	0.3517137	0.2019204	0.2530662	0.0233906
E	0.1732863	0.0466160	0.1008436	1.2214993	0.7367894	0.8097256	0.8239305	0.9752357	0.0334942
F	0.3432049	0.0219512	2.8786213	0.9584101	1.2530641	1.0859244	1.5613273	0.5794757	3.7385045
G	2.5085091	0.0335993	0.2937406	1.3572812	0.9464383	0.6082345	0.1338093	1.1882437	0.0289599
H	0.9992008	0.0431069	1.8163431	0.6432796	0.8276364	0.6873982	1.3892441	1.4122077	0.8248106
I	0.5193289	0.0188499	1.1232379	0.4772718	1.2798884	1.5844233	1.3477667	0.1987524	0.6686196
K	2.2408874	0.1522320	1.2658767	1.5696625	1.0113641	1.1629294	0.7764319	1.6137966	2.0468462
L	0.2693968	0.0269856	1.5906326	0.9192330	1.5218558	1.1585570	1.5476988	1.0506029	3.3393556
M	0.4161663	0.0855549	0.9892972	0.5012386	0.8130434	0.8000275	0.6835206	0.4797824	2.3442393
N	0.2729701	0.0557273	1.7121403	1.1582339	0.8308590	0.7161736	0.8218638	1.6952312	0.0362162
P	0.0294039	0.0221056	0.0170918	1.2352811	0.8038400	0.7083853	1.0411809	0.1935239	0.0194729
Q	1.5263220	0.1733859	0.7131374	1.6075327	1.5801162	1.8624713	1.2911628	1.9732485	0.0572243
R	4.4774505	18.7761242	0.3337063	1.0963148	0.9118386	1.3419215	0.4763839	1.5701338	2.5804016
S	1.5742004	0.1011454	0.9555432	1.4033014	0.8160018	0.9272390	0.6825404	1.4835684	0.0675699
T	0.5392270	0.0462909	1.2186569	0.6835467	0.8925050	0.9091080	1.2360147	1.5666784	0.0557467
V	0.3163197	0.0227374	0.9070839	0.4549260	1.2795753	1.3575310	1.5080188	0.6887367	0.7746673
W	0.2249118	0.0308654	2.1470668	0.5749627	0.7689470	0.4152463	2.0177619	0.2241397	0.1330703
Y	0.8154368	0.0509460	1.8873917	0.6628473	1.1520939	0.8991786	1.5298814	0.8495419	2.2765781
