##############
# B2706 PWM for 9-mers
#
# Copyright (2018) David Gfeller
##############
1.00000	745	2
A	1.4271403	0.1338496	0.7015721	0.6653309	0.6901688	0.8193952	0.5270055	0.9529495	0.2461600
C	0.1438220	0.0827050	0.1911566	0.4740076	0.4814830	0.4904730	0.4877006	0.4982155	0.1587028
D	0.2026715	0.1265519	0.4218359	1.1326513	0.9997485	0.6424254	0.6649457	0.8813604	0.0674179
E	0.3831400	0.1820249	0.1634345	1.1158553	0.7695602	0.6340936	1.0247149	1.6216922	0.0723046
F	1.1662612	0.1944830	3.8143075	1.8429597	1.0628205	1.7324898	1.2313023	0.8151355	4.9073456
G	2.1123681	0.1319925	0.1907763	1.1738178	1.1984797	1.0675619	0.3863623	2.0864356	0.0997465
H	1.4743215	0.1688668	1.0855839	0.3178438	1.0672188	0.5553855	0.4367285	0.4876178	0.0858490
I	1.1052533	0.0749338	1.6122446	0.7209047	1.1074378	1.3036007	0.9418403	0.3481575	1.2063788
K	0.6903307	0.4278724	0.3907569	0.5891505	0.9529312	0.4546264	0.4275569	0.7550637	0.1084613
L	0.8146452	0.1309320	1.7433003	1.4755313	1.1149259	1.3990370	2.3107667	0.7382122	5.1167031
M	1.6993811	0.2436646	1.8578790	1.0218381	1.0736113	1.3843362	1.7431788	0.6148536	1.9245885
N	0.5660253	0.2173330	1.4546269	0.5671217	0.7091390	0.8608156	0.6965622	1.0050229	0.0774017
P	0.0739209	0.0677061	0.0580088	2.4338224	1.0484220	1.0711935	1.0674741	0.1371052	0.0683653
Q	1.3858032	0.4334709	0.4033824	1.4201633	1.3131759	1.6216000	1.8558818	1.7714629	0.0844948
R	1.3612667	16.7012868	0.3741786	0.3884379	0.4898461	0.3664195	0.8248919	0.7996424	0.1195002
S	2.0293936	0.1779520	0.6418846	0.5808753	0.9408888	1.0007281	0.9336825	1.8317859	0.0958222
T	0.8884998	0.1395190	0.5700815	0.3998338	0.8485178	1.1056920	0.9127727	1.5804007	0.1773935
V	0.5695293	0.0891873	0.8776361	0.7021310	1.1879608	1.0611941	0.9566001	1.0298881	1.2371593
W	0.9722976	0.2402369	4.0978836	2.7010427	2.9419863	0.8533428	0.8455122	0.1306027	0.3087226
Y	1.2586566	0.2063447	3.1013511	0.9497341	1.4438605	1.2232738	0.9797234	0.6085453	0.3101218
