##############
# B3508 PWM for 9-mers
#
# Copyright (2018) David Gfeller
##############
0.27470	114	1
A	0.4982716	3.4356669	1.7252273	1.0713398	0.4343655	1.1469894	0.5185856	1.2413936	0.3587930
C	0.8751054	0.6053971	0.6537574	0.9144990	0.7958036	0.9220758	0.9086119	0.8708101	0.3486579
D	1.0828295	0.5650052	1.4946860	2.1091444	6.1942905	1.6706474	0.8475644	0.6311441	0.2197499
E	1.5181151	0.3900389	0.8775812	1.1586926	2.7523257	0.8828840	2.0036070	1.3686005	0.2511811
F	2.6813783	0.2735173	1.4434346	0.3930097	0.4086719	0.6801684	0.4398694	0.4562364	5.9740570
G	0.3726848	1.1966664	0.4277607	0.6872516	0.5953230	0.5701918	0.4776682	1.3113844	0.2574079
H	5.3691455	0.4665101	2.6118870	0.5534140	1.1021748	1.0332440	2.7872990	1.0753363	0.6523823
I	0.6642903	0.3918598	1.1436084	0.7570822	0.6162259	1.6379363	1.3966772	0.4714433	0.7117606
K	0.5753472	0.4458749	0.5158598	0.8071791	0.8446289	1.2345811	0.7433944	0.9255494	0.2904427
L	0.6506904	0.3986963	0.8589927	0.9200797	0.3557460	1.1874434	0.9333265	0.4854337	1.0836482
M	0.8991353	0.4176508	1.8264713	0.5607191	0.5527947	1.4981309	0.6241142	0.8422819	2.4240233
N	1.1107687	0.3835442	1.0306849	0.7565463	0.7647180	0.7959119	1.5095368	1.0229111	0.2865838
P	0.2059934	5.0530319	0.3112057	1.0786805	0.6140549	1.0662093	0.2209633	0.6396730	0.1452185
Q	1.5810434	0.3705085	0.6569421	0.8276457	0.6108117	0.4719971	1.2913495	1.3848624	0.2930699
R	0.4929658	0.3491326	0.5055587	1.9617069	0.5572846	1.3107612	0.4947291	0.6110561	0.3117175
S	0.5117553	0.6468709	0.6043158	1.0021368	0.5354111	0.5512515	1.1272723	1.7757227	0.3120567
T	1.3708681	0.5042338	0.8802417	0.8188164	0.5141220	0.5444007	1.1454345	2.8038605	0.3473573
V	0.5764722	0.8173000	1.2848811	1.2298321	0.5451011	0.8757123	1.2596088	0.7174185	0.5664779
W	0.5427594	0.2610308	0.4702707	0.3590986	0.3060727	0.3756961	0.9558013	0.3637724	1.2669766
Y	1.5040941	0.3368501	1.4187911	0.8613928	0.5132403	0.7633573	0.8343698	0.5792923	9.7200262
