##############
# B3503 PWM for 9-mers
#
# Copyright (2021) David Gfeller
##############
1.00000	3819
A	0.3876006	2.7871530	1.3382659	0.9941606	0.8200437	1.3313928	1.1063305	1.8346722	0.2667294
C	0.7823675	0.0866175	0.2085108	0.7771698	0.7817394	0.7818879	0.7817135	0.5583691	0.0335319
D	0.4856932	0.0381596	1.3833638	1.7485925	1.4843293	2.2901154	0.6075974	0.3352771	0.0155835
E	0.5754484	0.0754370	1.0795963	2.0605312	1.3782110	1.3892866	1.2256999	1.7633921	0.0178388
F	3.0097977	0.0565140	1.0497709	0.2666097	0.7149256	0.6145703	0.7468818	0.1662714	1.3360061
G	0.0709834	0.1104338	0.2835606	1.1847126	0.8880058	0.7311803	0.1303250	0.2057713	0.0166212
H	3.5290653	0.1678459	1.0420917	1.1866955	1.1689572	0.9716063	2.1920969	0.6664347	0.0402968
I	0.9469717	0.1882433	1.7024116	0.2994837	0.9523503	1.0267951	0.9824716	0.9016575	0.6178983
K	0.1141386	0.0468185	0.1148466	0.7079318	0.6194472	0.3542280	0.3855264	0.7305349	0.0223375
L	1.7549406	0.0517608	0.7387619	0.3860673	0.6540192	0.4366044	0.8883921	0.6457641	7.6133199
M	2.9347658	0.1132996	0.6817710	0.3481524	0.4420901	0.3759559	0.5070879	0.4168420	4.3864875
N	0.9522614	0.0397445	1.4323422	0.8264386	0.8936129	0.8041771	0.9758484	0.4053281	0.0180971
P	0.0962242	13.1014346	0.3353946	2.9851301	1.2401524	1.4410425	2.6536703	0.5245485	0.1877427
Q	1.0051122	0.0872857	0.8919103	1.1913619	0.9968359	1.1454122	1.3429583	1.2094468	0.0554000
R	0.1890638	0.0894118	0.0766694	0.5251242	0.5284713	0.4551587	0.4732276	0.6085996	0.0966533
S	1.2459493	0.2339211	2.0273149	1.6683007	1.3708570	1.7030096	0.9116751	1.9476150	0.0216438
T	1.6549150	0.1436113	1.4617277	0.8657303	1.2510409	1.1293311	1.1786152	2.1535379	0.1338929
V	0.6552462	0.5665120	1.7214474	0.3888705	1.7654844	1.2413113	1.5559530	2.1730958	0.5106793
W	0.3815398	0.0553541	0.3804858	0.2444445	0.3095223	0.2057002	0.5943930	0.0441149	0.1132136
Y	2.1361291	0.0420649	1.0338659	0.4270843	0.8640518	0.3630883	1.0446222	0.4167646	0.1296809
