##############
# B3501 PWM for 9-mers
#
# Copyright (2021) David Gfeller
##############
1.00000	1356
A	0.6558345	3.8797862	2.0939896	1.1764603	0.8262558	1.2065354	0.8778114	1.6920018	0.0792115
C	0.7925922	0.1359595	0.2505331	0.7861589	0.7949452	0.8008430	0.7945749	0.5823852	0.0614345
D	0.9798476	0.0721427	0.7631899	2.1662891	1.2954938	0.7061708	0.7419538	0.5928556	0.0439005
E	0.9331972	0.1200706	0.6116555	2.0505693	1.0147633	0.7359230	1.5996438	1.8917633	0.0527343
F	1.8407704	0.0737564	1.8303637	0.5360578	0.9287480	1.0606877	0.6072723	0.4376331	5.5231334
G	0.2534175	0.2811215	0.4436296	1.2184534	0.8480284	0.7380290	0.1932534	0.6105974	0.0453349
H	2.3874419	0.0896962	0.7638522	0.5100145	0.7497266	0.9011605	1.5058229	0.6403868	0.2990234
I	0.8866326	0.2393354	1.3437769	0.5126691	1.6645232	2.0035029	1.3614692	0.5976787	0.2087984
K	0.1552156	0.0870192	0.1498094	0.5544213	0.4094484	0.4111224	0.3003149	0.6597625	0.1581178
L	1.2461781	0.2145768	0.9236514	0.5445059	0.9898738	0.8786581	0.9445238	0.5276304	1.6194766
M	1.7967854	0.1656008	1.0734633	0.3406633	0.4803449	0.5951536	0.5887931	0.2481277	2.8184711
N	2.0519908	0.1334303	1.0305505	0.8112829	0.6866490	0.6703155	1.0092159	0.5999644	0.0583105
P	0.0510558	10.0763945	0.2776850	2.2710363	1.5196286	1.1301211	1.5751436	0.1917018	0.0357047
Q	0.9687268	0.1081435	0.7829840	1.2154718	0.7597770	1.0645718	1.3943637	1.5356749	0.0803541
R	0.2011670	0.0642782	0.2071262	0.2899746	0.2673082	0.3174113	0.3226545	0.3588878	0.0857962
S	1.2805397	0.2059945	1.3776839	1.1722474	0.9778743	1.0656707	0.8224307	2.1667584	0.0698037
T	2.2994111	0.1903910	1.0268289	0.8960688	1.1822396	1.5364568	1.8543234	2.3458669	0.1229154
V	0.7699523	1.0173089	2.0029578	0.8413109	2.0711044	1.9970932	1.8514718	1.6342057	0.2881229
W	0.1362617	0.0962469	1.6302666	0.2757667	0.5577787	0.1218644	0.3393947	0.0637148	1.0394997
Y	1.7287124	0.0895086	1.2938221	0.4375539	0.8098803	0.7478118	0.9231367	0.6732462	15.3635547
