##############
# B3502 PWM for 9-mers
#
# Copyright (2018) David Gfeller
##############
1.00000	741	1
A	0.4269874	1.7970594	0.7721002	0.7734696	0.6421834	0.9073697	1.0141214	1.8322682	0.1821775
C	0.8582046	0.2906497	0.4120507	0.8123211	0.8182327	0.8125954	0.8189406	0.7220863	0.1646283
D	1.1522795	0.1450366	4.5817491	1.6480104	1.7003083	2.6639200	1.0902991	0.3531697	0.0661742
E	0.5295128	0.1247951	2.2271982	2.9848156	2.5555575	3.2651324	1.8224821	1.4207024	0.0737655
F	2.1349077	0.0812637	0.5528007	0.6477930	0.6868898	0.5670829	0.4324696	0.2354070	2.1888149
G	0.1281141	0.2383556	0.2608460	1.0174792	0.8186272	0.3877288	0.1358559	0.4556595	0.0779976
H	4.0657757	0.0945935	1.7918860	0.9606088	1.4991965	0.8039324	3.1367007	0.8672725	0.1223192
I	1.0570395	0.3435894	0.9675053	0.3510174	1.0497496	0.6732921	0.7079381	0.8201512	0.7329907
K	0.2082296	0.1661190	0.1941933	1.0032277	0.8454497	0.9564295	0.8762282	1.3453125	0.0941248
L	1.4019519	0.1303781	0.5478939	0.6458515	0.6979973	0.4429074	0.4284122	0.6036581	7.0321436
M	2.3785361	0.1707689	0.4147454	0.3543130	0.5210281	0.5964916	0.3673622	0.4880496	3.7231527
N	1.2733770	0.1171839	0.9101688	0.8725445	0.9968257	0.7739085	0.9601035	0.2761866	0.0759781
P	0.0872046	11.2938362	0.0782921	1.4253765	0.5240802	0.6252910	1.8893153	0.0818621	0.1093254
Q	1.3616160	0.1160300	1.1229926	1.4384247	1.1462733	0.7691124	1.2784333	1.3976149	0.1496202
R	0.3691811	0.1110927	0.2407769	0.5763050	0.9477615	1.4016566	0.7019376	1.4102321	0.1029547
S	1.3040369	0.3055809	1.3444768	1.2736847	0.9690371	1.0684362	0.6376576	1.8609084	0.0935130
T	1.3846478	0.1775944	1.2834201	0.8086026	0.8488665	0.6015018	0.8248044	1.6662593	0.1350796
V	0.5163636	0.6261030	0.9089846	0.4799482	1.0687979	0.9033013	1.3228083	1.7383558	0.4011666
W	0.8637694	0.4216682	0.1209870	0.4728354	0.2446189	0.1216291	1.5251959	0.1236030	0.2859991
Y	1.4571179	0.1817543	0.5746842	0.7967891	0.6912915	0.6004155	1.3990567	0.4506380	0.2482334
