##############
# B3508 PWM for 9-mers
#
# Copyright (2021) David Gfeller
##############
0.31127	127
A	0.5280148	3.3242546	1.4682898	0.9954659	0.4028463	0.9063325	0.5231865	0.8824571	0.3226741
C	0.8145317	0.4435305	0.4736862	0.8174276	0.7521598	0.8317274	0.8248971	0.7238485	0.2826083
D	0.7999622	0.5191953	1.7310304	1.8380392	5.8581996	1.5523708	0.7333231	0.5898507	0.2056935
E	1.4135222	0.3691005	1.1734492	2.3350993	2.4970679	1.2785909	2.2290791	1.6183525	0.2396280
F	2.7379369	0.2812604	1.4518279	0.3613416	0.4284401	0.9149209	0.4193764	0.4775424	6.6040261
G	0.3158025	0.9736750	0.3382526	0.6349284	0.7953365	0.4614762	0.5586342	0.8888684	0.2151210
H	4.7828163	0.3075004	1.9902067	0.6203973	1.3253547	1.9665631	3.5690947	1.2841234	0.6907025
I	0.6892792	0.5900301	1.4061294	0.7430255	0.7656623	1.6818979	1.0520065	0.6006041	0.7754986
K	0.6665837	0.4111598	0.4764467	0.7929918	0.7727162	1.4186224	0.7223200	0.7880932	0.2671803
L	0.8242525	0.4003147	1.1016786	0.7379887	0.3329248	1.1439752	0.7739504	0.4942296	1.0652602
M	1.3157233	0.3998876	1.6983838	0.4755895	0.5039796	1.3628858	0.5207803	0.7965111	2.0513407
N	0.9155702	0.3559348	0.9502692	0.9172575	1.0280169	0.6723903	1.8255416	0.9428297	0.2717641
P	0.2368528	5.9686397	0.3402842	1.1750795	0.4671819	0.5457047	0.2539924	0.6917036	0.1623588
Q	1.6945568	0.3538926	0.6354736	1.1748256	0.6745213	1.0028729	1.2671157	1.3284868	0.2788133
R	0.4436280	0.3057001	0.4370956	1.7228038	0.4904826	1.1032533	0.6980157	0.6891701	0.2735905
S	0.6997054	0.5729630	0.4529887	0.6636398	0.6077751	0.4846325	1.0158586	1.5328115	0.2767399
T	1.5543156	0.4934131	0.6830714	0.6897381	0.6530684	0.4394989	1.1628631	2.8128457	0.3341253
V	0.5883471	1.0247000	1.4553362	1.0947502	0.3559081	0.8985434	1.2539851	1.3175594	0.6068098
W	0.4383432	0.2069993	0.3863353	0.2827913	0.2625069	0.3319934	0.7403554	0.2966131	1.0114870
Y	1.6648227	0.3186950	1.7444259	0.8037398	0.7879381	1.0747623	0.9429366	0.7091611	9.9564228
