##############
# B3507 PWM for 9-mers
#
# Copyright (2021) David Gfeller
##############
1.00000	1310
A	0.4188892	2.8303199	1.5803298	0.8442226	0.7292402	1.1394238	0.7095201	1.5804031	0.1273084
C	0.7976669	0.1309987	0.2497495	0.7851552	0.8001942	0.8030285	0.7991994	0.5861718	0.0644049
D	0.5226395	0.0755083	0.8780093	2.2856371	1.5890209	0.8236955	0.6906809	0.3494351	0.0450862
E	0.5173565	0.0798100	0.5609098	2.0508270	1.0624820	0.6471112	1.7276291	1.9979551	0.0535830
F	2.5851948	0.0522025	2.5316313	0.5025999	0.8164537	1.2324412	0.6500155	0.4393916	5.8087463
G	0.1156749	0.1346068	0.2271027	0.9067623	0.6958091	0.5078043	0.1177916	0.5200225	0.0470763
H	4.4862652	0.0659779	1.8622354	1.4868715	1.4094253	1.3282288	1.9019178	0.7683763	0.4335276
I	0.9913156	0.1633951	1.3495019	0.5331115	1.5660315	1.6950236	1.5104286	0.7710047	0.2523917
K	0.1097925	0.0907083	0.1217702	0.6682748	0.6082949	0.6225345	0.3562104	1.1149333	0.0608355
L	1.4888218	0.0882671	0.9638166	0.4441052	0.9908729	0.8356584	1.1298416	0.5991166	1.6689383
M	3.8200635	0.1320756	1.0041684	0.3770034	0.5537923	0.7286364	0.5298954	0.4920763	3.7998070
N	1.3010506	0.1052605	1.2892895	0.9386884	0.9575924	0.5384772	0.7919627	0.5194896	0.0596644
P	0.0751102	12.6759835	0.2599942	2.5033109	1.3665879	1.2558491	1.6372201	0.4727671	0.0365346
Q	1.0896983	0.1632837	0.9435295	1.4197499	0.8832084	1.6519066	1.3086470	1.2968920	0.0646027
R	0.2940789	0.0655429	0.3065396	0.5665999	0.2952428	0.5859548	0.4851124	0.6034104	0.0746008
S	0.7471575	0.2163780	1.0905351	1.1272608	0.7433834	0.8606212	0.7731130	1.5839627	0.0720564
T	1.5820741	0.1408215	1.1455725	0.8227535	1.1253669	1.2814229	1.2531650	1.6137727	0.1270112
V	0.6736580	0.6858768	1.6074075	0.5999991	1.8544903	1.9512207	1.9662155	2.1062997	0.1657937
W	0.2669023	0.0369848	1.5965486	0.3979702	0.4672761	0.1269230	0.4668194	0.0648497	1.1239770
Y	2.2212585	0.0649428	1.5818612	0.3417119	0.8681891	0.7341143	0.8695364	0.5602496	14.1437457
