##############
# B3701 PWM for 9-mers
#
# Copyright (2021) David Gfeller
##############
1.00000	989
A	2.1270931	0.1939786	0.6993969	0.8638516	0.4128704	1.0743639	1.2925224	1.2470871	0.2075193
C	0.6465585	0.2551308	0.4571358	0.5696870	0.5415262	0.5796243	0.5776380	0.0935520	0.1045798
D	0.1101343	8.5898893	0.6407103	0.3746446	0.1218473	0.2751511	0.4145695	0.2304474	0.0533426
E	0.2481480	6.3230160	0.2972621	2.3283551	0.2675486	0.5322168	1.2379034	1.1192912	0.0576185
F	0.2720492	0.0645392	1.3261225	0.3536926	0.1076264	1.2197014	1.2345360	0.6486164	7.5382316
G	0.5208786	0.1640116	0.2954534	0.4724674	0.2269129	0.4830194	0.3775248	1.7641878	0.0573555
H	1.9220577	0.1372429	2.0342671	0.3746791	4.9856555	2.8232945	2.0773022	1.1065890	0.0801153
I	0.5599875	0.0660423	0.4834536	1.4682806	0.3097009	1.4012653	1.2316680	0.2628321	1.1037933
K	2.1215390	0.1770508	0.3461128	0.8101727	1.4203836	1.0712363	0.6879444	1.2729901	0.0672964
L	0.3035060	0.0594003	2.9096888	1.5732498	0.2212932	1.0508979	1.2499404	0.7030783	3.7785451
M	0.7493120	0.0809271	2.1053244	1.0090081	0.1910757	0.4617472	1.4564903	0.4318958	3.0548126
N	0.2452329	0.2130810	1.1429442	0.4613319	0.2933177	1.0519624	0.7977339	1.0567544	0.0627902
P	0.1125911	0.2919524	1.1161363	2.4155938	0.9345740	0.6595194	0.3706268	0.2369686	0.0444876
Q	1.0712809	0.4431465	1.7611780	1.8232809	0.3408162	1.1454152	1.2119695	2.1031943	0.0665065
R	3.4435004	0.1362742	0.2684040	0.4394856	9.1519216	0.8522711	0.4858670	1.1165121	0.0691439
S	1.9917363	0.5079817	1.5133175	0.5149558	0.2706827	0.9476389	1.0915219	1.7539912	0.0726628
T	1.0364042	0.1201642	0.2815223	0.6099168	0.3793357	1.1566076	0.6675639	1.6548872	0.1586795
V	0.7058397	0.0994378	0.5445574	1.1786900	0.4350103	1.7877905	1.4239443	0.8448782	1.9400769
W	0.2318224	0.0618776	0.6229528	0.3006368	0.2283045	0.6925838	0.9264154	0.0855449	0.1392573
Y	0.7158990	0.0793478	1.3255902	0.3511134	0.2527510	0.8457792	1.9314314	0.6344140	0.2863299
