##############
# B3802 PWM for 9-mers
#
# Copyright (2021) David Gfeller
##############
1.00000	1820
A	0.8372507	0.0643050	1.2910030	0.8096526	0.7603922	0.6535093	0.7041363	0.8950265	0.0652413
C	0.6284516	0.2398370	0.4400381	0.5445676	0.5529793	0.5546452	0.5535643	0.0539719	0.0634359
D	0.5844328	0.0995927	4.3520681	2.2093591	1.4075381	0.8389740	1.2314075	0.4014593	0.0304372
E	1.3050213	0.1716757	1.0529418	1.7628346	1.1378941	1.0816713	1.4800093	1.1778942	0.0320085
F	1.4708790	0.0691889	1.0733295	0.8216464	1.2234453	1.1998711	0.7772299	1.2904143	3.5301809
G	0.3277649	0.0526776	0.4094772	1.0392926	1.0398656	1.0110628	0.1259180	0.5157167	0.0311103
H	3.4876709	29.5495198	1.5566050	0.9885078	0.9684432	0.8539037	1.4611725	1.2684690	0.0414085
I	0.7655305	0.0588276	1.1999857	0.6075855	1.2777449	1.7505749	0.9674357	0.5888807	4.2705297
K	0.2380473	0.2107715	0.0732750	0.6618630	0.6541455	0.6491235	0.2424046	1.3233809	0.0393754
L	0.3345723	0.1889168	0.5205442	0.6255014	1.0088359	0.8641090	1.4850648	1.3981283	5.0614580
M	1.5866348	0.0887897	1.0459060	0.4772473	0.8796070	0.6713730	0.7823325	1.0715529	0.8540540
N	1.4682416	0.1281052	0.6796838	1.1761395	0.7830064	0.8158573	1.0321595	0.7478705	0.0344330
P	0.0417792	0.2183121	0.0529370	1.9756197	0.9659865	1.2100843	1.0196223	0.1021094	0.0263531
Q	2.1619961	1.1570495	1.1396140	1.3814587	1.0773968	1.8133654	2.4362707	1.5854908	0.0381422
R	0.4221506	1.2002959	0.0608222	0.6235399	0.2861072	0.4183530	0.1962515	1.4205746	0.0394182
S	1.4727275	0.1058240	2.2010209	1.1223095	1.1541110	0.8861814	0.8486914	1.3352458	0.0470385
T	2.5872040	0.0538249	0.6495690	0.8045857	1.1936745	0.9842768	1.1868970	1.1946853	0.0646440
V	0.3776312	0.0387416	0.7763494	0.6492422	1.3678387	1.8064575	1.2648567	0.8559368	0.6463363
W	0.8171461	0.0584415	0.3536356	0.5067435	0.5158852	0.2208220	1.2373266	0.3188040	2.4678251
Y	2.3973050	0.2060424	0.8580353	0.6527793	1.0960463	0.8209848	1.7960942	2.0177403	0.2161695
