##############
# B3801 PWM for 9-mers
#
# Copyright (2018) David Gfeller
##############
1.00000	2991	1
A	0.9347210	0.0475239	1.3008591	1.0623604	0.9100450	0.8174747	0.7554785	0.7095645	0.0477641
C	0.6865810	0.2095051	0.4286329	0.5987246	0.6025688	0.6050958	0.6024950	0.0407159	0.0466546
D	0.6907322	0.0702515	3.7675153	1.8129372	1.7777721	1.1407392	1.2032687	0.2574205	0.0197721
E	1.6429147	0.0567441	1.1209598	1.7892338	1.6710505	1.3038127	1.8609342	1.0874954	0.0258679
F	1.1226178	0.0490869	0.9976352	0.6123490	0.7209386	0.7400611	0.5968307	0.8274408	3.8897839
G	0.6097606	0.0383822	0.5427974	1.1652134	1.2494072	1.0278419	0.1587765	0.5144926	0.0227590
H	3.4532258	27.4612133	1.7615113	1.0821054	0.9960092	1.3372045	2.0255207	1.4784522	0.0355992
I	0.6389957	0.0509695	0.9951320	0.5159266	0.7196302	1.2057388	0.7562153	0.4690852	3.1818916
K	0.2371348	0.1702039	0.0869930	0.8938162	0.6218993	0.7205878	0.1860935	1.3643251	0.0260673
L	0.2831422	0.1792726	0.5624492	0.6900244	0.8045569	0.8692531	1.0913126	1.4065096	5.3623110
M	1.0992564	0.0446023	1.0575649	0.6723825	0.7895976	0.8106556	0.8368831	0.8364747	1.0476304
N	1.2038301	0.1337874	0.7554557	1.0514758	0.6524157	1.0001963	1.2732195	1.1185245	0.0222272
P	0.0280353	0.1318766	0.0228805	1.5254194	1.0355802	0.7240105	1.0414215	0.0816709	0.0141733
Q	2.4787763	1.2627982	1.2846470	1.4561336	1.2774302	1.8102555	2.1027436	1.6712327	0.0406954
R	0.6085146	1.3650008	0.0622646	0.8870710	0.4434904	0.5153387	0.3559281	1.4451474	0.0594576
S	1.5423870	0.1041487	2.4471531	1.3008103	1.3986098	1.1075432	0.9672693	1.6520415	0.0375292
T	2.2242188	0.0636925	0.7324657	0.7191733	1.1495869	1.0691768	1.1378773	1.9582142	0.0459072
V	0.4572520	0.0344408	0.7803152	0.5817999	1.0929791	1.3967695	1.1342375	0.7863655	0.4264662
W	0.9540409	0.0448835	0.4248931	0.2553598	0.3214216	0.1338092	1.3349484	0.2040900	2.4643159
Y	1.8864284	0.1300806	0.8501501	0.4398833	0.7548688	0.7483934	1.6131150	1.4707709	0.2690628
