##############
# B3905 PWM for 9-mers
#
# Copyright (2021) David Gfeller
##############
1.00000	953
A	0.8879552	0.0996654	1.3860586	1.0427987	1.1083267	1.0942056	1.0531714	1.8085983	0.4255939
C	0.3005252	0.2629700	0.3008853	0.3503770	0.3556794	0.3595871	0.3598279	0.9240039	0.1191762
D	1.0266095	0.1253207	3.3490525	1.8545888	1.4837223	0.9198212	0.6927358	0.3618000	0.0545616
E	1.4707550	0.1563475	1.4012564	1.2315068	1.3283549	0.9225944	1.1277255	1.1361056	0.0909082
F	1.2901331	0.1462407	0.9791670	0.5062316	0.8946382	0.7286165	0.6455348	0.3586013	1.2878460
G	0.5452099	0.0935057	0.4747466	1.0634240	1.1281500	0.7792742	0.1756135	0.3204587	0.0583204
H	3.7117908	30.9161924	1.9310834	0.9825185	0.5983874	1.5707331	1.6408199	0.5911524	0.1400557
I	0.9426089	0.0688352	0.8604242	0.6728429	0.9665357	1.5194678	1.3325947	0.7489153	1.4147169
K	0.3175703	0.1813678	0.1385438	0.7625122	0.6380402	0.6060087	0.2616868	0.7282528	0.0756733
L	0.3407297	0.0719547	0.4501696	0.9176574	0.8814216	0.8391850	0.9504096	0.9081628	6.7335370
M	0.3674411	0.1142770	0.6248713	0.7823171	0.5663951	0.6920602	0.9606170	0.7214698	2.3698759
N	1.2987174	0.2518435	0.9956815	1.2032223	0.7957014	1.0641409	1.1611680	0.4908057	0.0624350
P	0.0746653	0.3041985	0.0770246	1.7276615	1.0286113	0.5679375	1.4497033	0.1687635	0.0501065
Q	1.6079456	1.1475288	1.6977592	1.2503224	1.3385538	1.4284721	1.6589673	1.8773317	0.0762532
R	0.3555122	0.1813732	0.1652678	0.6032943	0.4317652	0.5322181	0.3438530	0.6672223	0.0933829
S	1.4685885	0.1162856	2.3445244	1.2458516	1.5913976	1.3115575	0.9458752	2.2742571	0.0899618
T	2.6643679	0.1085836	0.8031206	1.0473515	0.9149254	1.2925594	1.4615668	1.7475593	0.1870841
V	0.7279570	0.0630173	0.7471753	0.8561329	1.3998327	1.7878550	2.0343857	1.7988033	1.3110874
W	0.5650019	0.2579947	0.1637303	0.3090869	0.2392164	0.2437446	0.7052493	0.0853068	0.1032741
Y	1.5868581	0.3523806	0.6892465	0.3621110	0.5869090	0.8441174	1.0644966	0.5457402	0.1495817
