##############
# B3901 PWM for 9-mers
#
# Copyright (2021) David Gfeller
##############
1.00000	2029
A	0.9021712	0.1440636	1.4867955	1.0220413	1.2040956	1.0860678	1.0003649	2.0662904	0.4401695
C	0.2620134	0.2462302	0.2700684	0.3161697	0.3230961	0.3240959	0.3225262	0.9175163	0.0624745
D	0.8031498	0.0797291	2.1140625	1.8167318	0.8186023	0.3534432	0.6304879	0.2928737	0.0280265
E	2.4857262	0.0955096	0.7856257	1.6285159	0.8350225	0.5994124	1.2384753	1.5585688	0.0391725
F	0.7140440	0.0688509	1.3566223	0.5067978	0.8986423	0.7315263	0.5838335	0.2312101	0.7625658
G	0.7006244	0.0934146	0.5204915	0.9935182	1.0795924	0.7605348	0.1357456	0.3477983	0.0302923
H	3.5762106	25.0671000	2.5441947	1.0154205	1.0311179	1.4775165	2.5365402	0.9746821	0.0356040
I	0.5359245	0.0436963	1.1379076	0.5501602	0.7570065	1.6926550	0.9531055	0.5722557	1.2823484
K	0.2769019	0.1178487	0.1187815	1.0987576	0.5652123	0.7885442	0.3271230	0.9084287	0.0467433
L	0.1402055	0.0391605	0.7113009	0.6732698	0.9257326	0.8355509	1.0611110	0.4895548	7.2241319
M	0.5468566	0.0787373	1.0287491	0.5297287	0.7349882	0.6248386	0.8011878	0.3829974	2.1337220
N	1.6993788	0.1447189	1.0100295	0.9913174	0.9321969	0.8732841	1.0820971	0.3291066	0.0320800
P	0.0766094	0.0338936	0.0654390	1.9679828	0.9447405	1.1694191	1.0472690	0.1955882	0.0353546
Q	2.7979011	1.0972586	1.3861569	1.6205187	1.6483711	1.6919024	2.4281574	1.9436285	0.0393905
R	0.3295289	3.9281847	0.0904977	0.6952048	0.4290307	0.4457350	0.3647891	0.6351934	0.0396415
S	1.6252903	0.1112544	2.3171403	1.3043159	1.7533344	1.5064580	0.9566939	2.6592780	0.0468794
T	2.2267739	0.0507958	0.8648439	0.9566707	1.4393003	1.3077242	1.5195376	1.8633970	0.1760041
V	0.3464935	0.0423611	0.9765591	0.5753184	1.3901047	1.8558112	1.7044381	1.4994248	1.4955693
W	0.1624933	0.0511876	0.2783632	0.0783594	0.2361049	0.0451701	0.5806122	0.0422258	0.0517876
Y	1.1946827	0.1392729	1.0338787	0.3542517	0.8926022	0.5808947	1.3241825	0.3079717	0.1041900
