##############
# B3906 PWM for 9-mers
#
# Copyright (2018) David Gfeller
##############
1.00000	1310	1
A	1.0260709	0.2333492	1.2531469	1.0558070	1.0174607	0.8600410	1.1190526	2.8776920	9.3602473
C	0.3339984	0.1833261	0.2163870	0.4979063	0.5032194	0.5031599	0.5052491	0.7371743	0.1351427
D	1.4192445	0.1498797	0.1747390	1.1002407	0.3804679	0.3615127	0.3929807	0.2535130	0.0713014
E	2.3622666	0.3676174	0.1992907	1.2979876	0.5598134	0.5788446	0.9615804	1.6036255	0.0805292
F	0.7226156	0.0743702	2.5661405	0.3661760	1.7449271	1.1823560	0.6952625	0.1477297	0.0752015
G	0.5295012	0.4241359	0.3489008	0.9426238	1.1449565	0.7968422	0.1254149	0.4979745	0.1863464
H	2.5090581	16.4311085	2.2168773	0.6236833	0.8834977	1.0420441	2.1865179	0.5496768	0.0856856
I	0.3762801	0.0596024	0.7242162	0.7661045	0.8214721	1.3185431	1.1894611	0.3995407	0.2208622
K	0.3551570	0.3845775	0.7427940	1.1689177	0.7174927	0.8534196	0.6244194	0.7863190	0.0926587
L	0.2691078	0.1400732	1.2425427	0.8411845	1.0674167	1.2404957	1.2977018	0.1558958	0.1703770
M	1.0523240	0.0924828	1.1900659	0.5308603	0.8427123	0.7595857	0.8834860	0.3421651	0.1798801
N	2.0373929	0.2716674	1.2956995	0.7805707	0.9334366	0.4452332	0.8001720	0.4038774	0.0772004
P	0.0853310	0.7350737	0.6697128	2.0575112	0.8857833	1.8059851	1.5433205	0.5906935	0.3466946
Q	2.3712214	2.1643174	1.6256465	1.6929196	1.9406396	1.7281028	1.3189158	1.2223585	0.0996491
R	0.5324163	4.3502523	0.6749558	0.9498463	0.7638521	0.7615272	0.7905555	0.5253983	0.0912861
S	1.6200422	0.2956428	1.0147919	1.1276615	1.4868957	1.0703331	0.6411902	3.7203261	0.3521218
T	1.8225929	0.1187762	0.8902707	0.9489882	1.1796663	1.0356129	1.0891289	1.7471683	0.7939472
V	0.3640546	0.1054315	0.9620861	0.8851419	1.0761957	1.2483548	1.5631753	1.0451542	2.2632602
W	0.2954169	0.0851993	1.5156571	0.4897434	0.5085835	0.2926246	0.4346920	0.0705485	0.1416208
Y	1.2277635	0.1725684	2.2026582	0.5310494	1.0723549	0.7828859	1.2098029	0.1061390	0.1057281
