##############
# B3924 PWM for 9-mers
#
# Copyright (2018) David Gfeller
##############
1.00000	480	1
A	0.9696599	0.2323762	1.0431277	0.9031573	1.0538937	0.8755590	0.8543415	2.2111510	0.5628180
C	0.4099290	0.2325473	0.2950387	0.5533143	0.5674986	0.5660901	0.5617773	0.8013194	0.2373877
D	1.5362881	0.2293865	0.5788774	1.2902811	0.3854822	0.4208312	0.4145870	0.3058693	0.0950236
E	2.1754538	0.3391534	0.2853195	1.4647184	0.4719306	0.7288515	1.1248623	1.7677212	0.1066412
F	0.4923358	0.1544002	1.7708212	0.3894184	0.8253618	0.5863295	0.4648002	0.1997407	1.0854427
G	0.4679967	0.3391204	0.5312063	1.1811695	0.9195462	0.8024727	0.2767482	0.6307594	0.1166966
H	1.8664732	10.9500619	2.1287246	0.4610781	0.6384705	1.9900886	1.4989538	0.6852755	0.1701563
I	0.5733829	0.1736686	0.6571659	0.7031763	0.9838419	1.5877456	0.8538611	0.4748936	0.6942237
K	0.3808849	0.4277762	1.6191079	1.3613286	1.2283999	0.8940418	0.5879069	0.6345259	0.1625680
L	0.3153352	0.1368445	1.0265150	0.7571879	0.8963545	0.6290147	0.7437342	0.3682948	6.3899246
M	0.5693042	0.2025665	0.8167462	1.0559216	0.6210246	0.5491824	0.5418948	0.7223561	3.2381859
N	2.3018954	0.3041164	1.3677254	0.8886232	1.1316112	0.9061217	1.3344580	0.4480126	0.1090974
P	0.1121443	0.3853585	1.6668984	2.3008874	0.9966783	1.3125645	1.5185333	0.2378153	0.1025332
Q	1.9653427	1.1763909	0.9459488	1.4899844	1.7929210	1.4285295	2.9353023	1.5334990	0.1328897
R	0.6611474	8.2714841	0.9868898	0.6917039	1.5954131	1.3542266	0.9160309	0.3600353	0.1455217
S	1.3975768	0.2196728	1.0256246	1.1726243	0.8793912	1.1548036	1.2763038	3.2574679	0.1691678
T	2.2138994	0.1775775	0.6094861	0.8561071	1.3908393	0.9469013	1.2509721	2.0658481	0.2881598
V	0.5941271	0.1147608	0.5891162	0.6200337	1.1601746	1.3221171	1.1662768	1.2272554	1.1936201
W	0.3629304	0.1864750	1.7698125	0.1544057	0.3702142	0.6986963	1.0425249	0.1628776	0.3894705
Y	1.3296554	0.3860713	1.5640337	0.3469205	1.4380161	1.0035014	1.1636483	0.2987312	0.4738625
