##############
# B4002 PWM for 9-mers
#
# Copyright (2018) David Gfeller
##############
1.00000	3960	2
A	1.4825073	0.0508689	0.9033943	0.6922685	0.6447949	0.6642733	0.7143656	1.4782605	0.6054199
C	0.6811215	0.0685039	0.4322012	1.0216047	1.0228934	1.0236970	1.0232118	1.0262890	0.2914093
D	0.1151478	1.0686191	0.8111832	1.4716542	0.9057456	0.4873547	0.4995751	0.3992954	0.0159701
E	0.5209486	14.7559428	0.6224006	2.0492934	1.2870138	0.9882066	1.5170628	1.1800146	0.0173973
F	1.1228713	0.0355024	2.1294326	0.9492029	1.1461058	1.1026891	0.9772795	0.5177722	1.6517711
G	1.3890176	0.0317138	0.6051412	1.0888164	1.0532445	0.6699332	0.1802558	0.5745278	0.0196434
H	1.9583246	0.0415251	1.4298581	0.5934522	1.0594302	0.8204754	1.6906326	0.8310376	0.0426922
I	0.7064365	0.0231564	1.2027581	0.8042164	1.1419689	1.5917681	1.0949199	0.5949874	1.2531292
K	1.6229464	0.0601687	2.0797389	1.1027144	1.5686925	1.1373790	0.8842379	1.6820029	0.0259665
L	0.6974817	0.0370026	0.8300613	0.9971101	1.0723039	1.2182029	1.0532926	0.6740262	6.0283176
M	0.6445627	0.0379733	0.9807696	0.5875349	0.7063515	0.8880199	0.7706771	0.6944329	2.1851446
N	0.5334093	0.0471207	0.8789664	0.7535519	0.8243968	0.6085937	0.8899725	0.6032212	0.0238061
P	0.0652977	0.0406524	0.2502565	1.3246562	1.0295973	1.3914777	1.1889597	0.1695853	0.0932552
Q	0.9206886	0.1270131	0.8680588	1.0990379	1.0487597	1.6096672	1.4844080	1.4929517	0.0457931
R	1.9844719	0.0509531	1.1468026	0.8838741	1.0699836	1.1857807	1.3433790	1.3525108	0.0324102
S	1.5831952	0.1018120	0.7277327	0.9608502	0.7234352	0.5773429	0.5348828	1.8394505	0.0406648
T	1.0854331	0.0425683	0.9166191	0.6818720	0.7490198	0.7756617	1.0315256	1.4447220	0.2750399
V	0.6867215	0.0234225	0.9524424	0.7834080	0.9847669	1.2182718	1.2216839	1.5194001	1.9277387
W	1.0590195	0.1460441	2.2390707	0.9980066	0.6455818	0.7631792	1.4986740	0.2186053	0.2030028
Y	1.7935267	0.0269334	1.4464828	0.5390861	0.7371988	0.6232111	1.2603715	0.6281225	0.0433613
