##############
# B4006 PWM for 9-mers
#
# Copyright (2021) David Gfeller
##############
1.00000	1291
A	2.3738666	0.1079545	0.8487158	0.8479303	0.8897264	0.7300779	0.6132464	1.8634583	6.6745312
C	0.6216808	0.0423896	0.3961181	0.6951553	0.6963313	0.7021517	0.7016274	0.9424852	0.2642059
D	0.1148312	0.6363953	0.0659541	1.2886967	0.7342877	0.3384264	0.3333789	0.2683628	0.0720498
E	0.3599448	14.3198239	0.1847802	1.9623564	0.9508941	0.6121983	1.0683721	1.3334342	0.0799070
F	0.6529072	0.0538298	3.6016657	0.6748732	1.6258237	1.5380359	1.1415320	0.1773356	0.0923764
G	1.5879167	0.0870598	0.3285293	0.8773213	1.0637352	0.3449385	0.1666502	0.4364715	0.1703597
H	1.5078272	0.1288384	1.7678791	0.6694968	1.1904091	1.1266717	2.4298296	0.5338468	0.0669856
I	0.3554245	0.0510822	1.9287120	0.8519032	1.1428014	2.6423599	1.3558625	0.7016389	0.4013535
K	2.1139409	0.1649419	0.7361058	0.9939957	1.5748930	0.8272496	0.8935672	1.9199462	0.0895304
L	0.3596118	0.0601071	1.2817225	0.8478087	0.8229327	1.3930537	1.2290484	0.3881044	0.1298942
M	0.5318137	0.0735397	1.6421358	0.4279319	0.6959568	1.0099158	0.7987138	0.4006598	0.1101902
N	0.3041966	0.1278783	0.6654520	0.8767500	0.9809639	0.5001648	0.6691319	0.2681585	0.1264955
P	0.0745802	0.0948218	0.1585504	1.9772266	0.9504811	1.4975380	1.7836254	0.8921383	3.0037866
Q	0.9112280	0.2564807	0.4752992	1.5107415	1.4655189	1.7852156	0.7906158	1.5174603	0.0807933
R	2.6132292	0.1202616	0.5539333	0.7297202	0.9344419	0.5782301	0.9780929	1.0864504	0.0702539
S	1.7561321	0.1377554	0.5741836	0.9583586	0.6123044	0.5790722	0.4888214	1.7852890	0.5494644
T	0.6973055	0.1339107	1.0785868	0.6788709	0.7791909	0.7269597	1.0033502	1.5429466	0.9378442
V	0.4490339	0.0743685	1.4974136	0.9563726	1.2449335	1.4372142	1.7722480	1.6816136	2.5792761
W	0.4723305	0.0591139	2.2684027	0.5832084	0.7057161	0.9923082	1.8675402	0.0599152	0.0541385
Y	0.8705451	0.0750570	2.4047341	0.6562919	0.6749568	0.4905328	1.1803529	0.1789311	0.0792342
