##############
# B4001 PWM for 9-mers
#
# Copyright (2018) David Gfeller
##############
1.00000	1413	1
A	1.9003478	0.4503742	1.3772520	0.7860439	0.7506789	0.8829188	0.7943311	1.2823306	0.0793124
C	0.7071796	0.0981455	0.4680336	1.0264881	1.0264638	1.0293685	1.0349112	1.0364596	0.3400061
D	0.0881022	0.2308962	1.7720165	1.4619030	1.4742603	0.8033968	0.5436183	0.4771293	0.0500355
E	0.3956887	13.9540532	1.8089135	1.9983800	1.9687722	1.1840372	1.5899507	1.6092390	0.0416345
F	0.5945598	0.0795556	1.2609207	0.5862434	0.4978993	0.6952467	0.8067381	0.3547482	0.7502353
G	1.4636277	0.0727602	0.5809134	1.1687466	1.1789747	0.8651365	0.2534943	0.4737071	0.0436142
H	1.7635165	0.1061123	1.1523173	0.7279778	1.0761513	0.8589486	1.5949894	0.6425168	0.0446619
I	0.4044915	0.0543779	1.3321798	0.7391494	0.7862461	1.0404410	1.4210008	0.5862029	1.1111377
K	2.1732013	0.1656121	0.6774999	1.0751715	1.2381644	1.6318915	0.5681080	1.3605088	0.0865316
L	0.5173049	0.1337684	0.5652144	0.7586929	0.6848651	0.7195597	0.7067870	0.7454436	8.3098678
M	0.3511497	0.1297585	0.5845463	0.4595356	0.2138015	0.5214138	0.5874956	0.4423330	1.0884857
N	0.6723947	0.1602821	0.9087648	0.9596534	0.9178674	1.1032099	0.8308717	0.7241560	0.0426589
P	0.0698004	0.1619811	0.3156768	1.5557291	1.0523302	1.0517887	1.1045716	0.1225103	0.0510832
Q	1.4290597	0.1977704	0.9080096	1.4986467	1.4210703	1.7056911	2.0054812	2.1131451	0.0520638
R	1.3113532	0.1317563	0.1388939	0.5730547	0.8893187	1.0685397	0.4418514	1.0338542	0.0971789
S	2.3779117	0.2339689	1.3072886	1.1022705	1.0510352	1.0500164	0.9104427	2.0132261	0.0525413
T	1.3515163	0.1118220	1.3037062	0.9202385	1.1321248	1.2157931	1.5353559	1.8730098	0.0797376
V	0.5976868	0.1153746	1.2532723	0.7957948	0.9217225	0.9128758	1.7043262	1.2636615	0.4365620
W	0.3995034	0.0668551	0.5952952	0.3242647	0.0706687	0.1387418	0.2687694	0.1373193	0.1540550
Y	0.9373460	0.0708433	0.8174133	0.4483884	0.4703894	0.7331251	0.8069176	0.5358074	0.2763547
