##############
# B4101 PWM for 9-mers
#
# Copyright (2018) David Gfeller
##############
1.00000	370	2
A	2.0627982	0.2742229	1.5362816	1.1150747	0.9003304	1.7227643	0.7974810	2.3874954	7.6807880
C	0.7762465	0.2860291	0.5503007	0.6758275	0.6844849	0.7232732	0.7039005	0.2644559	0.3458573
D	0.2353764	0.6393562	1.4013763	1.7007656	1.0575686	0.4753421	0.3574392	0.4233640	0.1905421
E	0.3455712	11.9979806	1.6563739	2.7279111	1.0498167	0.5935492	0.5068552	1.4406827	0.2468450
F	0.6299833	0.1358095	0.3189308	0.7067026	0.8717576	0.4973107	1.0432559	0.3414957	0.1944980
G	0.8948066	0.1990973	0.5268714	0.7966612	0.7972457	1.0596401	0.1966599	0.6267292	0.3660863
H	1.4149759	0.3781130	1.2156183	0.5030056	1.2081042	0.6194048	1.1860643	0.5569863	0.1656003
I	0.4637865	0.1167291	1.2894714	0.5211895	0.5510130	0.9779892	1.2426524	0.6184732	0.3967775
K	2.3367935	0.4497968	0.8054073	0.6858054	1.4555857	0.8502055	1.0362185	1.2431007	0.2469232
L	0.3053004	0.1605616	0.7966026	0.6691459	0.4766671	0.4635357	1.1719103	0.5088689	0.3437763
M	0.7718624	0.2032718	1.1583154	0.2700746	0.2788449	0.5493240	0.8582488	0.3112098	0.3836023
N	0.4853051	0.3326894	1.0924614	0.6243087	0.8519690	0.8321415	0.5518676	0.4193928	0.1996341
P	0.1729509	0.1490068	0.1659564	2.1160273	1.9816673	1.3915634	2.2538453	0.8398929	1.4362391
Q	1.3400005	0.7732421	2.9533107	1.2452814	1.1800546	0.9896791	0.7326833	1.1878907	0.2156432
R	2.8057722	0.3853391	0.3292476	1.0253718	1.8193353	1.1702058	1.5300568	0.6885422	0.2029303
S	1.4516576	0.3579512	1.1760456	1.0396817	1.0662159	1.6017264	0.6055337	1.8718406	0.5233503
T	1.4818907	0.2442063	0.7611073	0.7048039	0.7841588	1.7848051	0.6988348	1.3912528	0.4668836
V	0.5413335	0.1486929	0.9073170	0.5778055	1.0497125	1.2255107	1.5386414	1.7644302	1.6736636
W	1.0785730	0.1892457	0.2098002	0.4050924	0.8558052	0.6317923	1.5358488	0.1906576	0.1823804
Y	0.8746983	0.2000335	0.7222239	0.4331651	0.7402937	0.7109974	1.5243063	0.2963372	0.3498951
