##############
# B4103 PWM for 9-mers
#
# Copyright (2018) David Gfeller
##############
1.00000	40	2
A	1.8439358	0.6603571	1.1840653	0.6333391	1.3111713	0.6746852	0.6792243	0.9622206	0.7115304
C	0.9340985	0.4566391	0.7518833	0.7781575	0.8348545	0.8645286	0.8223118	0.5253942	0.6060812
D	0.8371100	1.6864896	1.7641874	1.6156324	1.0258346	0.9686524	0.8766292	0.8416287	0.3480386
E	1.3255591	5.2579736	1.5842880	1.5592261	1.0334290	0.6888080	1.3936114	0.9447011	0.4474286
F	1.0017485	0.3401366	0.5759402	0.5052615	1.5046782	0.5418117	1.0142615	0.7667117	1.3175220
G	1.9592797	0.9462830	0.9955450	0.9658745	1.4646870	1.5805629	0.5039014	1.0095042	0.3708699
H	0.8752223	0.6696535	0.5393520	0.5512244	0.5035699	1.1858186	0.9015131	0.9033164	0.7732114
I	0.7634085	0.3207858	1.0451329	1.0404906	0.6342528	1.7021723	1.0263717	0.9310194	1.3915474
K	1.4023852	1.1047973	1.1247738	1.2715613	1.1137209	1.2020200	1.6430932	1.6146120	0.7204897
L	0.5525172	0.4509609	0.9112534	0.9569505	0.5389852	0.9539287	0.8677869	0.7715611	2.7967316
M	0.9377810	0.5067610	0.7695592	0.7229054	0.9124928	1.1403615	1.3775959	0.7224299	2.2301297
N	0.6525230	1.0268106	0.9237928	1.8217016	0.8599775	1.0856794	1.1206731	1.1566285	0.4159830
P	0.5481404	0.5728927	0.3039307	1.4329232	1.9002370	0.5012569	0.7531414	1.0061729	0.4600002
Q	0.6921855	1.1881020	1.2974647	1.1030272	0.8231143	0.7850436	1.1561132	1.0980505	1.0955722
R	0.8796347	0.7739144	0.6655184	0.6890371	1.0198743	1.0271743	1.3864733	1.1702087	1.1543570
S	1.0383148	0.7882341	0.9621733	0.7902695	0.9728851	0.6551793	1.0468017	1.1412536	0.4709807
T	0.8027812	0.8969983	0.8161947	0.6252213	0.7839408	1.2388566	0.9762917	1.4576884	0.5815664
V	0.8019610	0.3809332	1.1855978	0.8170167	0.7368099	1.3517836	1.0638258	0.8391453	1.4391909
W	0.5345812	0.4374641	0.5304453	0.4538131	0.5389882	0.4590609	0.4974098	0.5068900	0.5734678
Y	0.9437807	0.4565635	1.1938646	0.8205444	1.0026579	0.5524794	0.6394799	0.9226932	0.7179019
