##############
# B4201 PWM for 9-mers
#
# Copyright (2021) David Gfeller
##############
1.00000	2025
A	1.3419893	0.5216309	1.1675777	0.9620129	0.8873612	0.7169648	0.7807010	2.0425085	0.4008361
C	0.6303053	0.2509765	0.4215458	0.5448292	0.5461727	0.5474017	0.5449559	0.0570876	0.0608381
D	0.0731000	0.0508055	0.2220757	1.1642598	0.4049698	0.4894651	0.4338972	0.3971389	0.0283048
E	0.2102187	0.0595187	0.6036148	1.6834739	0.4507409	0.4099599	0.9820628	1.3960561	0.0317481
F	0.6308363	0.0335049	0.6965810	0.7123946	0.9125046	1.0954868	0.5146611	0.3075188	2.3636812
G	0.2497510	0.0533242	0.3986346	0.9602775	0.7526130	1.4138386	0.2134596	0.5391992	0.0306662
H	1.5066984	0.0602810	1.2912122	0.9115150	1.1134749	1.3030115	1.8912622	0.5044526	0.0898308
I	1.1793342	0.2865930	0.5046163	0.4133893	0.8578517	1.5571671	1.0589618	0.5752658	1.0854955
K	1.2054623	0.0899585	3.9121687	0.9905262	1.4689555	0.9356431	1.4008176	0.8938196	0.0537964
L	1.0058215	0.1506922	0.4800141	0.7969427	0.4964629	0.7432452	0.6683710	0.4048389	6.6086886
M	1.7886362	0.0481193	1.2522040	0.5886116	0.3806061	0.8876247	0.5568860	0.8068728	2.0031724
N	0.6921339	0.0481444	1.0795399	0.9863080	0.8401034	0.6928010	0.8825722	0.4670719	0.0327734
P	0.1463313	16.0843750	0.8884073	2.9936285	3.4208905	1.4838161	2.5656383	0.6097921	0.0348640
Q	0.7973449	0.0483183	1.7255953	1.0287013	0.9858622	0.8898816	1.3649658	1.2738220	0.0624350
R	1.9914192	0.0509691	1.8645117	0.5329461	1.2281119	1.7100171	1.0864754	0.6077184	0.0393732
S	2.2289989	0.1343531	1.0544314	1.2888579	1.0349571	1.0970885	0.9766098	2.6390664	0.0470514
T	1.5714285	0.1602589	0.5169501	0.7830610	0.9033549	1.0325759	1.1785097	1.8671054	0.2268939
V	1.1983931	0.7646273	0.3216324	0.5687175	1.5331097	1.2955970	1.4654871	1.7226966	1.4913213
W	0.1980114	0.0217595	0.8846658	0.5341413	0.1940964	0.4606468	0.9093885	0.1594476	0.3995684
Y	0.7651116	0.0419821	1.1654591	0.7783356	0.7334828	0.4730104	0.7498912	0.5072904	0.1036222
