##############
# B4403 PWM for 9-mers
#
# Copyright (2018) David Gfeller
##############
1.00000	3341	1
A	2.4175907	0.1979913	1.7634751	0.9277356	0.8597690	0.9426199	0.6394681	0.8520223	0.1124555
C	0.7382287	0.0215152	0.0390501	0.9635791	0.9719016	0.9702316	0.9696974	1.4964353	0.2692428
D	0.3523578	0.3335666	1.1839446	1.9751504	0.5347431	0.4312638	0.3369032	0.3882713	0.0244159
E	2.7438657	14.8433896	0.8145286	2.3781279	0.9162466	0.8207292	1.2311189	1.1268615	0.0400420
F	0.1653324	0.0352666	1.3799001	0.5216575	0.9253942	0.8046681	0.6219061	0.5197635	5.2640672
G	0.8165811	0.0842187	0.7912631	1.3347209	0.7688413	0.6675477	0.1598713	0.9002979	0.0231957
H	0.6011744	0.0686968	1.0627174	0.5763463	0.9046495	0.9244534	1.8527413	1.3383564	0.1203087
I	0.1844022	0.0401617	1.3452113	0.6024822	1.2959479	1.1807924	0.7793017	0.3101089	1.0314466
K	1.2929548	0.1010382	0.3529262	0.9338768	1.1926568	1.8804685	2.7814247	2.3587279	0.0636812
L	0.1672590	0.0409989	0.8743770	0.6944337	1.1688477	0.8624404	1.1386906	0.8250115	2.4691601
M	0.6498218	0.0579040	1.1273826	0.6248837	0.6025061	0.5868562	0.4514424	0.5392196	1.2861621
N	0.8324915	0.0671294	1.9863602	1.1095719	0.7164260	0.8288897	0.7873412	0.9173715	0.0366695
P	0.0233421	0.0479959	0.2438050	1.4575887	0.7525082	0.9604085	0.7644303	0.1237854	0.0313288
Q	2.3625495	0.2679897	1.0105072	1.2540883	1.3902694	1.4932417	2.2813716	1.8337023	0.1049290
R	1.4207336	0.1916537	0.2344881	0.8143691	1.1415059	1.4139292	1.6847580	1.8863573	0.0495336
S	2.3301251	0.1105360	1.3338709	0.9789429	1.0556138	0.8942840	0.7156507	1.6234616	0.0501046
T	1.2334846	0.0664396	1.0737625	0.5398379	1.3756592	1.0301681	0.6860131	1.2615865	0.0636692
V	0.3183883	0.0281654	1.0432959	0.5435634	1.2020703	1.2892537	0.7818110	0.7864175	0.1470817
W	0.1717311	0.0303717	1.2518266	0.3947858	0.5409395	0.5116820	0.5695705	0.2007736	14.6496632
Y	0.1706801	0.0320165	0.9203480	0.4682442	0.7655075	0.7448380	0.7581874	0.5923924	8.1424658
