##############
# B4402 PWM for 9-mers
#
# Copyright (2021) David Gfeller
##############
0.54360	1147
A	2.6458960	0.1293278	1.2353575	0.5890515	0.6327240	0.7128676	0.8844007	0.8200466	0.1048825
C	0.4546291	0.0468670	0.0841614	0.8698750	0.8693024	0.8714979	0.8758384	1.5175494	0.3127566
D	0.3852955	0.7504602	0.7231804	1.3684668	0.7381014	0.4335715	0.5303147	0.3077492	0.0923383
E	3.0009833	13.9850035	0.5205025	1.4572599	0.5420425	0.6188672	1.6523919	1.1468563	0.0685992
F	0.1326747	0.0789502	1.5199551	0.6778787	0.6728849	0.8435256	0.8750375	0.8825266	6.9374393
G	0.9015618	0.0741706	0.7193752	1.0980313	1.0689827	0.7807878	0.2033634	1.3831717	0.0550572
H	0.3761121	0.1430166	0.7812488	0.5584475	1.0269693	1.6653822	1.9646190	1.3563353	0.1295800
I	0.3247194	0.0565746	1.7081174	1.1546176	1.0994633	0.9116137	1.2319207	0.3204103	0.8800895
K	1.0157641	0.1826567	0.8851223	0.7090582	1.2398952	2.0473284	0.6461377	1.4760750	0.0861956
L	0.1737917	0.0587167	0.9971986	1.2195823	0.5876142	0.8047021	0.7845988	0.7669369	0.8840637
M	0.6824216	0.1463395	2.0506895	0.8293224	0.4380870	0.3843074	1.0899974	0.5282352	1.1760485
N	0.8641452	0.1600919	2.1090956	0.8183533	0.8610166	0.9297133	1.0510096	0.8532633	0.0612999
P	0.0727599	0.0738790	0.4169166	2.4425142	1.6193770	1.0555504	1.2414797	0.1539424	0.0346500
Q	2.0203114	0.4817788	1.6768975	1.2400323	1.1307143	1.3111064	1.7824269	1.5037851	0.0621489
R	1.0401705	0.1335445	0.4861830	0.4589942	2.1758897	1.5878435	0.8472358	1.3792607	0.0915853
S	2.0317628	0.1284918	1.0112217	0.8129351	1.1612046	0.9031188	0.9374615	1.5201234	0.0629660
T	1.0190226	0.1189799	0.6320617	0.6443290	1.4377575	1.3524614	0.9251019	1.7583851	0.1071649
V	0.3964564	0.0707541	0.9503350	0.9723550	0.8164375	1.2767754	1.4627102	0.9088657	0.2209594
W	0.0682640	0.0657893	1.4488816	0.1993524	1.0303069	0.1402100	0.8478591	0.1412876	19.0619560
Y	0.3260967	0.1100515	0.7868276	0.7477536	0.8316744	0.7606141	1.0567429	0.8231105	8.2032002
