##############
# B4403 PWM for 9-mers
#
# Copyright (2021) David Gfeller
##############
0.55062	1860
A	2.8891930	0.1248474	1.7638528	0.8465399	1.0418142	1.0290347	0.8289984	0.8617965	0.1629665
C	0.4378915	0.0308103	0.0578555	0.8667396	0.8717244	0.8749054	0.8764155	1.5378776	0.3010944
D	0.1421234	0.3048763	1.3312010	1.3983875	0.5430862	0.6811413	0.5818073	0.3552803	0.0317347
E	2.5399278	14.8909451	0.3955685	1.3233257	0.8100059	0.4952896	1.4077618	1.0412134	0.0443735
F	0.0852079	0.0391241	1.9526341	0.6186158	0.4509828	0.2766414	1.1342134	0.3996932	6.4549396
G	0.9825662	0.0913719	0.8132895	1.8770942	1.1371962	0.8488679	0.2571621	1.2863093	0.0354545
H	0.6356458	0.0935912	1.4932000	0.5246326	1.2531026	1.1806016	2.4460154	1.3267846	0.1001280
I	0.2087476	0.0454120	1.7494331	0.7401090	0.8485077	0.9353070	1.2199784	0.2727232	1.3174848
K	0.9734790	0.1446684	0.1719357	0.8533799	1.5890400	1.7372556	0.8228824	1.2885545	0.0812436
L	0.1157686	0.0385729	0.8491654	0.9512790	0.5934599	0.7248787	1.1311875	0.8786325	1.6605615
M	0.2968264	0.1373018	0.9270962	0.7156584	0.4710480	0.3106809	0.7148150	0.2630992	1.2128439
N	0.7645745	0.1029822	1.7983954	0.8031095	0.5803992	0.8981638	0.7127677	0.8106188	0.0627394
P	0.0481572	0.0484857	0.2401748	2.3005861	1.5113992	1.5343551	1.5778455	0.2531681	0.0535379
Q	2.1722053	0.1993556	0.6922836	0.8916701	1.4685516	0.6970875	1.2340487	1.4098674	0.0411153
R	1.1133502	0.1059755	0.1393550	0.6102308	1.1353724	1.4707015	0.9272246	1.4084791	0.0598924
S	2.5699729	0.0996694	1.0806597	0.8878491	1.4675993	1.1254646	0.7533616	2.2084909	0.0650238
T	1.0369278	0.0683294	0.8509658	0.6399079	1.6698321	1.5339380	0.7203826	1.8829212	0.0819041
V	0.3527096	0.0466163	1.3575227	0.9678590	1.0105489	1.5287319	1.2951348	0.8730318	0.1640422
W	0.1671966	0.0430648	1.5322383	0.1252698	0.0448274	0.5331419	0.6673535	0.0474047	13.6901928
Y	0.2788579	0.0546372	1.1120045	0.3616774	0.2656178	0.4334491	1.2265768	0.4759464	8.0884601
