##############
# B4405 PWM for 9-mers
#
# Copyright (2021) David Gfeller
##############
1.00000	1841
A	1.7058770	0.0786884	1.2167798	0.7200921	0.8209436	1.1243078	0.8117602	0.8108529	0.0530182
C	0.4329276	0.0307870	0.0538471	0.8621006	0.8681277	0.8688174	0.8676543	1.5305410	0.3086851
D	0.5891623	0.4897044	1.4055218	1.7787632	0.9633870	0.6504695	0.3893795	0.4219404	0.0307233
E	2.6332353	14.8201709	1.1282072	2.4331246	1.3642670	0.8383074	1.3011787	0.9213708	0.0661461
F	0.2820968	0.0400113	1.0380290	0.4390769	0.7526073	0.6885350	0.7058303	0.5573010	7.4859681
G	1.1778319	0.0487439	0.9074907	1.3341497	1.1150534	1.0805130	0.2460354	0.9523152	0.0336619
H	0.6781534	0.0948387	1.2916525	0.6292656	1.2101445	1.4882642	2.2054688	1.5439933	0.0515841
I	0.2306501	0.0369922	1.5993181	0.5763769	0.9827880	1.2249893	1.0142382	0.1722387	1.4383682
K	1.5052617	0.1291605	0.6546225	1.1057598	0.9237318	1.5079273	1.0680471	2.2936973	0.0797603
L	0.1977751	0.0384181	0.7574615	0.7371972	0.9183528	0.5862324	0.6783775	0.8131331	3.7124658
M	0.2996830	0.0536608	1.0604805	0.5707202	0.9147243	0.4774705	0.5641017	0.8558031	2.1797181
N	0.9806233	0.1398439	1.9748360	0.9195703	0.9613649	1.1668741	1.1080885	0.7379102	0.0363243
P	0.0561724	0.0488598	0.3702549	2.1178347	1.2664793	0.6288990	1.0598256	0.0621807	0.0337717
Q	1.3429404	0.2008552	1.7889446	1.2045174	1.5294220	1.3879355	2.0676719	2.2398397	0.0382639
R	1.3990855	0.0882391	0.2426092	0.8226228	0.8212579	1.0782830	1.4512576	1.7068299	0.0679319
S	1.7578108	0.1082445	1.2053346	0.7602547	1.0518257	1.2519235	0.8436430	1.4914240	0.0474756
T	1.6917211	0.0688969	0.7292539	0.6074738	1.0979514	1.1088301	1.2010888	1.4047420	0.0761744
V	0.5415338	0.0465117	0.9176059	0.5599627	0.8045689	1.1928250	1.4535736	0.6199411	0.3441441
W	0.6647316	0.0854289	1.0097311	0.2068847	0.6225444	0.5387692	0.8280747	0.2509809	9.4840587
Y	0.2835686	0.1409639	0.6253462	0.3297049	0.8118205	0.5757539	0.9523202	0.6821840	0.8471416
