##############
# B4402 PWM for 9-mers
#
# Copyright (2018) David Gfeller
##############
0.49106	714	1
A	2.3856109	0.1696190	1.2667919	0.6600916	0.3911858	0.6803795	0.7848307	0.7158790	0.1637955
C	0.7762338	0.0807972	0.1468867	0.9792583	0.9708098	0.9851779	0.9808152	1.4601711	0.3281328
D	0.4137654	0.7431930	0.7848928	0.9654695	0.9991051	0.3276716	0.4345456	0.4099964	0.1182510
E	3.1124282	13.3779959	0.3899261	2.2491928	0.7953136	0.7233234	1.7845457	1.1384467	0.1018828
F	0.1833857	0.1114639	1.9138737	0.7617170	0.6153065	0.8454886	1.0730156	0.7766714	5.8222983
G	1.0611107	0.1249609	0.6575330	1.0742726	1.3772448	0.9981756	0.2307208	1.4841592	0.0938299
H	0.5187328	0.1920433	0.7438180	0.6141678	1.2278124	1.4962223	1.4279123	1.4138407	0.1681986
I	0.2739849	0.0894149	1.8918222	1.0109196	0.4435587	0.8742297	1.0054998	0.2917860	0.8366874
K	1.4651703	0.2796109	0.9679854	0.8588939	1.6144514	1.9580961	0.8772730	1.7274836	0.1119512
L	0.1164770	0.0864479	1.1813111	1.1125688	0.4712917	1.0182823	0.8410171	0.8529605	1.0031641
M	0.5512944	0.1255420	2.3397566	0.7900773	0.2673382	0.2580116	0.7486391	0.5285719	1.1247641
N	0.7684621	0.2377109	1.6907972	0.7863333	0.8389894	0.7354246	0.8657857	0.7759016	0.0899560
P	0.0909820	0.0927419	0.3974146	1.9034319	1.2830532	0.9802132	1.0186451	0.1394754	0.0428434
Q	2.3899453	0.6245036	1.0942186	1.2522483	1.3215718	1.3379794	2.0729067	1.5429407	0.0907644
R	1.4417782	0.2154105	0.6018655	0.5556221	2.6421276	1.5534262	1.4708331	2.0486352	0.1013424
S	1.8434508	0.2036855	0.8237400	0.7628676	1.1929283	0.8630708	0.8751113	1.5250270	0.0990243
T	0.8531997	0.1520800	0.4289006	0.6976183	1.4273267	1.3643728	0.7014950	1.5678337	0.1349998
V	0.2676181	0.1074490	0.8243969	0.7678809	0.5531668	1.1614571	1.1631967	0.5884614	0.2126876
W	0.1219181	0.1175450	1.8622499	0.2495859	1.5679458	0.1368025	1.3412830	0.2592915	25.7759422
Y	0.3317962	0.1236812	0.9223102	0.7019866	0.9831823	0.7169795	1.1249710	0.8623374	7.3285051
