##############
# B4506 PWM for 9-mers
#
# Copyright (2018) David Gfeller
##############
1.00000	351	3
A	0.7997709	0.8580803	1.0196182	1.2337647	1.0889862	0.6309690	1.0639931	1.9632764	0.6095542
C	0.3779965	0.2040942	0.1882539	0.4700178	0.4874935	0.4808570	0.3963309	0.5992860	0.2117792
D	0.2306507	0.2520413	0.5391556	1.1690255	0.4450412	0.4716149	0.3723662	0.3464662	0.1371222
E	0.4240859	1.7689650	0.2376817	1.1509882	0.2442082	0.2945442	0.3875427	0.5992336	0.1626799
F	2.4288365	0.4682514	2.8217517	1.1882838	1.5801754	2.3517581	1.5089061	1.2751498	4.1396273
G	0.4072012	0.2853614	0.2369342	1.2859404	1.3248368	1.2984746	0.6513038	0.6795806	0.1421166
H	0.9178394	0.2264900	0.7459296	0.9457186	1.7050900	1.0938769	2.2595678	0.8479196	0.2894074
I	0.5713999	0.7755171	1.0543563	0.4914517	1.3425559	0.8299618	1.0748978	0.5825491	1.7004463
K	0.7981319	0.3141478	0.5158021	1.0512560	0.4435345	0.4552533	0.3498066	0.4642859	1.0790076
L	0.6741963	0.8643802	0.8443666	0.6078110	0.9072249	0.9305067	1.5158894	0.6122462	2.5326478
M	4.3660564	2.7162652	4.7195232	0.8458384	1.1556981	0.9802821	1.3501561	0.6989200	2.7934428
N	0.2900095	0.2476921	0.4492448	1.0478684	0.6734182	1.3123874	0.7676710	0.4824916	0.1623088
P	0.1310597	2.6688290	0.4741843	1.6079268	0.8846433	0.5777832	1.1518659	3.4243928	0.1099482
Q	0.2826018	1.4378315	0.2979247	1.0193840	0.3441579	0.8212943	0.7567255	0.5023313	0.1962501
R	3.0513736	1.3294030	2.2816600	1.2335468	1.8100610	1.7074619	0.6830950	0.5646087	0.7510862
S	1.0477202	0.6633766	0.3500761	1.0024197	0.7855706	1.1422801	1.3679365	1.3517292	0.1845232
T	0.7688437	2.1805579	0.4399262	0.7811881	1.0420541	1.7851313	0.9004403	1.1892261	0.2829388
V	0.5549858	1.3108740	0.6549159	0.5008744	1.1037505	0.7029215	0.7081084	1.0035124	1.5487418
W	1.6514227	0.7521671	3.7381021	2.2773808	2.6921133	2.6944747	3.2719280	0.5861285	1.4421776
Y	4.4921120	0.8939735	4.3107615	0.9361217	1.6354002	1.2246531	2.0170324	1.7966489	2.4704722
