##############
# B4501 PWM for 9-mers
#
# Copyright (2021) David Gfeller
##############
1.00000	1916
A	4.5186140	0.1991928	1.8584319	1.1411868	1.1279053	1.0813876	1.1531340	2.0304488	8.2438841
C	0.2283686	0.0304915	0.0517028	0.6279558	0.6292013	0.6375319	0.6353954	0.5602547	0.0754738
D	0.1492400	0.1853790	0.7372460	1.3144226	0.7502849	0.2608799	0.2678797	0.2551808	0.0517597
E	3.0038445	14.8741211	1.9246019	2.1749482	0.9075680	0.5893639	0.8946303	1.7727835	0.0664956
F	0.0949879	0.0383420	0.2750122	0.6013996	1.2950196	1.5925321	0.9897522	0.1253996	0.0741570
G	0.3765765	0.0611509	0.5173030	0.9452239	1.1865355	0.7517876	0.1674308	0.6241549	0.1262689
H	0.5140657	0.0907386	1.6097860	0.4836642	1.5002630	1.0267343	2.2686544	0.3551815	0.0493237
I	0.0588338	0.0370430	1.0616476	0.4864502	0.5702935	1.2141431	1.2332030	0.7243553	0.3473834
K	0.5964610	0.1245344	1.1375305	1.1298869	1.4175242	0.7820063	0.8137687	1.0600724	0.0658338
L	0.1476445	0.0586003	0.5921806	0.5572801	0.4382419	1.0264516	1.1090875	0.4388499	0.1787953
M	1.0916070	0.0730109	1.5369838	0.5130623	0.5550233	0.9193668	1.0004166	0.5683263	0.1137255
N	0.6570831	0.1218216	1.4977277	0.7232879	1.1105155	0.9168507	0.5772513	0.4346453	0.0773645
P	0.0678987	0.1145728	0.1003797	2.6262900	2.1496387	0.9536380	2.2499862	0.8305743	3.4450421
Q	2.2908798	0.1559473	2.7813598	1.5149887	1.0017581	1.5795393	1.0355625	1.8894303	0.0586153
R	0.6823574	0.1116748	0.6142769	0.8346121	1.1768655	0.6979231	0.8999804	0.7276263	0.1133144
S	2.1881852	0.0821297	1.2665860	1.0527916	1.0298195	1.2768935	0.5989756	1.6647026	0.3631661
T	0.5317192	0.0850913	0.7829554	0.6105233	0.9732830	1.5541582	0.8016979	1.7817073	0.3358916
V	0.2042609	0.0899031	0.4923215	0.6161349	0.6833726	1.2646611	1.5106215	1.7249476	1.2879316
W	0.0426902	0.0419198	0.1690373	0.5976137	0.9986170	1.6023024	1.1268275	0.1224267	0.0378146
Y	0.1084826	0.0533272	0.7655914	0.4533076	0.6287740	0.5885042	1.4883097	0.1415074	0.0715493
