##############
# B4601 PWM for 9-mers
#
# Copyright (2021) David Gfeller
##############
1.00000	1760
A	1.8135956	3.8600556	1.0078471	0.8868368	0.9086228	0.8515711	1.2119195	2.6447628	0.1815873
C	0.6395284	0.2824842	0.4256230	0.5469068	0.5518878	0.5570327	0.5597346	0.0618732	0.0492206
D	0.0485510	0.0511115	0.0678248	2.7968808	0.8517700	0.2658880	0.2222760	0.5479700	0.0460096
E	0.1281544	0.0645451	0.0772736	2.1583647	0.4697658	0.3045078	1.1972708	3.3762192	0.0507736
F	4.0731429	0.4796342	1.6674635	0.5934572	1.1036450	1.1181642	0.2863849	0.3698960	7.2853378
G	0.2421108	0.4580156	0.1729584	1.0690984	1.2254639	1.2032779	0.3632565	0.2949803	0.0447796
H	0.8041481	0.0531071	1.6311447	0.6638597	1.2757668	0.3580386	1.5603700	0.8410786	1.4613354
I	1.3454817	2.4895982	2.7574705	0.5208983	1.2875785	1.3954633	1.0108046	0.2084349	0.2109273
K	0.3152975	0.0720493	2.9359988	0.4068299	0.8645317	0.5390530	0.7217905	0.2727578	0.0895430
L	1.2702237	1.7527197	0.1720444	0.5889138	0.7162305	1.8138217	0.9076711	0.1732961	1.5010348
M	0.9220638	2.9066199	2.2589150	0.4240178	0.7448485	0.9838244	1.1963152	0.2751367	2.3607173
N	0.4100880	0.1689015	0.8795373	0.7327372	1.1322789	0.7710372	0.7872700	0.4963465	0.0480439
P	0.0578324	0.0638116	0.7949331	2.8372901	2.4929782	0.7334664	0.8159895	1.0967491	0.0594518
Q	0.2447803	0.7738363	0.4304537	0.8767190	0.8922579	0.4537495	1.6768531	0.9584534	0.0625482
R	0.2450893	0.0639923	2.2915840	0.3050405	0.6122283	0.6814989	0.7754614	0.1210624	0.0478224
S	1.1723661	1.4244245	0.3213520	0.9832382	1.0190358	1.0324886	1.8056156	2.8321635	0.0559264
T	0.8407509	0.8035172	0.2144670	0.8018519	0.8326010	2.2348279	2.0881092	1.2859131	0.0673703
V	1.5656250	1.0961110	1.0411505	0.6460624	0.9941440	1.0338100	1.3763145	0.9589446	0.4171746
W	0.3473390	0.2686727	0.7081210	0.7816639	1.6984599	2.0033976	0.3974795	0.0931015	0.2395087
Y	4.1729686	0.2859893	1.4391744	0.5639029	0.8635224	1.3432943	0.4303354	0.7378985	12.7102181
