##############
# B4901 PWM for 9-mers
#
# Copyright (2018) David Gfeller
##############
1.00000	865	1
A	1.8641664	0.1606269	1.3882955	0.9762856	0.9297862	1.0969758	1.0121299	0.8331511	0.3881985
C	0.7273684	0.2419607	0.4819850	0.6366230	0.6365303	0.6503957	0.6450250	0.1142127	0.1626853
D	0.1315827	0.3231043	1.1178897	1.4272185	0.9345311	0.2951930	0.4683715	0.2480403	0.0650984
E	0.4391672	14.0279043	0.8859855	2.8156984	1.1078270	0.6598348	1.0147758	1.1997850	0.0656947
F	0.4335238	0.0726730	1.5583329	0.8039322	1.1319583	1.4051602	0.2336074	0.3184943	0.2978564
G	1.4986921	0.1062559	0.5735116	1.0439145	1.1746461	0.8839445	0.3061837	0.6685748	0.0728922
H	2.2663432	0.1988729	1.6339535	0.6362719	1.5900491	0.9640849	1.1129676	1.5814028	0.0936089
I	0.4913877	0.0624594	1.4879413	0.6391132	0.4675430	1.0281166	0.8241596	0.2217200	5.2260053
K	2.5744402	0.2569834	0.8057968	0.8707995	1.2663535	0.9325731	1.0269683	2.4823520	0.0827110
L	0.4222217	0.0956011	0.7729875	0.6989490	0.8038373	1.1018557	1.2428451	0.6563645	1.5466500
M	0.5351954	0.1081393	1.1654053	0.4517187	0.4975022	1.0815228	0.5232524	0.4156164	1.1502781
N	0.4159992	0.1773188	1.0729521	0.7179729	1.1533656	0.8071034	1.5166458	1.1056005	0.0941686
P	0.1069416	0.0799329	0.1151741	1.3037629	1.1594287	0.7978240	0.9736007	0.0899017	0.0663807
Q	1.9264843	0.3100612	0.7609070	1.6463693	1.3272310	2.0567293	2.2562723	1.9969903	0.0765163
R	1.2594411	0.2039898	0.4875980	0.7227918	1.5898534	0.9679119	1.8724041	2.2601761	0.0788357
S	1.6053144	0.1749134	1.0229272	1.0646943	1.1568374	1.0174873	0.9146959	1.4299997	0.0962982
T	1.3599494	0.1672237	1.1793227	0.9557774	1.2085674	1.2665092	1.4914016	2.2482086	0.3189065
V	0.6711797	0.0797628	1.0683577	0.6086813	0.5656465	1.3022044	0.9280013	0.6454834	4.9399578
W	0.3188416	0.1012402	0.8607436	0.2103053	0.3181424	0.7300158	0.2096514	0.3196478	0.1108965
Y	0.7788321	0.1064686	2.1722524	0.4340100	0.5172989	0.4930776	0.4327333	0.6795428	0.1700475
