##############
# B5001 PWM for 9-mers
#
# Copyright (2018) David Gfeller
##############
1.00000	910	1
A	2.4373508	0.2213808	1.7292057	0.9423252	0.9138584	0.7355111	1.0758595	2.1782572	8.0499108
C	0.7296513	0.2415990	0.4815899	0.6314424	0.6305984	0.6432871	0.6485647	0.1321372	0.1668327
D	0.1523205	0.3965464	0.6423177	1.6896605	0.7552627	0.1947186	0.3914826	0.3597215	0.1006084
E	0.3825538	13.5645650	0.2225993	2.5289645	0.8513854	0.4023367	0.6748221	1.5191978	0.1272870
F	0.6268543	0.0698381	1.8393515	0.6800693	1.7870980	2.8392093	0.2109739	0.1694927	0.1400801
G	1.0498125	0.1355227	0.3696408	0.8984501	1.4986502	0.5805901	0.5086504	0.6155463	0.2325354
H	0.9623568	0.1565749	1.8288406	0.4417777	1.1551733	0.7857272	0.8530970	0.5338753	0.0855121
I	0.5761452	0.0608848	1.8102276	0.5816154	0.4544730	0.8346660	1.0976720	0.5259044	0.3675657
K	1.7116898	0.2605845	1.2590470	0.8128589	1.5061378	0.7870908	0.9630608	1.1379162	0.1286744
L	0.7551753	0.1125261	0.7820217	0.8660782	0.5354632	1.5813748	1.6665801	0.6776173	0.2382977
M	0.6067888	0.1049926	0.9235574	0.3909006	0.4265257	0.9240446	0.7188959	0.4507058	0.2289475
N	0.1866359	0.1923377	0.5712086	0.8827088	0.9621553	0.4948162	0.7249003	0.4344667	0.1510840
P	0.1167010	0.1912740	0.1252709	1.8433609	1.8676553	1.3588453	1.8741748	0.9775401	2.9167740
Q	1.9338493	0.6041793	0.5576016	1.1839684	0.9039683	1.3112496	1.1850357	1.4291397	0.1354795
R	2.4072740	0.1763156	1.3263389	0.9105949	1.6271688	1.2707438	1.5848102	0.6962786	0.1438099
S	1.3478891	0.2305451	0.7702867	1.0755389	0.9930398	0.9448172	0.8635567	1.8623749	0.4261838
T	1.1254369	0.1260843	0.7567348	0.7181910	1.0105483	1.2731395	1.1257813	1.7047724	0.3444418
V	0.5925822	0.0772573	1.1618525	0.5044786	0.5109856	0.8839934	1.1281663	1.6012645	1.0619335
W	0.5062254	0.0966016	0.7351632	0.6832577	0.9833588	2.4500068	0.1990016	0.0975643	1.0072737
Y	1.2577303	0.1018833	2.5179707	0.5401532	0.5687927	0.4742414	0.4436382	0.1798360	0.1084395
