##############
# B5108 PWM for 9-mers
#
# Copyright (2021) David Gfeller
##############
0.63169	307
A	0.3043300	3.3669898	1.1427621	1.1785044	0.9732343	0.8321757	0.6146313	0.9786609	0.3034150
C	0.9313538	0.2335807	0.4845492	0.6309821	0.6459740	0.6508033	0.6383307	0.9355638	0.2927439
D	1.3999492	0.2270667	0.4121484	1.0329682	0.8401533	0.6955040	0.5084419	0.3128534	0.1318002
E	0.2579694	0.2429927	0.6033640	1.6618553	0.8646688	0.5870070	1.1399784	1.2880710	0.1308403
F	1.2919097	0.1501227	1.0446953	0.4161918	1.0029698	0.9297505	0.2798537	0.3573221	0.3840523
G	0.1696460	0.2779137	0.3479058	0.8097629	0.6099365	0.7877870	0.2159117	0.3910712	0.1247668
H	0.5090710	0.2007764	1.6424644	1.5159499	1.4863737	1.4020141	2.9481286	1.0638226	0.1265720
I	1.9634755	0.2114345	0.5931178	0.8008771	1.5184704	1.6491280	0.9702792	0.5825666	7.0925165
K	0.2200456	0.2758858	1.9411996	0.7156726	0.9642716	0.7467228	0.6255914	0.9141711	0.1611567
L	2.2915968	0.1844050	0.9520855	1.0608122	0.6358734	0.8130747	0.8427485	0.5928595	0.6342244
M	2.2900593	0.2126764	1.5080868	0.6938775	0.6299482	0.4628810	1.0874864	0.9654455	0.5779715
N	0.8745101	0.2199148	1.4261367	1.3282785	0.5636080	0.8176944	1.2187017	1.2429161	0.1418842
P	0.1341856	10.4949384	2.1531203	1.9984581	1.4479049	1.6906857	0.9527717	0.1849423	0.1188188
Q	0.8326017	0.2288929	1.6803655	1.3897602	1.1370493	0.9959221	1.6738162	1.6743105	0.1514113
R	0.2028392	0.1982442	0.5868981	0.3158372	0.9452266	0.3725959	1.1302214	0.5116079	0.1413492
S	0.4458114	0.3555316	1.3572864	1.1007196	0.9505707	1.3062269	1.2499542	1.7956372	0.1770962
T	1.4185810	0.3063067	0.3612402	0.9892482	1.5374629	1.1676427	1.3368687	3.8179711	0.3324224
V	1.8712405	0.2602722	0.3668247	0.7496141	1.8061845	1.9165163	1.9708679	1.2676576	5.5052235
W	0.2685156	0.1122280	0.6413186	0.1792100	0.1895647	0.2083567	0.4048587	0.1903692	0.1822330
Y	2.4274128	0.1931174	1.6566004	0.4989868	0.3792266	1.1619990	0.8529102	0.4994836	0.2760092
