##############
# B5101 PWM for 9-mers
#
# Copyright (2018) David Gfeller
##############
0.57241	834	1
A	0.1520081	0.1847736	1.1342040	1.1289989	0.9738160	0.9412860	0.7579651	0.5527891	0.2431644
C	1.0995703	0.0997395	0.3177278	0.9847069	0.9925042	1.0000377	0.9956263	1.1880773	0.1667197
D	0.3955150	0.1157492	0.5720229	1.3404136	0.6466286	0.3739685	0.4624839	0.2561612	0.0678050
E	0.3476756	0.1480204	0.3973299	1.6033809	0.7252623	0.5485223	0.5380181	1.0477911	0.0674809
F	1.9645034	0.0838406	2.2181497	0.5121249	0.8342166	1.0889810	0.3879802	0.6851996	0.3042256
G	0.0825585	0.1655850	0.2363422	1.2933645	1.0302924	0.6794855	0.2584664	0.4634840	0.1083469
H	0.7341498	0.0856806	1.0650266	1.0607048	1.3011941	0.4887685	0.7713233	1.2657077	0.0603387
I	1.3777506	0.1206670	0.8318648	0.4425492	0.8819342	1.7210944	0.9568239	0.7137705	5.7329682
K	0.1504396	0.1360953	0.4255627	0.4098433	0.8308851	0.5967088	0.5100756	0.9318092	0.1193950
L	3.5377919	0.0778910	1.2485661	0.7371965	0.6435088	1.0214183	1.3958837	1.2523097	1.1058394
M	2.0595035	0.3110886	0.4136792	0.4097662	0.5163084	1.1534343	0.9706948	0.4129451	0.7389530
N	0.1883539	0.1061728	0.9903925	1.0831075	0.8123188	0.6022628	1.0610356	1.0258674	0.1213650
P	0.0511152	14.5818670	1.3737726	2.6204329	1.9548154	1.7759056	2.7388317	0.2090550	0.1394309
Q	0.3775126	0.1041031	0.5096203	0.8869653	1.2600678	1.5513384	1.0769547	1.1876858	0.1037084
R	0.1611224	0.0992717	0.7956889	0.3952088	0.6624318	0.4094997	1.1179739	0.6485416	0.0802935
S	0.4211901	0.1945371	0.9848705	1.6002299	1.3969059	1.3132291	1.5701807	1.8131750	0.1479959
T	0.5836047	0.1327130	0.5209395	0.9226661	1.5418674	0.9427527	1.2824588	2.9612800	0.2348959
V	1.8605468	0.0830724	0.7883979	0.5351750	1.1555345	1.4959470	1.0616137	1.3108400	5.1564886
W	0.3905631	0.0510734	2.5187549	0.7281207	0.5317223	0.7439028	0.3145388	0.2327635	0.1127239
Y	3.4259807	0.0863859	5.2482312	0.5763802	0.7987947	0.7696234	0.4752053	1.1774799	0.2093165
