##############
# B5108 PWM for 9-mers
#
# Copyright (2018) David Gfeller
##############
0.36831	179	1
A	1.3742816	8.8377104	1.3614377	0.8211472	1.0023353	1.5478277	1.4020536	1.2307156	0.4552319
C	1.0629637	0.5645243	0.5161804	1.0338790	1.0583896	1.0947976	1.0068915	1.2073063	0.4711378
D	5.2689169	0.3020626	0.4700688	1.7749421	0.5548555	0.5087858	0.9464674	0.4812432	0.1806365
E	1.5847246	0.3519114	0.4246923	1.5153716	0.6305872	0.7372667	1.0227812	1.1870808	0.1834289
F	0.7449417	0.2624414	0.6677291	0.8956005	0.5920493	1.2107395	0.3241532	0.4747604	0.4741445
G	0.4233366	0.6678367	0.4167160	1.2884989	0.7189694	0.7084567	0.3591886	0.7054760	0.1969960
H	1.0885285	0.2674008	1.0709705	0.4171219	1.6713946	0.5014382	2.1692457	1.1917621	0.1523938
I	0.2658716	0.3354625	0.8165200	0.9755785	1.1022539	1.5546677	0.8176458	0.3550141	4.3191495
K	0.8313109	0.4013835	1.8599847	0.9193823	0.9986965	0.8906549	2.1869506	1.3779408	0.2265999
L	0.2862435	0.3333574	1.2247518	0.7919614	0.8160638	1.0718851	0.8190767	0.6236048	0.8137732
M	0.3308252	0.4078359	2.1241166	1.3859154	0.5190113	0.8398443	0.9831347	1.1013375	0.7838262
N	1.6319725	0.3158194	0.9425859	0.4403160	1.1850925	0.4845947	1.3736823	0.6366613	0.1948716
P	0.2052807	0.2591016	1.2512572	0.7755065	0.5750043	0.9625272	0.9766205	0.2123207	0.1378044
Q	0.8556946	0.3493565	0.8882345	0.4943212	1.2545828	0.6495312	1.1117450	1.8228980	0.2080937
R	0.4687769	0.3258427	0.8023200	1.0584694	0.6012304	0.3398827	1.5361031	1.2309378	0.2129281
S	1.5318904	0.7584992	1.0775015	1.2681293	1.1632312	0.8353630	0.4590909	2.0270221	0.2660156
T	0.5530905	0.4966726	1.1487317	1.2551737	1.3290598	1.0841413	0.6901475	2.4906405	0.4543291
V	0.5592523	0.4850158	0.8122304	1.1164571	1.7751983	2.0687064	0.7078057	0.6952279	5.4835280
W	0.2782329	0.2793429	0.3707756	0.3061751	0.3831122	0.3341445	0.7011471	0.3271299	0.2926078
Y	0.5686368	0.3136773	1.6839578	0.4729407	2.0236540	0.7573085	0.8474566	0.8297156	0.3692430
