##############
# B5101 PWM for 9-mers
#
# Copyright (2021) David Gfeller
##############
0.44016	1096
A	0.2078035	8.8168898	1.0344978	1.0480696	0.9582078	1.0376280	0.9765496	0.9006969	0.1609681
C	0.8691847	0.1260526	0.4081988	0.5697456	0.5748748	0.5798275	0.5788148	0.9038915	0.1127481
D	9.1492492	0.2437491	0.2195022	1.1700495	0.5943796	0.3201393	0.4441042	0.2046982	0.0677378
E	0.8915515	0.1106382	0.2702932	1.4227886	0.5321910	0.4270100	0.6201259	0.9743534	0.0671814
F	0.7094279	0.1614241	2.7527390	0.3309428	1.3492900	1.3035592	0.4621280	0.4566302	0.5323123
G	0.1280742	1.3968703	0.2064691	0.6272855	0.9335758	0.6091490	0.2172264	0.2345013	0.0504799
H	0.9238186	0.0841184	1.0778318	0.9250196	1.4846945	0.9521558	1.4513233	0.8655703	0.1783830
I	0.6514698	0.2691101	0.7061310	0.9468007	0.9677801	1.5731425	1.0785497	0.5600554	6.4939000
K	0.1251479	0.1084114	0.6554769	1.0569430	0.7950107	1.0189216	0.9291821	1.2290775	0.1186221
L	0.1715976	0.1754837	1.4104834	1.0186240	0.5620625	1.4562068	1.4206888	0.7861129	0.9356887
M	0.9874268	0.1811393	1.2582924	0.5975952	0.6040325	0.9317085	0.8231800	0.7709592	0.6986919
N	1.1969876	0.1172351	1.0280497	0.8294787	0.9980557	0.6087404	1.8185478	1.0030893	0.0577319
P	0.0645767	1.0826005	1.5939918	2.4999261	1.1640662	0.9173210	1.3608597	0.1828624	0.0630403
Q	0.4220222	0.1188808	0.3653184	1.1696848	2.1331898	1.5248163	1.2519753	1.3143206	0.0628791
R	0.1190285	0.1136862	0.8906230	0.7570480	0.9207663	0.6933415	1.1752018	0.8525833	0.1040272
S	0.6510369	0.5460250	0.6218641	1.1976641	1.2747889	0.9436284	1.0662255	2.0171061	0.0835278
T	1.3109699	0.2165994	0.3672648	0.9857862	1.1278054	1.3201254	1.4050557	3.8202115	0.1427172
V	0.8835924	0.6611098	0.7176873	0.7644525	1.6035934	1.4975748	1.4264252	1.2048314	6.2751077
W	0.3346662	0.0665358	1.3557760	0.4057496	0.4896737	0.3559762	0.0733301	0.1464356	0.1459246
Y	0.8504201	0.1449200	5.8487809	0.4282191	1.0039378	0.9471859	0.3026364	0.7895487	0.4204731
