##############
# B5301 PWM for 9-mers
#
# Copyright (2021) David Gfeller
##############
1.00000	1385
A	0.3987005	2.6339469	1.4350899	0.9017167	0.7615339	1.3008218	0.6388319	0.6683347	0.0724761
C	1.0809377	0.0697034	0.4189048	0.8655773	0.8743776	0.8822008	0.8732444	0.4116476	0.0606583
D	0.5798516	0.0723811	1.7507411	2.0654536	1.2541115	0.7981347	0.8529774	0.3031358	0.0519621
E	0.5627313	0.0758768	0.7694212	2.3080329	1.0354236	0.6689417	1.1921248	1.1167156	0.0448382
F	2.2156355	0.0647518	1.4660802	0.3176123	0.9899743	1.0753615	0.6003029	0.7164052	5.7783679
G	0.1296940	0.1556148	0.4327541	1.0694349	1.0324839	0.5228734	0.2370741	0.5760852	0.0554434
H	5.1075792	0.0630110	1.7933170	1.3891938	1.6261294	1.0178204	2.7688822	1.7664145	0.1567903
I	0.8782549	0.1286915	0.8816032	0.4139173	1.3872942	1.4758836	0.8286419	0.4756295	1.7246072
K	0.2095954	0.0865771	0.1004488	0.6786313	0.7897455	0.6894654	0.4187853	2.0031166	0.0495901
L	1.6131429	0.1164174	0.7203784	0.3627928	0.8435739	0.7134844	1.3359380	1.1552569	1.8844290
M	3.6310579	0.0964346	0.9094680	0.3002979	0.5208529	0.5800236	0.3362268	0.6099346	1.2403209
N	1.0807501	0.1005546	1.7134233	0.8944346	0.7726241	0.8907514	0.9550249	0.8824123	0.0633243
P	0.0720773	13.2526039	0.5270935	2.7404655	0.8766771	1.1280023	1.4993682	0.1982001	0.0414079
Q	0.7491434	0.0881409	0.7335674	0.9718797	0.8707545	1.4394447	1.9431019	1.3450467	0.0498887
R	0.2197480	0.0741860	0.2095844	0.4912293	0.4367858	0.6297488	0.7512766	1.7845836	0.0517502
S	1.2230206	0.2153826	1.8600941	1.4660138	0.9663391	1.0233643	1.0769752	1.2318945	0.0607156
T	1.3002401	0.1825588	1.2680765	0.9565834	1.4435544	1.3680925	1.2256664	1.7436287	0.0811177
V	0.5461195	0.4635853	1.2107760	0.4123427	1.6905447	1.9094289	1.2767385	0.9426296	0.2676805
W	0.2504159	0.0346774	0.8420114	0.2691539	0.4427176	0.1754387	0.4986311	0.3981973	23.6832307
Y	2.2236123	0.0836186	1.3884248	0.3648007	0.8234220	1.0037781	1.1370960	1.0837329	3.4459848
