##############
# B5401 PWM for 9-mers
#
# Copyright (2021) David Gfeller
##############
1.00000	600
A	0.3755126	1.4072238	0.8850611	0.8858772	0.7132680	0.6364503	0.7591642	1.7424755	6.9106988
C	1.4743898	0.4705977	0.4822573	1.1377485	1.1510444	1.1543858	1.1585003	0.8338157	0.5528478
D	0.3756696	0.1430838	0.3159085	1.3251410	0.4475283	0.3807077	0.3878990	0.4466300	0.1265255
E	0.5306823	0.1472833	0.3193100	1.3576363	0.3428447	0.3684567	0.6072140	1.5477634	0.1443348
F	4.1127954	0.1615080	3.6488703	1.1006643	1.7340457	2.7315431	1.4246455	0.5137561	0.2213883
G	0.1104198	0.3248226	0.3263437	0.8903405	0.8597420	0.7302073	0.1973632	0.5425701	0.3510376
H	1.5814558	0.1745057	1.6745180	1.6429756	0.8100788	0.5437977	1.1532031	0.9828269	0.1223078
I	1.1553610	0.2795353	1.0595106	0.6241856	1.3655741	1.9394573	2.0702727	0.5797255	0.6003613
K	0.2878356	0.1903009	0.5116381	0.4423983	0.7254589	0.4716384	0.3678153	0.5748359	0.1618253
L	1.9626660	0.1767600	1.3929642	1.2530614	1.4262450	1.5932641	1.6258608	0.5415811	0.3659638
M	3.8815794	0.1893829	1.0354536	0.3785646	0.7922594	0.7053479	0.9287841	0.4806505	0.2280529
N	0.6306361	0.1700111	0.9710192	0.9292234	0.8363062	0.3576563	0.6670710	0.6390902	0.1693635
P	0.0813132	13.3182711	0.5326772	2.0648848	2.5543504	2.4669128	1.8914821	1.0793434	0.8178887
Q	0.4757697	0.1718996	1.0389485	1.0526350	1.0919522	0.7742807	0.5823681	1.0464656	0.1823421
R	0.2058790	0.1210806	0.6693487	0.4977151	0.5154491	0.4005250	0.4270520	0.7126021	0.1541915
S	0.8225426	0.3531919	0.6979162	0.9089612	0.7131435	0.5191226	0.5438709	2.2928774	0.4484836
T	0.6671531	0.2351809	0.8871599	0.6568263	0.6343331	0.7018229	0.9316703	1.7772679	0.5342595
V	0.8525914	0.5695284	1.3012515	0.6858882	1.4009903	1.4506059	1.9912608	1.5172158	3.1106007
W	1.0016063	0.0657575	2.0502644	1.8463005	0.5939609	0.8329964	2.1891784	0.1169715	0.1087163
Y	2.9530736	0.1208146	2.4145067	1.2409995	0.9330074	0.8271840	0.7614478	0.3976736	0.1554507
