##############
# B5501 PWM for 9-mers
#
# Copyright (2021) David Gfeller
##############
1.00000	1145
A	1.6987265	0.5457847	1.5017905	1.1039176	1.0650515	0.9519579	0.7519837	2.2570433	8.1008004
C	0.6500538	0.2714255	0.4463001	0.5602385	0.5643114	0.5694436	0.5667595	0.0957052	0.1266608
D	0.1340562	0.0848230	0.1618593	1.0024146	0.3296502	0.1733439	0.2361191	0.1834298	0.0761968
E	0.1421820	0.0989037	0.1661670	0.9515897	0.4366516	0.2749902	0.3573823	1.2627673	0.0880393
F	0.4483352	0.0553442	1.2366537	0.6923014	0.6183632	1.2400274	0.3453620	0.2231783	0.1299316
G	0.2593144	0.2015306	0.2995385	1.2112063	1.4321962	1.8749421	0.4157155	0.6959675	0.1755769
H	1.1218613	0.1897528	1.6185235	1.1238162	1.2045287	0.6129783	0.9951985	0.6940733	0.1640067
I	1.0254350	0.2403849	0.7898059	0.4708320	0.6972753	1.6091447	1.3005251	0.4896514	0.4505047
K	1.3117283	0.0992174	2.3051107	0.8992398	0.8322924	0.6434176	0.6945135	0.7293431	0.1114324
L	1.0305668	0.2420546	0.8374216	0.7892818	0.6916863	1.2323458	1.2998479	0.4461018	0.3289865
M	1.5518200	0.1427912	1.5251745	0.4671602	0.4409104	1.1382986	0.7831856	0.7450105	0.1988385
N	0.4351769	0.1343033	0.8986155	0.5827642	0.6637936	0.4070438	0.7632920	0.3222121	0.0830190
P	0.1106892	15.6459456	0.5122801	3.7042005	3.5910088	1.5122702	3.5087966	1.0645664	0.7504863
Q	1.1008378	0.1000001	0.7726147	1.2570273	0.8537606	0.8434949	0.7337335	1.3080500	0.1104148
R	2.0021501	0.0704432	1.4729538	0.5395819	0.9306297	0.6256770	1.3667062	0.7114181	0.1216943
S	2.2315687	0.1166585	0.8783101	1.2020882	1.1276302	1.3226374	1.0615564	2.5260796	0.3078411
T	1.2640998	0.1929846	0.6281116	0.9320191	1.1219736	1.3244338	1.4711426	1.9191838	0.5073604
V	1.3181490	0.5130816	1.1184605	0.5593683	1.3430791	1.0948461	1.3883806	1.5413782	2.8260523
W	0.2078835	0.0363440	1.1415414	0.5209104	0.5196057	0.5942500	0.3246725	0.0687669	0.0653725
Y	0.9464017	0.0959770	3.0654684	0.6269513	0.4691887	0.5853718	0.3359726	0.3636973	0.1460814
