##############
# B5502 PWM for 9-mers
#
# Copyright (2021) David Gfeller
##############
1.00000	834
A	1.3581264	0.4063124	1.3567696	0.9519114	0.8989058	0.9190727	0.8795603	2.4158789	7.5098769
C	0.6591003	0.2848689	0.4642356	0.5705947	0.5782704	0.5823088	0.5836999	0.1216785	0.1650499
D	0.1380493	0.1113049	0.1534911	1.1010093	0.3962215	0.3204078	0.4119733	0.3476146	0.0987584
E	0.1388042	0.1132653	0.2100729	1.2237099	0.4249084	0.3248757	0.7876549	1.4717378	0.1135295
F	0.4381622	0.0658433	2.0718666	0.9016791	0.9292628	1.6089214	0.6713649	0.2650826	0.1453647
G	0.2202294	0.1154099	0.5031191	0.9712295	1.1600698	1.3284944	0.1751627	0.6723633	0.2415044
H	1.4089654	0.0931996	2.4614423	1.3801059	0.9758124	0.9680352	1.6375481	1.2054679	0.0958906
I	1.0887084	0.2034822	0.7511436	0.3988461	1.2422393	1.8766219	1.5546816	0.4187741	0.4978951
K	1.3848553	0.1301966	0.9036711	0.9041781	0.7389128	0.6551893	0.6398579	0.7461620	0.1273946
L	0.9584423	0.0945849	0.9566332	0.9685224	0.7759979	1.3876571	1.0933609	0.3708969	0.2816916
M	1.7367709	0.0934826	1.3291461	0.4059331	0.3796533	0.8721592	0.6581641	0.8422114	0.2187625
N	0.6223222	0.1280091	1.0701888	0.7953830	1.1075592	0.5028770	0.8408365	0.4783065	0.1321859
P	0.0827879	16.2513755	0.3887852	3.1781917	3.3571319	1.6654404	2.1722526	0.9403538	0.5564852
Q	1.1905512	0.1039638	1.1341933	0.9048033	1.3512085	0.7913855	0.9922512	1.1998194	0.1692374
R	2.4077825	0.0911449	1.3054326	0.7149302	0.4785369	0.4110743	0.7787350	0.8309183	0.1584930
S	1.9764033	0.1823466	1.0283031	1.1718556	0.8344605	0.8215739	0.6730118	2.3423511	0.3832268
T	1.4098040	0.1753240	1.0000423	0.9384821	0.8819295	0.9894054	1.2482378	1.8459043	0.6843114
V	1.2892185	0.4529552	1.0603358	0.4908301	1.6036397	1.3582890	2.2695133	1.1391242	3.2246572
W	0.1010469	0.0437978	1.3561390	0.6151179	0.4378846	0.6279288	1.0487514	0.0894575	0.0850099
Y	0.7647772	0.0874240	2.5101697	0.8380477	0.5573063	1.0644034	0.6370597	0.3414560	0.1554465
