##############
# B5601 PWM for 9-mers
#
# Copyright (2021) David Gfeller
##############
1.00000	1103
A	1.8756430	0.3196879	1.4350515	1.0443895	0.9395014	0.9462263	0.8831328	2.6410826	7.7891781
C	0.6524326	0.2714976	0.4493407	0.5608766	0.5676927	0.5710252	0.5722178	0.0989860	0.1306446
D	0.1336256	0.0878818	0.1990860	0.9183885	0.3844117	0.2680045	0.3532041	0.4271479	0.0938501
E	0.1013690	0.0898225	0.2445545	1.2178357	0.4368875	0.3627008	0.8002100	1.3374987	0.1030025
F	0.6043224	0.0550891	1.9014968	0.7004761	0.8418866	1.4502681	0.6808717	0.1878863	0.1748140
G	0.3123278	0.0904746	0.4614413	0.9974991	1.1071100	1.1499996	0.1259320	0.5725075	0.1788153
H	1.0629531	0.1657736	2.7695050	1.3781988	0.8803445	1.1836339	1.5825330	1.0314700	0.0764291
I	1.3330535	0.1381863	0.8064868	0.3670185	1.1542390	1.7312735	1.6668254	0.4125345	0.5812642
K	0.9169991	0.1300180	0.9205148	0.7883563	0.5791732	0.7417987	0.6068021	0.5955220	0.1008278
L	1.3496575	0.2048870	0.8071671	0.9439275	0.8126530	1.3768637	1.0802487	0.2637571	0.2055686
M	1.5431285	0.1113966	1.1431343	0.5186284	0.3678757	0.9201525	0.5864506	0.5597389	0.1726451
N	0.4238325	0.1019486	1.1354574	0.7510717	0.8648891	0.3967709	0.8251249	0.4322543	0.1229674
P	0.1123757	16.1647301	0.4473215	3.4178225	3.4432601	1.9693931	2.5209921	1.2206082	0.6290873
Q	0.9850994	0.0833362	0.9332479	1.1393744	1.4064390	0.8321310	0.9441640	1.1056598	0.0924674
R	1.8232794	0.1467636	1.4757584	0.6756200	0.4601192	0.4874668	0.6823338	0.6010884	0.1396352
S	2.1002165	0.1685866	0.8957917	1.2782596	0.9754284	0.7741202	0.7271417	2.6583821	0.3280379
T	0.9427251	0.2444301	1.0114569	0.8882874	0.9194105	1.1866125	1.1334687	1.8816803	0.5856212
V	1.3105932	0.5019101	1.2770477	0.4936420	1.8085767	1.3191572	2.3029293	1.2614862	3.1996757
W	0.0827342	0.0363032	1.3813566	0.5415081	0.4062947	0.4863754	0.8797899	0.0702894	0.0679420
Y	0.8976726	0.0982751	2.2297992	0.7601564	0.5433597	0.9149710	0.5534144	0.4321529	0.1789641
