##############
# B5701 PWM for 9-mers
#
# Copyright (2018) David Gfeller
##############
0.47399	1376	1
A	1.4361614	2.7873368	1.3069716	0.7214048	0.6802790	0.8203334	0.8181843	0.7239354	0.0837397
C	0.2836096	0.3104204	0.3756436	0.4455272	0.4497947	0.4507617	0.4444678	0.4740727	0.2469030
D	0.0934637	0.1243172	1.0673999	1.1932642	0.9927112	0.6222953	0.8743830	0.4518010	0.0388693
E	0.2647093	0.1691023	0.3838477	1.3208255	1.0108153	0.9273719	1.7080490	1.1163480	0.0806455
F	0.5311380	0.1059222	1.5247998	0.5442514	0.7241808	0.7558849	0.7413759	0.5399010	1.0581604
G	0.6197974	0.7736689	0.7166774	1.0397476	0.8168030	0.8288830	0.3526725	0.6927589	0.0623183
H	1.9598786	0.0869473	1.5527679	0.4843660	1.3610076	1.4773633	1.6904566	1.3020857	0.0668363
I	1.0302063	0.5881105	0.6674598	0.8483590	1.1626761	1.1276637	0.5863809	0.4195536	0.0601188
K	2.1515802	0.0945433	1.8205723	1.5300195	1.3209309	1.0146323	0.8634531	1.5825060	0.1286288
L	1.0338229	0.5270008	0.9297880	0.7441636	1.2379739	1.0449635	0.6778614	1.1928770	0.0822465
M	1.0076658	0.6008879	1.0832677	0.5323677	0.6348262	0.5782932	0.6496305	0.7715583	0.0880658
N	0.4990602	0.1397729	1.0064752	1.1136897	1.0608808	0.9985535	0.8842999	1.1315141	0.0774425
P	0.0459802	0.0761094	0.1330459	1.9139143	1.1998682	1.1337218	0.8230013	0.0906013	0.0394333
Q	1.1419895	0.2707658	0.8187664	1.3548051	0.7966664	1.6819681	1.7117409	1.5438529	0.0676682
R	2.0289170	0.0830972	1.7832130	1.0454340	0.9860484	1.1176840	2.0386586	1.8889415	0.0980680
S	1.6391224	4.3945223	1.2297820	1.2078102	0.7349807	0.9083813	1.1729739	1.8092038	0.0510049
T	1.2079120	4.1432653	0.8328269	0.9184141	1.3915623	0.9297237	0.9169675	1.5941316	0.1294157
V	1.0138994	1.4380774	0.7334941	0.7795187	1.0877703	1.3985092	1.0282350	0.8329883	0.0801274
W	0.3480791	0.1360791	2.3406876	0.7311145	0.9350915	0.9379291	1.8688610	0.6751220	85.2275524
Y	0.9029062	0.0783207	1.1392852	0.4179710	0.4958136	0.6768347	1.4150102	0.8060382	0.3584917
