##############
# B5701 PWM for 9-mers
#
# Copyright (2018) David Gfeller
##############
0.52601	1527	1
A	0.7691180	2.3943207	0.8593962	0.7219574	0.5173553	0.8864558	0.8326879	0.5231369	0.0642587
C	0.2640225	0.3034033	0.3694950	0.4382858	0.4465226	0.4469119	0.4389917	0.4697565	0.2677854
D	0.0733110	0.1321436	0.1859835	1.4700986	1.0032394	0.5530849	0.3952024	0.2244287	0.0385519
E	0.1286017	0.1109750	0.0819950	1.6548727	1.0820666	0.8441267	1.3763389	0.9764471	0.0411018
F	0.3745810	0.1051030	1.6804134	0.4344140	1.3593626	0.8719012	1.0346088	1.0051494	10.3651731
G	0.3681734	0.1840449	0.3479457	0.7858849	0.7274380	0.5244683	0.1597330	0.4492402	0.0456080
H	1.0021105	0.0616852	1.1213736	0.7291347	1.2165020	1.1594651	2.2753720	1.3069893	0.1039991
I	0.9347111	0.2705312	0.8251287	0.5592333	1.6351673	1.4724918	0.6479481	0.3508129	1.2438050
K	6.0412083	0.1021262	3.3989998	1.8197606	1.1449790	0.9337581	1.4755702	1.8704023	0.1182712
L	0.8009585	0.1527506	1.4498474	0.4554597	1.2641490	1.0702812	0.7084158	1.2017657	1.9070566
M	1.1181386	0.2530316	1.4910530	0.2446370	0.5102306	0.6873255	0.7237948	0.8349707	1.6269823
N	0.1067132	0.1120366	0.9350731	0.9740515	1.0016431	1.2397161	0.7446168	1.2497859	0.0473291
P	0.0529937	0.0727357	0.0998083	2.4022623	0.7237284	0.7653747	0.9984584	0.0722476	0.0248011
Q	1.0323160	0.0996828	0.4907580	1.2387762	0.9334296	2.1535615	1.4085003	1.9052584	0.0450215
R	3.4863672	0.0925822	2.2194854	1.0736624	0.5591097	1.1115554	2.6327673	1.3877887	0.0521457
S	0.3717376	5.8842188	0.9537511	0.8546732	0.7019685	0.7571153	0.6197042	1.3330631	0.0528341
T	0.3539569	5.7336653	0.5999789	1.0899441	0.8662677	0.9354288	0.9088815	2.5266332	0.0640606
V	0.8012121	1.0026247	0.6981360	0.8750770	1.5589083	1.3982399	0.9773420	0.8156571	0.1435329
W	0.0711748	0.1231368	1.6441953	0.5413942	0.6769209	0.6152260	1.6380090	0.1987596	0.1816065
Y	0.6300725	0.0912738	1.0573556	0.4592730	0.9061374	1.0017866	1.3550231	1.0429414	6.6203335
