##############
# B5703 PWM for 9-mers
#
# Copyright (2021) David Gfeller
##############
1.00000	3025
A	0.7568487	2.0487115	1.2431070	0.5834689	0.6273540	0.7620733	0.9077478	0.5259809	0.0356258
C	0.1974399	0.0470417	0.2036240	0.3169883	0.3237840	0.3222690	0.3217853	0.1992239	0.1953071
D	0.0608955	0.1099700	0.5449980	1.2831081	0.9430466	0.5798943	0.5149576	0.2311082	0.0432647
E	0.1703955	0.0996532	0.2846373	1.5741882	1.1967957	0.9831994	1.5517356	1.1949970	0.0415976
F	0.4717573	0.0902735	1.7447686	0.3465597	1.3835943	0.9635971	1.2867440	0.8432668	9.7731135
G	0.4911034	0.3130763	0.4997901	0.6796059	0.7072319	0.5151636	0.1506869	0.3462898	0.0355432
H	1.4938546	0.0598941	1.2283106	0.9324909	0.9459491	1.5079035	2.3884187	1.5868738	0.0472605
I	1.6996282	0.3995978	1.3419320	0.6976170	1.8007137	1.2876594	1.1202587	0.4040485	1.4995688
K	4.0019824	0.1301278	0.9082526	1.9822498	0.8174645	1.0299129	0.3418543	1.5224254	0.0335759
L	0.9635107	0.2212439	1.6415109	0.5298109	1.6111843	1.2462104	0.7501116	1.2180805	2.3328653
M	0.8306766	0.1852491	1.3236507	0.4841048	0.7853628	0.7255141	0.6145443	0.6583762	1.0327880
N	0.1566511	0.1387820	0.8371288	0.8016486	1.0173663	1.2603932	1.1484008	1.1438380	0.0233618
P	0.0816821	0.0757010	0.6668740	2.5257421	0.6945840	1.0607494	1.6911198	0.0638902	0.0139933
Q	0.8856878	0.1592795	0.7789698	1.4338227	1.0314525	2.0447601	1.6017729	1.8109142	0.0307391
R	2.5151409	0.0510569	0.7554608	1.4403428	0.3342854	0.7141712	0.2711007	1.3640331	0.0302267
S	0.7577020	5.2161328	1.0036328	0.8665302	0.6737853	0.9268940	0.9014648	1.3485454	0.0541334
T	0.8319783	5.7840554	0.7545390	1.0732176	0.9355281	1.1152098	1.2510923	2.7176170	0.0518690
V	1.2153068	1.4056560	1.1772663	0.7703874	1.5825341	1.2490354	1.5784254	0.9504509	0.1425421
W	0.0841617	0.0280132	1.6947584	0.2333388	0.6554377	0.6787815	1.5327299	0.1125837	15.6187279
Y	0.7848100	0.0811315	1.7904651	0.3812908	0.7703356	0.7139061	1.5112501	1.1561108	1.1086384
