##############
# B5802 PWM for 9-mers
#
# Copyright (2021) David Gfeller
##############
1.00000	567
A	0.4881928	1.6270274	0.4624994	0.6824019	0.5095659	1.2647769	0.3951481	0.4122763	0.1497531
C	0.1120711	0.4626560	0.4138716	0.5482080	0.5696604	0.5762473	0.5291657	0.7639542	0.2490886
D	0.1704161	0.2023885	0.1636411	1.4294839	0.5676400	0.4735057	0.3574254	0.2366535	0.0812092
E	0.2408313	0.1933527	0.1523041	1.4062456	0.8271334	0.7212680	0.6222317	0.9843936	0.0861876
F	0.4977053	0.1465232	3.5070979	0.8647785	1.8720775	1.1869913	1.3377252	1.0051925	3.2256560
G	0.2698655	0.3010963	0.1214971	0.4440700	0.7008206	0.5133847	0.1515080	0.2470620	0.0830435
H	0.9626483	0.1634469	0.4047589	1.5461995	1.0314474	1.5525206	2.5537686	1.4792877	0.1265874
I	0.7928328	0.3635886	1.7630242	0.6005619	2.1928849	1.3839281	0.6445592	0.6175141	3.9159864
K	6.9407833	0.2090530	1.7895783	1.2785927	1.0725648	1.0638488	1.0038394	1.6251164	0.1286636
L	0.6206526	0.2313155	1.6217761	0.6483335	1.5662943	1.0396251	0.3479569	1.3431368	4.3733770
M	0.4455054	0.2013040	1.3021872	0.4359967	0.6378737	0.5467244	0.2619075	0.6028565	0.8944352
N	0.2538810	0.2712830	1.0720654	0.9728975	0.9629753	0.8908918	0.7364714	1.2208373	0.1259442
P	0.1472380	0.1709137	0.2422112	2.4564336	0.5076494	1.0597263	0.9785356	0.1392455	0.0688872
Q	0.6200525	0.1999431	0.6882866	1.5758178	0.9982832	1.8618463	1.8193095	1.1349111	0.1027823
R	3.6360495	0.1988862	1.2582282	0.8764560	0.4289282	0.6355977	5.6227491	0.7500859	0.1320032
S	0.3479871	7.1454820	0.5186316	0.7437993	0.5619291	0.8137366	0.3547615	1.0109376	0.1035007
T	0.2989384	3.7137092	0.9217000	1.1784147	0.9662782	1.2284141	0.4718286	3.2638195	0.1656511
V	0.5836983	0.8289455	0.9264223	0.9249385	1.6594988	1.4236636	0.7394512	1.2801567	0.4579398
W	0.1285158	0.1156975	0.9534832	0.6195629	0.6425967	0.6371157	2.4835467	0.2720588	3.8856304
Y	0.5700989	0.2540963	2.3775510	0.9193687	0.8146536	0.7544890	1.4505648	1.2687070	1.6167386
