##############
# B5801 PWM for 9-mers
#
# Copyright (2021) David Gfeller
##############
1.00000	1862
A	0.8246346	2.1585014	1.2298627	0.6159979	0.6769348	0.6604665	0.8466245	0.5708534	0.0438297
C	0.0502587	0.3654333	0.3586858	0.5081950	0.5183051	0.5190052	0.5147299	0.7305166	0.1360381
D	0.1064922	0.0952703	1.0036689	1.5016682	1.0759629	0.6341595	0.5319010	0.2211108	0.0483427
E	0.1171002	0.1542813	0.3780123	1.5471567	1.4369225	0.7895190	1.8047613	1.3077440	0.0352629
F	0.6268495	0.2540750	1.5565574	0.4032170	1.1887946	0.8244349	1.1439144	0.8038407	5.1245143
G	0.3759508	0.3735032	0.4310411	0.8019192	0.7080191	0.5476838	0.2166547	0.3743814	0.0381748
H	1.7140566	0.0750040	0.8753416	0.7968771	0.9466557	1.6170933	2.4794009	1.6241703	0.1007546
I	1.3317629	0.8485541	1.5336905	0.6624024	1.5923181	1.1199648	0.7464942	0.4361987	0.5814652
K	4.1856362	0.0957793	0.2147341	1.5050953	0.7378273	0.8146001	0.3840279	1.5872547	0.0614500
L	0.9312176	0.3112054	1.0304950	0.4537589	1.0644431	1.1638380	1.1816009	1.1755862	0.7700203
M	0.8241748	0.9608792	1.1658794	0.3001546	0.7012422	0.6401102	1.0712560	0.7737796	0.5044648
N	0.2036649	0.1672184	2.3533022	0.8154898	0.8314210	1.0924483	0.9247989	1.0078373	0.0364491
P	0.0510558	0.1176437	0.2402575	2.8842013	0.8764382	1.0092186	1.1811130	0.0903972	0.0183123
Q	0.9256020	0.1452959	0.6930543	1.2282681	0.8767963	2.6965757	1.7646235	1.5603967	0.0376738
R	2.7867963	0.0686762	0.1595197	1.1336632	0.2890747	0.5998899	0.2927547	1.4818035	0.0489958
S	0.9635835	5.5854541	1.5314334	1.0292128	0.6198523	0.9336434	1.0207695	1.4145340	0.0449981
T	0.6245884	3.5012246	1.2220104	0.9940796	1.4137792	1.1655471	0.9786855	2.2975087	0.0656768
V	0.9881285	1.5562137	1.7729172	0.9109642	2.0081285	1.7822690	1.2363522	0.8842833	0.0692202
W	0.0935361	0.1265276	1.1094246	0.6559034	0.7926231	0.2574045	1.7001732	0.2990866	45.2059328
Y	0.9405512	0.0957144	1.2272769	0.4829417	0.9062694	0.8230033	1.7257021	1.1347546	2.4507235
