##############
# B7301 PWM for 9-mers
#
# Copyright (2018) David Gfeller
##############
1.00000	643	1
A	0.3307629	0.2255983	1.0067195	0.8543599	0.9096874	0.8041896	1.0058427	1.4204527	2.4034902
C	0.7230360	0.2635790	0.5030017	0.6459599	0.6560535	0.6537854	0.6586004	0.1612539	0.1574100
D	1.3354721	0.1677689	0.6276046	0.8757227	0.9051051	1.0608558	0.3614025	0.9220475	0.1334153
E	0.5232789	0.2193979	0.3192369	0.8277244	1.6421610	1.2792714	1.0345484	1.7398488	0.1584010
F	0.1933993	0.1285697	2.1064977	0.6210979	0.8502682	0.4733616	1.0484574	0.2239994	0.1067202
G	0.5539163	0.2598750	0.4983662	1.0063325	1.1074030	0.8964980	0.3640950	0.7620484	0.1855406
H	1.5947334	0.1840749	1.8413914	0.8173354	0.7702770	0.9475270	1.7447081	0.5862343	0.1064586
I	0.5680766	0.1250408	0.8662905	0.5623037	0.5696041	0.7352618	0.7817100	0.6525808	0.3544943
K	0.4297495	0.4846898	0.6850762	1.5793528	0.7522380	0.9560619	0.7455016	0.7599423	0.2280576
L	0.3143000	0.1610205	1.4550586	0.6706641	0.6917629	0.6972931	1.1949618	0.6037875	0.5985936
M	0.7690819	0.1645702	0.9604702	0.5672200	0.4230789	0.4723977	0.6631103	0.2501927	0.2180175
N	6.5259435	0.3019679	1.6101617	1.0590926	0.8123416	1.3305612	0.9454594	0.6487506	0.1886179
P	0.3279865	0.2781894	0.3898982	2.2434145	1.3533417	1.3537376	2.1107687	2.0721262	9.5159663
Q	1.3411815	0.2855987	1.1857627	1.8191520	1.7825976	1.8506104	1.8055231	0.7398096	0.1315121
R	1.2795993	15.5857758	0.6504632	1.3935092	0.7111976	1.1019897	0.7350117	0.6368667	0.2039667
S	1.5351183	0.2843415	1.0839608	1.3863162	0.9709897	1.3508067	0.7931211	1.9672813	0.2423733
T	1.2141244	0.1585709	0.8682954	0.7023799	1.1476298	1.2708180	0.8147760	1.7241172	0.2246664
V	0.9065865	0.1702565	1.1692884	0.3827750	1.3151948	0.9141065	0.9987134	1.0454670	0.7565277
W	0.2635452	0.4002927	1.6524171	1.0674443	1.2144409	0.5364578	0.5602416	0.2607800	0.3557695
Y	0.6772523	0.1418612	1.6385946	1.0340967	1.3513311	0.8136895	1.5462908	0.4981488	0.2547694
