##############
# C0102 PWM for 9-mers
#
# Copyright (2018) David Gfeller
##############
1.00000	1210	1
A	1.0797813	3.8808495	0.2583165	1.0007856	1.5442905	1.4154967	1.2501981	3.0917534	0.3237431
C	0.7230512	0.3056957	0.4382745	0.6274996	0.6330306	0.6421366	0.6393922	0.1058872	0.1145130
D	0.1299579	0.0786154	0.0854158	1.2421106	0.4279751	0.4528283	0.3048925	0.4710434	0.0443161
E	0.1941440	0.0791940	0.1443654	2.0634911	0.4310745	0.4793777	0.6011623	2.1918895	0.0496130
F	2.2510603	0.4737257	0.1003847	0.8934394	1.1866648	1.2774056	0.2238601	0.4628992	0.6564525
G	0.3127370	1.1572869	0.1206684	1.3174274	1.7825635	1.2325219	0.4839391	0.4950073	0.0531326
H	0.5711240	0.1447354	0.1157646	0.5422439	1.1513083	0.7472836	1.1312019	0.7089272	0.0767338
I	1.0090558	1.3082362	0.1659464	0.4222428	0.4751798	0.7113544	0.6863390	0.1412606	0.5844585
K	0.9715318	0.0926518	0.1000925	0.5121989	0.5397371	0.7008498	0.8417082	0.1867615	0.1012660
L	0.8814879	1.8471096	0.1463233	0.7166978	0.3548926	0.8496052	1.0818743	0.2012391	7.9392391
M	1.2233322	1.1409937	0.2934332	0.4666461	0.4595828	0.7097214	0.8676520	0.2357643	2.0550990
N	1.3034096	0.1300419	0.2334891	0.6498911	0.9942625	0.7505306	1.0711114	0.5617445	0.0503679
P	0.1357245	0.1309279	14.1395605	1.5165278	1.8480200	0.9113596	0.6838131	1.2086370	0.1235572
Q	0.4498352	0.2374941	0.2267137	0.9138953	0.5693778	0.8533521	1.8212009	0.9179651	0.0619005
R	1.0478281	0.0971579	0.0888041	0.5383048	1.4446246	1.2351499	1.7149973	0.2529525	0.0691696
S	2.2440658	2.6645205	0.1791417	1.8265509	2.1310893	1.4672097	2.7515600	3.4122876	0.0769167
T	1.3370471	1.0179127	0.0979451	1.0449981	1.3382861	1.9541839	1.7369502	1.5711114	0.1492167
V	1.4225416	1.0350980	0.0645937	1.0075034	0.5902245	1.1226395	0.6458185	0.6493808	0.8897607
W	0.1936050	0.0837863	0.0420116	0.7553094	0.9835992	1.0714035	0.1554703	0.3855958	0.0997194
Y	2.5603736	0.1220930	0.2666758	0.8512985	0.8869205	0.9481996	0.2476257	0.7330003	0.1141699
