##############
# C0202 PWM for 9-mers
#
# Copyright (2018) David Gfeller
##############
1.00000	1757	1
A	0.9575854	6.4223328	1.5122167	0.8071946	0.6464146	0.8731735	0.8611304	0.4787503	0.1445675
C	0.7010883	0.2751856	0.4382046	0.6071255	0.6135075	0.6236884	0.6210551	0.0630580	0.0636141
D	0.0516756	0.1024250	0.2095322	2.4208257	0.6148124	0.2445487	0.4774913	0.3060455	0.0469036
E	0.0807089	0.0792414	0.2004563	1.0744444	0.4197107	0.5769924	1.0023312	2.1433264	0.1525504
F	5.7001468	0.0726707	2.0982061	0.4124988	1.5202318	1.0493539	0.4984959	1.3568620	7.2327204
G	0.3698679	0.6623185	0.2688845	2.1810431	1.2196001	0.9429317	0.3940655	0.5788184	0.0680034
H	0.7216981	0.0530263	1.0325456	0.7092313	2.0629591	0.7770974	1.4159189	1.0929828	0.2634435
I	0.6193116	1.1632460	1.2748649	0.1873692	1.5343009	1.4758367	1.2660704	0.5439523	0.4257840
K	0.7636635	0.0783309	2.6325846	1.1195274	1.2420922	0.5890146	1.1158659	1.4483437	0.0822820
L	0.6438989	0.5459433	0.2193383	0.3216048	0.9132859	1.3484341	1.1634997	0.9080197	1.6222938
M	0.3968562	0.4880985	0.8667314	0.3159786	0.5525322	0.7483456	1.0163966	0.6721225	2.5786782
N	0.2964643	0.1200859	1.5732400	1.0324954	1.2747324	0.7055955	0.6298587	0.8246946	0.0941887
P	0.0308005	0.0518734	0.2042704	2.7580710	0.8194474	1.2465947	0.6027359	0.0720371	0.0239113
Q	0.2066011	2.0122439	0.4155324	0.8259840	0.8885260	1.0043607	1.7544021	1.4298788	0.0730377
R	0.8439920	0.0888908	1.4208638	0.5037010	1.2036135	0.6950036	0.7711089	1.1443334	0.0496288
S	2.0963011	1.5972358	1.3993901	1.6319620	1.0562028	0.8513989	1.7820084	1.2275749	0.0513044
T	0.4762086	1.3501142	0.6015247	0.8502488	0.6633629	1.7462388	1.2221787	1.8334051	0.1500343
V	0.9271399	1.0497841	0.7122592	0.2677311	0.7539856	1.6270465	1.2248413	1.0627345	1.4720960
W	0.7533505	0.0562919	0.1434491	0.5235840	1.3839150	0.2245780	1.5368671	0.4508521	0.1619444
Y	5.8240953	0.0815377	3.5932237	0.5218249	1.3707312	0.8986120	0.7559240	2.1573403	9.2540951
