##############
# C0304 PWM for 9-mers
#
# Copyright (2018) David Gfeller
##############
1.00000	2297	1
A	0.8232911	6.2328592	1.1827600	0.9056615	0.9164344	1.0611540	0.7385054	1.9272249	0.2663133
C	0.2664664	0.0722068	0.0543066	0.7314357	0.7348852	0.7427197	0.7369090	0.2705569	0.0636387
D	0.1247063	0.1126075	1.9484380	2.1594745	0.5501178	0.4309070	0.2419545	0.4003763	0.0331606
E	0.0920144	0.0580112	0.9361006	1.9136620	0.5861646	0.4703565	0.5293039	2.4225257	0.0414794
F	6.0560187	0.0456853	0.7956245	0.3885468	0.7160195	1.7098301	0.4105108	0.5341231	1.2789826
G	0.2709923	0.8758734	0.2281514	1.5698757	1.2223202	1.7764916	0.2634221	0.2812127	0.0435860
H	0.9800620	0.0398954	1.4564467	0.9939505	2.5628891	1.4854541	2.6628314	0.7535604	0.0723322
I	1.0955996	1.0456367	2.1063924	0.2680265	0.6491119	0.9742401	0.8410134	0.5553745	0.5524301
K	0.3698223	0.0583911	0.3176636	0.7264842	1.0968653	0.5653828	1.5507489	0.5560402	0.0497996
L	1.2310225	0.4332366	0.6259870	0.3997409	0.4012539	0.6449504	1.2070668	0.3786491	7.7708437
M	0.9489151	0.2879028	1.2189001	0.4613265	0.3477440	0.8361191	1.1042390	0.4273570	2.7560687
N	0.5620585	0.1815350	1.4574687	0.7908315	1.1536192	0.8430353	0.7463605	0.7474672	0.0287639
P	0.0360556	1.1603720	0.1385849	3.0039737	2.1041045	0.9994741	0.9069279	0.6105119	0.0745637
Q	0.2613131	0.7066134	1.3369956	0.8208249	1.1169896	0.8984072	1.5890010	1.4626846	0.0454957
R	0.2394161	0.0574764	0.1358408	0.6207932	1.3945527	1.0801987	2.3107991	0.3954370	0.0551380
S	1.0293370	2.0046580	1.1101729	1.2819715	1.1707203	1.6868712	1.3525953	2.3457126	0.0432835
T	0.6765700	1.3065308	1.0256206	0.7891267	0.9717210	1.3441762	1.2617439	1.8831213	0.0831829
V	1.1994533	0.9381393	1.4909296	0.3357236	1.0981886	0.9009477	0.8161630	1.4293224	0.7782341
W	0.9518922	0.0421750	0.2216802	0.4051784	0.6128289	0.4194099	0.2911913	0.2115168	0.3460117
Y	4.7551524	0.1043034	1.8825100	0.5047364	0.7238119	0.8305705	0.4765863	0.6288131	0.1686495
