##############
# C0303 PWM for 9-mers
#
# Copyright (2021) David Gfeller
##############
1.00000	3385
A	1.5167463	6.5104573	1.6545860	1.1758322	1.2751667	1.2313594	1.0617204	2.4753459	0.3488207
C	0.0336603	0.0440398	0.0350305	0.4778221	0.4826036	0.4855548	0.4824535	0.3990686	0.0376361
D	0.0371662	0.0597215	1.2881464	1.9130972	0.4152613	0.2156251	0.1897851	0.2847999	0.0228129
E	0.0516105	0.0497987	0.5890268	1.6812851	0.4434094	0.2322501	0.4349712	1.9417390	0.0244120
F	5.5568505	0.1176086	1.0660060	0.4864473	0.7400866	1.9254311	0.4557439	0.6129133	1.3714262
G	0.3539731	0.6402241	0.2397486	1.5136239	1.0209681	1.9774999	0.2964181	0.3049874	0.0511470
H	0.8256825	0.0308264	0.8055195	0.9063509	2.2831431	1.0594482	2.0989283	0.7014551	0.0776375
I	1.0499419	1.2548885	2.5522955	0.3597430	0.7166868	1.0791000	0.8284383	0.5625373	0.6983468
K	0.4450283	0.0488863	0.1449017	0.4501119	0.7117015	0.2811867	1.0248403	0.3813906	0.0336548
L	1.2901507	0.5506392	0.8434437	0.4467379	0.4589619	0.7627541	1.5157714	0.3407633	7.7742097
M	0.9885107	0.2305404	1.5487022	0.3342660	0.3187850	0.6937264	1.0880049	0.3214752	1.9140430
N	0.3170270	0.1374493	0.9903328	0.7564548	0.9708465	0.5724462	0.6101784	0.4732649	0.0268575
P	0.0589715	0.4763021	0.3264241	3.9119371	2.7919401	1.3050748	1.5820420	0.6613545	0.0438638
Q	0.3111513	0.7669184	0.8078536	0.7619542	0.7768887	0.6720649	1.2808990	1.0432818	0.0391925
R	0.2805742	0.0476512	0.1416357	0.3076244	1.0735104	0.7824962	1.7347156	0.2610718	0.0301348
S	1.2433814	1.9512493	1.0942403	1.0927692	1.3287546	1.8653064	1.6415772	2.8302465	0.1082590
T	0.8444673	1.2034866	1.1097748	0.7476723	1.0204044	1.4369999	1.3669165	2.0249214	0.1071918
V	1.3388129	1.0101149	1.9396646	0.5551870	1.5791958	1.0498929	0.7905852	1.4205729	0.7657282
W	0.4931261	0.1185365	0.2213702	0.5066005	0.5347500	0.4477061	0.2811679	0.1437895	0.4068385
Y	3.6915059	0.0927841	1.9475875	0.4930851	0.7226025	0.8347567	0.4915821	0.6656789	0.5514393
