##############
# C0302 PWM for 9-mers
#
# Copyright (2021) David Gfeller
##############
1.00000	799
A	0.6749445	6.3651851	1.0590259	0.6280380	0.8637176	0.7972674	0.8270535	1.9399261	0.2716977
C	0.1110792	0.1626287	0.1128040	0.5113186	0.5192139	0.5297330	0.5327233	0.4532728	0.1138287
D	0.0880858	0.1322473	0.3382883	2.4393617	0.5676115	0.2721190	0.3260176	0.4301527	0.0671130
E	0.1097709	0.1396883	0.2550196	1.5250832	0.4037505	0.3705134	0.7148570	2.9521661	0.0938053
F	7.5154872	0.3688403	2.2872876	0.7951618	2.7750168	3.0252263	0.6014494	0.5753532	5.5100496
G	0.2660564	0.4523973	0.1821698	1.0621456	0.9347153	1.1473553	0.3393109	0.2512104	0.0704074
H	0.6863072	0.1071232	1.5384382	0.8553994	2.5980728	1.0095444	1.2976324	0.6229518	0.8822708
I	1.0245558	1.5637613	1.9949491	0.6733932	0.7319547	1.2329477	1.0905984	0.8553715	0.7364114
K	0.3667207	0.1357015	0.4678270	0.4570666	0.8188975	0.5458146	0.6388637	0.3881733	0.1226411
L	1.2416315	0.7127665	0.9532757	0.6603602	0.5566953	1.5381647	2.1358686	0.4476274	3.5382129
M	1.0217702	0.2340961	1.9219637	0.5367565	0.4761811	0.8612871	1.3566481	0.3868865	2.6635567
N	0.4839416	0.2520397	1.5169888	0.7043523	0.9305276	0.4520880	0.8768730	0.4279802	0.0839887
P	0.0629946	0.1205863	0.8990106	3.9924420	1.8613177	1.1501976	0.9618060	0.8673116	0.0770684
Q	0.2374087	0.4520029	0.5908967	0.5504188	0.6753156	0.6075204	1.1684884	1.0085660	0.0907605
R	0.2983595	0.1101522	1.0031290	0.2758113	1.1581781	0.7766916	1.3001690	0.2133338	0.0904792
S	1.0716478	1.5868881	0.7087190	0.8633526	0.9027522	1.0641615	1.1508817	1.8785443	0.1064094
T	0.5240021	0.8757924	0.6326003	0.6854225	0.5270379	1.4616036	1.3334300	1.6290975	0.1423258
V	1.1320704	1.3206588	1.1365160	0.7083080	1.5457841	0.9538506	1.2127348	1.6288026	0.8827038
W	0.6691198	0.0929357	0.6066484	1.0771950	1.1107792	0.3965230	0.1041085	0.1924527	0.3992134
Y	4.6204741	0.2028993	3.5908119	0.7467310	1.2154773	1.0285664	0.6185623	1.0047814	5.8627637
