##############
# C0403 PWM for 9-mers
#
# Copyright (2021) David Gfeller
##############
1.00000	659
A	0.9385239	3.1949624	0.2037650	0.7084643	0.9600984	0.6841120	1.1791657	0.4998184	0.1405720
C	0.3430482	0.1644639	0.0785345	0.5689956	0.5799719	0.5899267	0.6032868	0.5234708	0.1478547
D	0.1411453	0.1909527	12.9662417	1.6795552	0.5282828	0.2779256	0.3331465	0.3667526	0.1207996
E	0.1409536	0.1445422	1.3343643	2.0475145	0.7181164	0.8683604	0.6482370	1.2186631	0.0799197
F	3.4382609	3.8944340	0.0873611	1.1170993	1.1324145	0.5126113	0.4322954	1.8495023	5.0568000
G	0.1715845	0.2798537	0.1647652	0.9676791	1.0364956	0.6738156	0.3887653	0.3215036	0.0760309
H	1.0690018	0.1364283	0.1631933	0.6319359	1.5840976	0.5084241	1.0506731	2.0622513	0.1058688
I	1.9548498	1.4695948	0.1772019	0.9816999	1.3555482	2.2423460	1.5768728	0.6438537	1.2688328
K	0.5059954	0.1381414	0.1792056	0.4791315	0.8834509	0.5838480	0.2810597	1.0190986	0.1154512
L	1.0596255	0.5796185	0.1038560	1.0227739	1.0072064	1.0912423	0.8385925	1.7012037	4.8874793
M	0.9298055	0.3869532	0.0999269	0.4048160	0.5844547	0.6042051	0.7089971	1.0707190	2.3473904
N	0.9266724	0.1746553	0.3299047	0.7921447	0.7171408	0.4032165	0.9761022	0.8675818	0.0849627
P	0.0827731	0.0976392	1.8323080	2.5771029	1.0682542	2.8568305	0.4296187	0.1388288	0.0621064
Q	0.3876581	0.2885316	0.2219855	0.6550254	0.8928122	0.6891635	0.5989746	0.9138591	0.0944621
R	0.5213013	0.1424018	0.1317412	0.3741467	0.9574472	0.5027777	0.6439651	1.0926986	0.1211424
S	1.1673325	0.9201365	0.2075328	0.6146746	0.7624702	0.5616516	1.1600186	0.7941613	0.0964096
T	0.9623376	3.0661467	0.1823777	0.7873269	1.0489180	0.9863134	1.9487286	0.9756145	0.1505924
V	2.3937471	1.3477507	0.0958716	1.1652777	1.9712612	2.7307742	3.5315734	1.1834322	1.6211808
W	0.1801138	0.8117362	0.0723124	0.4378428	0.4477975	0.1070023	0.3357233	1.5744374	0.8225922
Y	2.8329559	1.5440909	0.1808995	0.6824530	0.9129572	0.4576218	0.8991846	2.6878886	0.4730653
