##############
# C0401 PWM for 9-mers
#
# Copyright (2021) David Gfeller
##############
1.00000	2612
A	0.7371428	0.4902328	0.1886013	0.6711517	1.4528323	0.7932525	1.5127017	0.5960592	0.1842995
C	0.2609383	0.0351624	0.0254746	0.5272464	0.5333158	0.5311312	0.5327011	0.4750922	0.0443260
D	0.3032254	0.0613593	12.8144044	1.8440688	0.5750222	0.6142998	0.5017295	0.5135518	0.0648970
E	0.3152663	0.0945793	1.3726432	2.2457960	0.6413821	1.0795316	1.0064617	2.0560355	0.0675211
F	2.7419410	9.8409321	0.1893082	0.5314402	1.0811810	0.6933115	0.3551748	1.3892299	5.9554574
G	0.1304609	0.1278638	0.0864206	0.6903264	0.6063454	0.8953190	0.4453816	0.4116879	0.0404183
H	1.7440518	0.2791532	0.3123612	0.8273656	1.2659682	0.7677536	1.0439448	1.5625340	0.1187401
I	1.7004597	0.3321075	0.2220548	0.5528455	0.9405999	1.6154337	0.9859804	0.7406150	1.2124223
K	0.7418047	0.0438798	0.0972141	0.5242529	0.8470019	0.7887388	0.6874683	1.1504940	0.0664942
L	1.0264437	0.8501324	0.0849377	1.1710580	0.8063309	1.1770721	0.5836960	1.1728355	3.8432125
M	1.1639683	1.2208077	0.2633944	0.6094442	1.3176699	0.6177960	0.5217048	1.0607483	4.9170644
N	1.3484184	0.1263640	0.6439658	1.0042730	0.9610427	0.7040160	1.5118330	0.8633033	0.0278602
P	0.0622349	0.2628620	1.2759998	2.4177947	0.7008300	1.7887604	0.4431022	0.1721188	0.0553452
Q	0.3660771	0.1533720	0.2370047	0.6356192	1.3623026	0.7692448	1.2676749	1.1473260	0.0497819
R	0.6638204	0.0715482	0.1083517	0.3239114	0.7449621	0.6142851	1.1267877	0.8499962	0.0708704
S	1.2010744	0.2856032	0.3856198	0.7024093	1.2372179	0.7515380	1.2855781	1.1229027	0.0658666
T	1.3282745	0.6551247	0.1260790	0.9677296	1.6612581	1.4767199	1.5218398	1.5298612	0.1089340
V	1.7575240	0.4847469	0.1201734	1.2419325	1.5484149	1.6761252	2.5041789	0.9492892	1.7172001
W	0.7398129	6.3515877	0.7405748	0.5396940	0.9607168	0.5110290	0.1832234	0.6999627	1.0424228
Y	2.8116801	7.0271663	0.2934375	0.9094044	0.8084415	0.7274637	0.6145617	1.8756522	0.9497186
