##############
# C0501 PWM for 9-mers
#
# Copyright (2018) David Gfeller
##############
1.00000	1718	1
A	0.8960684	3.7111573	0.1104615	0.6056537	0.6981350	0.8528712	1.3311238	0.4181168	0.1084781
C	0.3916265	0.0870306	0.0399910	0.3755798	0.3801910	0.3894522	0.4001730	1.0087685	0.0816299
D	0.0791475	0.0591498	14.6436663	2.3078897	1.1729476	0.5431998	0.1778317	0.3979267	0.0439385
E	0.2073740	0.1071720	2.4562756	2.4429117	1.1779395	1.0222017	0.4946184	1.8153870	0.0454743
F	3.5250934	1.2709217	0.0373332	0.6484445	0.4051481	0.4755110	0.5766987	1.2432419	3.0288109
G	0.3538422	0.7772221	0.0931408	1.5030298	1.9003807	1.3006469	0.2711269	0.2034558	0.0389443
H	0.6362717	0.1113100	0.0700086	1.1196655	1.4116765	0.9292966	1.3309226	1.4207619	0.0779344
I	1.5380180	1.1853801	0.0670551	0.3986938	0.4633499	1.1367416	1.2282895	0.5144888	1.2375544
K	1.0221309	0.1353300	0.0879860	1.4211374	1.5177400	0.7026103	0.3014060	1.8025910	0.0820871
L	0.9297427	1.0597718	0.0854622	0.3627550	0.6246632	0.6493622	0.7707951	1.0721145	5.4885894
M	0.8113217	0.4149794	0.0939765	0.1902302	0.3375018	0.6083751	0.7151187	0.7214007	2.3152544
N	1.0056567	0.2846667	0.1538861	0.8105843	1.1659229	1.0710827	0.3877564	0.9614861	0.0382653
P	0.0419774	0.0934527	0.2759132	1.5858279	1.7113879	1.9531987	0.8617521	0.0811908	0.0247864
Q	0.2969877	1.1273150	0.0941876	1.2982331	1.1118528	1.0648613	0.7265681	1.4992923	0.0850440
R	0.6354553	0.0859682	0.0790638	0.7502293	1.1863304	0.8033324	0.4206288	1.6249693	0.0703208
S	1.6136902	1.9492319	0.2272188	1.1995769	1.1981505	1.0752570	1.8098774	1.1105821	0.0477978
T	1.2034373	1.6893417	0.0709507	0.7301805	0.8714182	1.4504316	2.6081467	1.3773535	0.1006842
V	1.5200393	1.3372007	0.0370490	0.4335267	0.7510084	1.5825856	2.4807452	1.0136713	2.1308919
W	0.3649359	2.1331085	0.0949876	0.8629289	0.3270758	0.2745900	0.3373839	0.7661480	0.1390997
Y	2.8061569	1.0041993	0.0434152	0.3248314	0.5060915	0.4361638	1.2099676	1.5458290	0.4398060
