##############
# C0602 PWM for 9-mers
#
# Copyright (2018) David Gfeller
##############
1.00000	1029	1
A	1.3771486	0.8970111	1.9118268	0.6355183	0.7220543	1.0103950	0.4079731	0.6404406	0.1681966
C	0.7234583	0.0805566	0.4167290	0.3986733	0.4088810	0.4348904	0.3982984	0.7131286	0.1331655
D	0.1043156	0.1496416	0.2211425	2.6704874	0.5742417	0.3094752	0.1144948	0.4048259	0.0530215
E	0.3610174	0.1478393	0.1336478	2.2108239	0.6023545	0.9445527	0.1720818	1.6545852	0.0582245
F	2.2496875	0.2133121	2.3279992	0.3396611	1.4897978	0.3009800	0.2099719	0.6111900	0.7720257
G	0.3215770	0.3711505	0.4010947	1.5507054	1.1843710	0.3325721	0.1150650	0.1868743	0.0896621
H	1.7522787	0.4824390	1.5611457	0.5455230	2.5788221	0.1055210	1.5901279	1.3446614	0.0657679
I	0.8972324	0.1262390	0.9260014	0.2564920	1.0284988	2.4981589	0.8242312	0.5258273	1.8263956
K	1.2763604	0.7301793	1.1296995	0.8140380	1.8027665	0.3983770	1.9898114	2.3761292	0.0726913
L	0.5776878	0.2547312	0.2359720	0.5332846	1.1658184	1.1291036	0.6344623	1.0038939	4.5879669
M	0.9535097	0.3433999	0.5759694	0.2933384	1.0022263	0.5223517	0.4766926	0.7352496	1.3176075
N	1.0324790	0.2217015	1.5930867	1.1235226	1.2212209	0.2958561	1.6498645	0.7661119	0.0604374
P	0.0564476	0.0555708	1.9582579	2.8896366	0.2142730	1.4294520	0.0853691	0.0588627	0.0553432
Q	1.2373664	0.7640971	0.5223510	0.9136797	1.0556113	0.9681049	3.2262631	1.7841452	0.0915266
R	1.3461161	11.9944387	0.5956063	0.3599518	1.3106087	0.4570458	5.7000046	1.9687313	0.0924748
S	1.7737902	0.7011664	1.4239621	1.1705589	0.7469170	0.5608570	0.6401198	1.1030378	0.1060636
T	1.1695190	0.6272129	0.6207018	0.5827821	0.6578288	1.4033287	0.5833829	1.1655790	0.1665448
V	0.8165921	0.2985558	0.5575509	0.3330368	0.7855623	2.8872000	0.9476692	0.8821506	3.5522395
W	0.2290966	0.1103039	0.4021592	0.6908075	1.5028067	0.1802798	0.4425307	0.4608296	0.2133314
Y	2.9514407	1.5644658	3.4398840	0.5883838	0.9611094	0.4575468	0.3481831	1.8239620	1.7403918
