##############
# C0702 PWM for 9-mers
#
# Copyright (2018) David Gfeller
##############
1.00000	554	1
A	0.9304311	0.1873487	0.9040768	0.7784648	0.7108418	1.2650209	0.4000294	0.6778029	0.2587835
C	0.4119223	0.1126379	0.4039528	0.5126399	0.5342277	0.5629454	0.5320497	0.6678487	0.1657975
D	0.1939824	0.1413059	0.4201633	2.8558937	0.5292170	0.3252672	0.5891686	0.5000407	0.1195220
E	0.2098969	0.1960359	0.3290963	1.9759808	0.5366139	0.5111938	1.1203545	2.6238502	0.1043636
F	3.4686722	0.3617074	1.2978876	0.5096215	2.6963394	1.1046818	1.9876615	0.7978627	4.4416149
G	0.3423731	0.1335593	0.7563159	1.1755226	0.6532320	0.7133338	0.2659133	0.2372373	0.1060279
H	0.9098622	0.6283157	1.2830381	0.5673509	1.3435002	0.8033237	1.3402787	0.7651525	0.3241189
I	0.8892361	0.1243258	0.4044597	0.3553959	0.6779951	1.4269549	1.4114996	1.3958210	0.4265862
K	1.2033296	1.1192495	1.3592122	0.4577139	0.6711229	0.3966682	0.3097070	0.6551969	0.1965673
L	0.5020369	0.1875321	0.5731400	0.4771942	0.9116717	0.7178243	1.0379092	0.5935275	3.3699175
M	0.8636090	0.5659943	1.1288107	0.2424339	0.4452992	0.6402369	0.9510512	0.8104268	1.9729181
N	2.0146519	0.2077297	2.1746689	1.2888931	0.9628612	0.3788374	0.6513699	0.6447738	0.1484345
P	0.0842320	0.0818175	2.8553557	3.0299272	0.7474188	1.6312213	0.3866464	0.2995856	0.0887952
Q	0.7186692	0.2706477	0.9218209	0.8970308	0.7518896	1.0717840	1.0805019	1.0904858	0.1597224
R	0.7134783	9.7736551	1.1068227	0.2700749	0.8699560	0.2214604	0.8045258	0.6010528	0.1341461
S	1.4271014	0.2540097	1.3088175	0.8462492	1.0439843	1.0455388	0.8220473	1.6356262	0.1755724
T	0.6857127	0.1932133	0.6373648	0.9715124	0.8903501	1.6364905	1.1762171	1.5839301	0.1536194
V	1.1505404	0.1702677	0.7151433	0.5449327	1.4877450	2.2212702	1.3456073	1.9871120	0.2863826
W	0.7426555	0.4835842	0.4712523	0.8928354	1.1670322	0.3369741	2.6764914	0.3194890	0.4224478
Y	4.7115169	8.7752768	1.1027875	0.5078190	3.7491185	1.6541909	3.9244028	0.7917822	9.7904828
