##############
# C0704 PWM for 9-mers
# Model trained on 187 peptides from deconvoluted human HLA peptidomics data
# Copyright (2016) David Gfeller
##############
187
A	2.4054730	2.4752098	1.3252731	1.0328021	1.1532958	1.6415821	0.4942945	0.5242031	0.5572840
C	1.0155474	1.5151896	0.9226578	0.7974587	1.3640637	1.0374716	1.0066046	0.9332232	1.0252835
D	0.3205050	0.6948371	0.5926614	2.4727822	0.4238009	0.5948183	0.2877784	0.6571391	0.2626762
E	0.2797772	0.3061672	0.6829160	1.1561503	0.5599302	0.4618105	0.2026828	1.9862888	0.1873325
F	2.7293552	0.6696906	0.7113196	0.3327919	0.8776755	1.3440123	2.2110567	1.0676093	1.8303663
G	1.1777941	1.6729611	0.7196453	1.4635142	0.8388985	0.8452126	0.2421431	0.3327528	0.4397400
H	1.0066931	1.1988517	2.7805969	0.3729836	5.0794715	0.8465799	1.0490904	0.8873243	0.5183750
I	1.0682032	0.7094532	0.7322951	0.2320320	0.5155545	1.5574292	3.0564199	1.6543616	0.9749653
K	0.6694019	0.4973423	0.4057938	0.6776686	0.8586738	0.3503994	0.3402427	0.6553687	0.4631882
L	0.7949231	0.7384479	0.4365690	0.3899929	0.6828389	0.6551756	2.0251048	0.7088270	5.2389265
M	0.6506007	1.1088908	1.5640799	0.4002708	1.8123531	1.0161980	1.4771232	0.8430237	4.6386227
N	0.9244956	0.8134007	2.2955391	1.2916629	1.0640881	0.4330721	0.2595314	0.9610053	0.2233100
P	0.1438736	0.1509422	1.0688781	2.9020689	0.2386671	1.1059317	0.1088262	0.4002646	0.1034354
Q	0.4563882	0.3044620	0.8326369	0.5159678	0.5795743	0.3840895	0.2743472	0.5317357	0.2075308
R	0.7182745	2.1636131	0.3688822	0.3505334	0.8426294	0.8132935	0.9751317	0.4208503	0.4032286
S	1.6258139	1.6060133	2.1946120	1.9423297	0.6372094	1.0842241	0.4155364	1.1013083	0.3383088
T	0.7457659	0.8654228	1.3371213	0.8612211	1.0245804	1.4665477	0.7439574	2.3556326	0.3191506
V	1.0552996	1.1706127	0.7759442	0.2430072	1.5287236	1.9812793	2.0781450	1.6162537	0.7335688
W	0.5646539	0.4225064	0.3750664	0.2839497	0.5334070	0.4160844	1.0418165	0.4274092	0.5494966
Y	2.3397228	1.1622770	0.5914338	0.2954893	2.6132453	0.9547165	2.0824553	1.0677366	1.5350065
