##############
# C0701 PWM for 9-mers
#
# Copyright (2018) David Gfeller
##############
1.00000	517	1
A	0.8860078	0.4684067	1.2453172	0.7025858	0.7845809	0.9785904	0.3677898	0.5161405	0.3862658
C	0.3966732	0.1479481	0.4186351	0.5147710	0.5374887	0.5673973	0.5322179	0.6682166	0.1898912
D	0.1845640	0.2119939	0.7820921	2.3561370	0.6462615	0.4047019	0.3312879	0.4923743	0.3105244
E	0.3083026	0.2421890	0.2374708	1.7790236	0.6445121	0.8372804	0.4453419	2.4837971	0.1115881
F	0.5301249	0.2931891	2.0577064	0.7580163	2.5134870	1.3173563	2.5670185	0.8174009	3.7266292
G	0.5270387	0.4631195	1.0760039	1.4879717	0.7916829	0.5564132	0.2233906	0.3230695	0.1402106
H	0.7870115	0.3103636	1.2078231	1.0901237	1.9539147	0.9528361	1.9060996	0.6547639	0.4500658
I	0.7287207	0.4982339	0.8205128	0.2736383	0.9562381	2.7085407	1.1384037	1.2980471	0.4482114
K	3.7532047	0.5832036	1.1105897	1.1070376	0.6786858	0.5184348	0.8345756	0.8472808	0.2090207
L	0.3378149	0.2845478	0.9757676	0.4178576	0.7438823	0.8604081	1.5044888	0.6767634	4.4831885
M	0.3546565	0.7984472	1.2254462	0.3185085	0.9830899	0.7059845	0.8282401	0.9211857	1.6081253
N	0.4191265	0.9669979	3.0624606	1.0463595	0.6915564	0.4624180	0.5410120	0.7471026	0.1555882
P	0.1040536	0.2322696	0.7202318	2.2394983	0.4106293	0.7725391	0.2173326	0.1250251	0.0672837
Q	0.6677707	0.4418472	0.6173584	1.1495274	0.9465382	0.8665500	1.0723286	1.0369102	0.1668077
R	5.2396277	9.9336073	0.6712818	0.4038806	0.6772215	0.3566082	1.9842928	0.8261616	0.2342705
S	1.3072911	1.0416785	1.1365095	1.4374070	0.5767598	0.7583645	0.6564683	1.2982207	0.1612666
T	0.7541202	1.6853899	0.5866106	0.7218350	0.9297077	1.1853748	0.6166233	1.5801051	0.1977622
V	0.5350520	0.4052828	0.5455085	0.3662519	1.5711352	2.0317153	1.1123385	2.0655550	0.6030531
W	0.1861124	0.1705543	1.0130943	0.4785996	1.3961010	1.1645684	2.2068709	0.3493697	0.8320880
Y	1.3974002	0.7019097	1.2007255	0.7598927	3.6879308	0.9211949	3.2930173	1.2531235	5.4022803
