##############
# C0802 PWM for 9-mers
#
# Copyright (2018) David Gfeller
##############
1.00000	2417	1
A	0.9656873	3.6444705	0.2050357	0.6545842	1.1579579	0.8231706	0.9367450	1.5719138	0.3088925
C	0.9346973	0.0653247	0.4737932	0.3797518	0.3839072	0.3867349	0.3854909	0.5005069	0.5076596
D	0.1350522	0.0551973	15.9973857	2.0936442	0.9713876	0.3403844	0.2988004	0.6865422	0.0245493
E	0.2082095	0.0501667	1.5895252	2.4706308	1.1117901	0.8324671	1.0741948	2.3908429	0.0333151
F	2.6414906	0.0495328	0.0270366	0.6489739	0.3678829	0.7444104	0.4192545	0.7348806	1.7020217
G	0.4572679	1.0131956	0.0566338	1.2635310	1.5106914	1.8864975	0.4476094	0.2673379	0.0356968
H	0.8769251	0.0393861	0.0502950	0.8915339	1.1578556	1.2471378	1.7632977	1.1932659	0.1356957
I	1.5004084	1.2613129	0.0430174	0.6146114	0.6723349	0.8102823	0.7281768	0.3887980	1.0797201
K	1.0042930	0.1371365	0.0686874	1.0521502	0.9375986	0.7152028	1.1944889	0.8593942	0.0406025
L	0.9680529	1.1263627	0.0368231	0.9955798	0.5038753	0.5226717	0.9667120	0.4673391	6.8432998
M	0.8026618	0.6518705	0.0674565	0.3710483	0.4696992	0.8514744	0.7021187	0.4925460	1.9809209
N	1.4869232	0.5936533	0.1340852	0.6585482	1.1194013	2.2614107	1.4916099	0.9799168	0.0551872
P	0.0376792	0.0896938	0.0288036	0.8773849	1.8983684	0.8498450	0.4201158	0.2726519	0.0382264
Q	0.3832132	1.7085396	0.0652011	1.1637833	1.2575611	1.4743381	1.6814625	1.2611055	0.0626773
R	0.5341653	0.0583023	0.0483994	0.6892275	0.6872606	0.6125580	1.4314095	0.6316409	0.0441759
S	1.8010528	2.7414745	0.2109120	1.1994899	1.6075585	1.6773709	1.5420820	2.1698466	0.0423325
T	1.0340538	1.4266456	0.0593847	0.9341286	1.1206745	1.6715277	1.6624116	1.8338310	0.1460876
V	1.7300028	1.5370744	0.0268685	0.6397334	0.9662033	0.9589736	1.2621728	1.2529524	1.2703102
W	0.2910999	0.0425191	0.0293820	0.6267012	0.1592414	0.4755043	0.4738430	0.3594643	0.1734038
Y	1.8095735	0.0479926	0.0308943	0.4758909	0.5531970	0.4946245	0.5732411	0.7081534	0.1361948
