##############
# C0801 PWM for 9-mers
#
# Copyright (2021) David Gfeller
##############
1.00000	1414
A	1.7789647	7.2711477	1.6740085	0.8784807	0.9149366	0.8202052	0.7638206	2.2172223	0.7900318
C	0.6420986	0.3047820	0.4584738	0.5492697	0.5618216	0.5604921	0.5631294	0.0776553	0.0876272
D	0.0695486	0.0832641	3.5498301	2.8654344	1.5078569	0.6768642	1.0962767	0.3253481	0.0392876
E	0.0943143	0.0783904	0.4785381	2.0529021	0.7541538	0.7504561	1.5657091	2.8485580	0.0449473
F	3.1875451	0.0735870	1.2632650	0.5387479	0.6965382	2.5286068	0.6435928	0.3656165	0.3528703
G	0.1186115	0.3866110	0.1898671	1.3876462	0.7907978	1.0051157	0.2065386	0.1556817	0.0444136
H	0.7871162	0.0669081	2.2259241	1.1792807	1.5109213	1.6678820	3.3946800	0.6783537	0.0731600
I	1.0548500	1.2330102	1.6362123	0.2604633	1.3463868	1.1550229	1.0796035	0.6557043	0.7255320
K	1.0119819	0.0973979	0.1588865	0.4664623	0.4753653	0.5932397	0.4337715	0.4676903	0.0657561
L	0.6727932	0.3249272	0.7164338	0.5081080	0.9931015	0.9765253	1.3637705	0.4224796	7.4917148
M	0.8383037	0.1597657	1.0107082	0.2700751	0.5968340	0.8137731	0.7951291	0.3507776	1.3345890
N	1.0407595	0.1549870	0.4318060	0.7655057	0.6875895	0.7309879	0.6367074	0.4168950	0.0597223
P	0.0744096	0.8163053	0.6809126	2.6813465	2.2373019	1.2145224	1.2620657	0.6049097	0.0885931
Q	0.3748575	0.4076448	0.5141717	0.8565883	0.9731951	1.0250553	1.3079829	0.9632941	0.0717326
R	0.8247734	0.0810122	0.1435074	0.4326971	0.3450625	0.6427356	0.5208353	0.3973651	0.0557043
S	1.7255239	1.6098802	1.0313984	1.0208368	0.7972116	0.9658516	0.9723282	1.9208786	0.0675665
T	0.9210408	0.8694249	0.7336776	0.7106590	1.1275979	1.2356960	1.1836945	2.0365108	0.1712500
V	1.8400734	1.1260070	1.3419883	0.4622156	1.8210308	1.0294324	1.3361242	1.8749339	1.5789275
W	0.1449803	0.0539121	0.4616169	0.6424948	0.1665530	0.4513130	0.2255144	0.1151898	0.0689868
Y	2.8978963	0.0965801	1.5222509	0.8636160	0.6349163	1.3649908	0.7390374	0.6835306	0.0943470
