##############
# C1203 PWM for 9-mers
#
# Copyright (2018) David Gfeller
##############
1.00000	1596	1
A	1.5572825	7.5671680	1.9774607	0.7923131	0.5781286	1.1595686	0.3000486	0.7126965	0.5536970
C	0.0761073	0.1052515	0.3660976	1.1201263	1.1256769	1.1433075	1.1322608	0.0759090	0.0791040
D	0.0869788	0.0694281	0.0817965	2.3672926	0.4000924	0.1915517	0.1080606	0.2128674	0.0518722
E	0.1628556	0.0843861	0.0802327	1.3467229	0.4890274	0.4404261	0.3157025	1.6447545	0.0456608
F	3.4841473	0.3755139	3.8428208	0.3687838	1.5746803	0.4883759	0.9140264	0.7907105	2.6290654
G	0.2913184	0.8407789	0.2627594	1.4662809	1.2619830	0.3811418	0.1350598	0.1910264	0.0484131
H	0.7909687	0.0582195	0.4161877	1.0360895	2.8889986	0.4989935	1.8940873	0.6283368	0.6590106
I	0.7666247	0.4143698	1.1540925	0.1801389	1.0852655	2.2268166	1.6669796	1.2563125	1.1143271
K	1.3875591	0.0848887	0.3907996	0.4130423	1.3441735	0.5058125	1.8014449	1.0832059	0.0553368
L	0.6934398	0.3513959	0.3082964	0.3669258	1.0295909	0.8490729	1.3624613	0.8467098	2.2812134
M	1.1647604	0.6544716	1.0059009	0.2437946	0.6471368	0.3687059	1.3795201	0.7688122	2.6628635
N	0.9938937	0.1766941	0.5950120	1.1405051	1.0633735	0.1856482	0.6194605	0.3675341	0.0638043
P	0.0368805	0.0694508	0.2307903	4.0217515	0.1985381	1.9995980	0.3516961	0.1177402	0.0584393
Q	0.7511151	0.8503349	0.4307408	0.8162136	0.8901784	0.8592958	1.6717854	1.6530807	0.0539913
R	0.7579327	0.0952565	0.3179183	0.2326487	1.9377226	0.6848238	2.4416001	1.1222256	0.2413430
S	1.4529927	2.0481505	1.9029451	1.4309222	0.7805656	0.6402755	0.6058165	1.2118427	0.1002773
T	0.9929873	1.6710241	1.0746887	0.7918243	0.6817134	1.3252522	0.5065775	2.2095327	0.3918155
V	1.2553929	0.5258733	1.0715460	0.3061163	0.7670400	2.8088643	1.7092981	1.7494051	2.4420004
W	0.3994633	0.2387338	0.2997764	0.5076860	1.5596281	0.2340845	1.0388676	0.4309559	1.8407939
Y	3.7035515	0.0714801	5.8377699	0.4322448	1.5689710	0.4631706	0.4604912	2.0207489	7.3786319
