##############
# C1202 PWM for 9-mers
#
# Copyright (2021) David Gfeller
##############
1.00000	1378
A	1.7592860	6.9010270	1.7472287	0.9529404	0.9416148	1.1599085	1.2150096	1.0278593	0.2990394
C	0.6450188	0.3070219	0.4370389	0.5510008	0.5592828	0.5659231	0.5693033	0.0799014	0.0656990
D	0.0864906	0.0701004	0.1271834	2.7717430	0.4241919	0.1501542	0.3180873	0.2852861	0.0463686
E	0.1323649	0.0778278	0.1100893	2.2262267	0.3020262	0.4167726	1.0580934	1.7505444	0.1178107
F	2.2306165	0.1135182	2.1551479	0.3371743	1.3665696	0.7461214	0.1949285	0.6249506	6.5217396
G	0.1512441	0.3628514	0.3026822	1.2510925	1.0057999	1.8156931	0.4984386	0.2310913	0.0471924
H	1.1039126	0.0673310	1.1085740	0.7315147	1.9637744	0.8201123	1.1571490	1.4488381	2.4363650
I	1.0375102	1.8332031	1.5705774	0.3554056	1.5598270	1.8749387	0.7938678	0.8147104	0.3342049
K	1.3527544	0.0982351	2.8924702	0.3806776	0.7623978	0.4962238	0.4710242	0.5680149	0.1127432
L	0.5823668	0.4684329	0.1846698	0.4014340	0.6211428	0.8069494	0.6809906	0.3448959	2.3950603
M	0.8297842	0.4188312	1.1738523	0.3565294	0.3840762	0.3630871	0.7987143	0.3620214	2.4093112
N	1.0270262	0.1110295	1.0773533	0.9036899	0.8160277	0.4392218	0.8830364	0.4136568	0.0608090
P	0.0780339	0.0631435	1.1110886	3.0448454	3.0389268	1.7389921	0.5946776	0.6024840	0.0357493
Q	0.3728718	0.4832023	0.5035519	0.6916222	0.6025927	0.7879099	1.7026759	0.6831110	0.0961428
R	0.8763014	0.1783075	1.5219499	0.3453824	0.6046339	0.6512102	0.7513693	0.3178789	0.0727382
S	1.7140375	1.4007412	0.8470876	1.2178331	0.8512868	1.0530805	2.6307789	2.5829364	0.0805913
T	1.1937482	1.1231053	0.4090965	0.8412104	0.9626121	1.9586175	2.1789364	2.9117562	0.0867288
V	2.0241490	1.2044057	0.9015986	0.5826965	1.4909180	1.3283076	1.5736294	2.3361659	0.6489630
W	0.1407087	0.0574655	0.2411748	0.5974293	1.1001520	0.2829968	0.5532899	0.0667194	0.1593118
Y	2.4961231	0.1236084	1.6512469	0.3871293	0.8618238	0.8476802	0.4894751	1.0462852	8.6274645
