##############
# C1204 PWM for 9-mers
#
# Copyright (2018) David Gfeller
##############
1.00000	228	1
A	1.1660408	4.7032488	1.7984874	0.8899946	1.0912691	0.8425110	1.1426317	1.1870188	0.5531667
C	0.3301466	0.4271046	0.5476629	1.1078992	1.1585355	1.1621963	1.1665222	0.3410686	0.2852304
D	0.2478648	0.2551566	0.2971143	2.6023859	0.7428132	0.6019953	0.6436817	0.6570926	0.1700846
E	0.4033375	0.2767075	0.3574431	2.0114207	0.3611864	0.6111474	1.4609967	1.6616422	0.1893763
F	2.9478393	0.5878879	1.4637315	0.2845005	0.7857366	0.8431944	0.2740944	0.8988576	5.4148150
G	0.2768771	0.7371431	0.6465422	1.4707187	1.7531944	2.9221562	0.8281526	0.8508548	0.2032579
H	1.2435887	0.2624630	0.4320812	0.4852287	0.9497621	0.4623490	1.3279138	0.9087648	0.7113720
I	1.0089242	1.2647140	1.5276408	0.5643777	1.4059059	0.9400495	0.5861180	0.7869942	0.4863122
K	0.8740247	0.3177402	2.1044278	0.3766410	0.3997216	0.5694856	0.4490643	0.4511266	0.2203769
L	0.9265486	0.6052897	0.3863812	0.3640182	0.5175912	0.6360117	0.4411588	0.4174071	2.1812024
M	0.7319647	0.5666800	0.6577880	0.5282954	0.9665844	0.3840981	0.7128718	0.5316155	2.4342403
N	0.5702542	0.2966767	1.4729324	1.4811952	1.0490839	0.5194499	1.9522597	0.9210589	0.3480258
P	0.1489403	0.1889418	0.1659293	2.6813966	2.4505329	1.1299761	0.7193935	0.3395254	0.1123269
Q	0.5001713	0.4932016	0.5545133	0.5763180	0.4779606	0.7825076	1.6163394	0.6378696	0.2194958
R	0.6606334	0.2758953	0.9795532	0.3640169	0.4395030	0.4721767	0.3602626	0.3194373	0.2360111
S	1.2076255	1.4046046	1.2455007	0.9508254	0.7330908	1.9218221	2.2417015	1.5794273	0.2900518
T	1.1942016	1.2540391	0.5388566	0.9651209	1.1156354	2.0058234	2.1562831	2.6852015	0.3745572
V	1.7900905	1.3788589	1.1669211	0.5887596	1.3827967	0.7008608	0.8582076	1.8257388	0.4407852
W	0.4865672	0.3426544	0.4087166	0.5368130	1.2306522	0.2966379	0.2743285	0.3299166	0.7686869
Y	3.7023307	2.1083736	3.1510574	0.3490467	0.9121562	1.0839515	0.8924330	1.6403906	8.1594460
