##############
# C1402 PWM for 9-mers
#
# Copyright (2018) David Gfeller
##############
1.00000	2077	1
A	1.4047953	0.0982755	0.6584694	0.9297466	0.9528186	1.9842771	0.8258504	2.1869710	0.4756212
C	0.0608770	0.2560843	0.0546874	0.4204250	0.4240906	0.4366937	0.4279657	0.0616447	0.0605857
D	0.0618519	0.0308967	0.0565797	2.2801137	0.7340566	0.2990495	0.4483914	0.6303291	0.0312863
E	0.1263268	0.0345991	0.3712608	2.2121944	0.7409582	0.4072810	1.0768049	2.4705841	0.0353767
F	2.9446200	10.0222550	1.1583821	0.7879566	0.8463381	0.7916793	0.2956340	0.5143180	4.7051768
G	0.3023460	0.0882168	0.3715040	0.9666031	1.5420499	1.4138989	0.4198282	0.4866023	0.0373245
H	1.1731755	0.1104005	1.5279357	1.0414156	1.5964919	0.7431121	1.5480115	1.1308519	1.0784842
I	1.1364060	0.0758141	1.7357527	0.4689249	0.4105825	1.1296246	0.9090759	0.2573491	0.5568945
K	0.8813839	0.0387396	0.3057298	0.6974574	1.6212275	0.6241631	1.0828367	0.3779969	0.2490592
L	0.7190732	0.1413820	0.9755798	0.3111980	0.4519526	0.5651433	1.1524705	0.1354711	3.9826033
M	0.4228881	0.3198385	1.3859840	0.1997404	1.0089980	0.6726220	0.8866969	0.2265160	3.3062595
N	1.4855710	0.0512617	1.3056948	1.3260929	1.1040155	0.7904085	1.3000761	0.8731936	0.0386620
P	0.0518556	0.0952718	2.9327027	1.8872807	0.6587056	0.4935679	0.3868569	0.4627122	0.0292266
Q	0.3348222	0.0379426	3.3684266	1.0006215	1.4585921	0.6463492	1.9742179	1.4654068	0.0764969
R	1.1610816	0.0416399	0.3494713	0.5461128	1.6491265	1.2555285	1.5762931	0.3741860	0.1533262
S	1.9671361	0.0812677	0.7371940	1.4319084	1.6946898	1.2507598	1.7766909	3.1494227	0.0901781
T	0.8735740	0.1965854	0.5051400	1.0240310	1.1943546	1.7231933	1.7842793	1.5299451	0.0971594
V	1.3996830	0.0841856	0.6152189	0.4512227	0.6284155	1.9364125	0.7961442	1.0698941	0.7762045
W	0.3954141	0.6372534	0.4211338	0.6771509	0.7728773	0.3246220	0.1863566	0.2346857	0.2390814
Y	3.1647916	16.1578888	1.6569993	0.8387693	0.9680128	0.6926866	0.3531232	0.9103262	4.7080968
