##############
# C1403 PWM for 9-mers
#
# Copyright (2021) David Gfeller
##############
1.00000	1871
A	1.4409062	0.1878726	0.5520554	1.0423206	1.0174340	1.7803639	0.9190685	2.1747159	0.2087145
C	0.0573942	0.4001664	0.0515602	0.2305211	0.2331688	0.2428781	0.2371026	0.0581507	0.0567083
D	0.0558117	0.0331051	0.1132121	2.3110215	0.5756235	0.3032004	0.3902802	0.7132976	0.0322124
E	0.1074461	0.0382396	0.2835713	2.2311529	0.6149838	0.3931942	0.9401806	2.5445049	0.0369443
F	2.7379134	9.5632173	1.3576524	0.9338639	1.1518192	0.7875416	0.2728430	0.5195093	4.7699489
G	0.2555849	0.0566670	0.2051810	0.7302585	1.0507766	0.9667465	0.2636396	0.3973283	0.0408659
H	1.4304509	0.1520505	1.7281946	0.9922337	1.6738048	0.7753030	1.4597440	1.1149418	1.0432436
I	1.2358285	0.1886634	2.0258781	0.7097569	0.7103392	1.4250991	1.1262288	0.2810615	0.6826438
K	0.8384477	0.0416345	0.2156559	0.4275883	1.2402460	0.6928346	0.8338349	0.3170224	0.0920479
L	0.7423439	0.2445340	1.1904821	0.5429687	0.5273460	0.7494117	1.2522933	0.2341806	4.2888201
M	0.5542725	0.4008522	2.2916311	0.2816721	1.9193713	0.9110183	0.9706915	0.5660741	3.8117339
N	1.2220927	0.0555464	1.0661702	1.0420189	0.9892395	0.7378159	1.4380234	0.7717838	0.0402634
P	0.0574205	0.0353753	3.6796247	2.1146598	0.8195090	0.7221307	0.3563453	0.7851454	0.0268759
Q	0.5014717	0.0426342	2.9105170	0.7455724	1.4605609	0.6308207	1.7941049	1.0981300	0.0448199
R	1.1665136	0.0424799	0.1788756	0.2910005	1.1840807	1.0199236	1.3010875	0.2550173	0.0807998
S	1.6877217	0.0984328	0.4508685	1.0228364	1.2900642	0.9526926	1.6538366	2.8568870	0.0509696
T	0.8912592	0.1072884	0.3918934	1.2455713	1.1991577	1.5081696	1.8725091	1.4738585	0.0788159
V	1.6768678	0.1807677	0.6679819	0.7326035	0.8957230	2.5503153	1.2519670	1.0976278	0.7518613
W	0.2786151	1.2673473	0.4291651	0.8299711	0.6746719	0.3797441	0.2529698	0.3439783	0.5051026
Y	3.3533284	16.1192433	2.1684654	0.9503030	1.8235927	0.6824379	0.4071954	0.9017558	4.7910675
