##############
# C1502 PWM for 9-mers
#
# Copyright (2018) David Gfeller
##############
1.00000	1912	1
A	1.4481200	1.5562540	0.6853950	0.7335573	0.7345152	0.9811842	0.2743873	0.4924963	0.2203533
C	0.0610610	0.0788285	0.9171728	0.0551712	0.0583640	0.0666594	0.0675771	1.7271493	0.0817822
D	0.0662148	0.0742895	1.0347828	2.2410556	0.3171565	0.2517212	0.0547777	0.1811284	0.0312371
E	0.1145510	0.0665705	0.3146184	1.5942885	0.5052073	0.4994123	0.1715018	2.4950005	0.0342439
F	2.1949214	0.0554249	1.3445017	0.5027732	1.3737065	2.3912475	0.4656710	1.2453880	0.7223677
G	0.3830034	0.5237181	0.3425142	1.6461691	0.9418268	0.4878219	0.0934924	0.2794147	0.0365771
H	0.9834134	0.0546365	0.5773895	0.7605693	3.0749920	1.1052788	1.7927983	0.7584477	0.0320851
I	0.9007359	1.1390265	1.8063350	0.4322651	0.9546953	1.9625993	0.9072513	0.6243600	1.2428633
K	2.8247046	0.0829943	0.3457401	1.0848498	1.8959698	0.4174154	0.5636262	1.5023353	0.0421320
L	0.4575521	0.4370515	0.8692380	0.3424671	0.6323694	1.1467377	4.8513833	1.2666938	3.7836640
M	0.5547112	0.4682768	1.2683778	0.2788429	0.4493081	1.1681211	1.1681494	0.9976814	1.2005154
N	0.3337537	1.8705788	4.0084130	0.6549757	0.7816354	0.5610473	0.5001249	0.4448493	0.0580126
P	0.0417387	0.0806456	0.0478051	2.8227988	0.4928309	1.5444935	0.2169488	0.0407468	0.0242661
Q	0.5124304	0.7661281	0.8758255	0.7475450	1.2321925	0.9413468	1.1697840	1.8008865	0.0527767
R	2.6482310	0.0761031	0.3034147	0.4095007	1.4637919	0.3871190	1.5372272	1.1917775	0.0623211
S	1.4681097	5.8456225	1.5683024	1.5953529	0.8891306	0.7697099	0.5228933	0.7047474	0.0474710
T	0.9496461	3.2017678	1.5118817	0.8311445	1.0015386	1.0852195	0.7072747	1.4530213	0.1016026
V	1.0048800	0.9899832	0.6994131	0.6056593	1.3731423	1.6757496	0.9893535	1.0304542	5.9796127
W	0.4676060	0.0508799	0.3110132	0.8793661	1.6775586	0.6040717	0.1612520	0.2121412	0.1113503
Y	2.3467638	0.0580541	2.0144664	0.5086071	1.2348606	0.7052470	0.3438251	1.8417780	0.3913824
