##############
# C1601 PWM for 9-mers
#
# Copyright (2021) David Gfeller
##############
0.19294	831
A	1.6773002	6.1563183	3.2026252	0.8904079	1.1731725	0.4084943	0.8706229	2.7898227	0.3769838
C	0.6619639	0.3536082	0.4843953	0.5647045	0.5754361	0.5497255	0.5763468	0.1246761	0.1142476
D	0.1210794	0.1160912	0.1248997	2.0464855	0.6737407	0.1467290	0.5769409	0.3963043	0.0672348
E	0.1242214	0.1258524	0.2527642	1.9217605	0.6913173	0.2101061	1.0613164	2.7453804	0.1280739
F	4.4102173	0.8907540	0.6655109	0.8944824	0.6423998	0.2759423	0.6617867	0.4493613	4.5945531
G	0.1834236	0.7082658	0.4131347	0.7860235	1.6429364	1.0196528	0.4203530	0.3161166	0.0704227
H	1.0825963	0.1108313	0.4451404	0.3245329	0.8159372	2.5613071	1.6836320	0.1686156	0.3707918
I	0.8805001	0.6899942	0.8558618	0.5335046	0.5967400	0.2367410	0.6456290	0.4858252	0.5523349
K	0.6059915	0.1385346	0.8140565	0.4996984	0.3864439	2.8222281	0.3580332	0.1566094	0.2615061
L	0.6942084	0.5870495	0.3242594	0.5975174	0.8035184	0.5641306	0.9671619	0.2650081	3.6036004
M	1.3760407	0.7282885	2.2047134	0.8152416	0.6610669	0.2712690	0.5902365	0.6651148	4.1577850
N	0.9060771	0.1629511	0.8405558	0.7960127	0.7781630	0.7848005	0.4208854	0.3657780	0.1061277
P	0.1138671	0.0988209	0.8857160	3.5599894	3.9923385	0.5976360	4.3179156	1.6245035	0.0766255
Q	0.4560918	0.6072768	1.0114371	0.7481233	1.2179411	0.8233324	1.1511542	0.7421958	0.1473167
R	0.5459517	0.1128076	1.0624519	0.4223125	0.2269566	6.2628005	0.3624806	0.1244191	0.3211422
S	1.2536733	2.2809058	2.2646272	0.7176490	1.0701062	0.4134442	0.8052053	2.2367981	0.0916891
T	0.8454258	1.4681378	1.1103955	1.1429886	0.4790059	0.6366503	1.2847231	1.0929936	0.1624701
V	1.5781526	0.5265637	0.9029101	0.6724551	1.4584567	0.4961715	1.5339281	1.7672700	1.1499203
W	0.2539138	0.1829202	0.1900537	0.7832435	0.5174774	0.0917490	0.1817801	0.0930056	0.4544021
Y	3.7643793	0.1707688	1.1211854	0.8946780	0.4058256	0.2408941	1.1170619	0.7945621	4.7952659
