##############
# C1601 PWM for 9-mers
#
# Copyright (2018) David Gfeller
##############
0.21016	732	1
A	1.3600497	5.6442074	3.4004120	1.0523751	1.0322771	0.3853496	0.7312602	2.8014082	0.4752889
C	0.7419360	0.3612584	0.5221289	0.6389585	0.6497494	0.6186611	0.6473333	0.1592866	0.1497600
D	0.1619306	0.1360324	0.1459697	2.1199809	0.9146118	0.8456289	0.8429614	0.4063495	0.0755402
E	0.2307020	0.1795696	0.2482010	1.7975595	0.9273424	0.4637201	1.2448331	2.6672486	0.1416936
F	4.2899197	0.7455850	0.4934092	0.7855589	0.4964392	0.2367074	0.7921654	0.3421843	3.9353876
G	0.1696849	0.8035942	0.4938982	1.1899761	1.8267285	1.1021797	0.5170257	0.5003603	0.0897991
H	1.4974990	0.1112080	0.4930764	0.5678788	0.7153928	2.0494331	2.3870496	0.2108760	0.3341659
I	0.8593288	0.3777368	0.9002132	0.3530592	0.5125820	0.2159664	0.6462687	0.5339791	0.5662429
K	0.6008915	0.1609760	0.8615954	0.7710189	0.6419841	2.7145990	0.4120166	0.3170423	0.2597113
L	0.6857702	0.2872013	0.3372776	0.4017573	0.7174941	0.3809309	0.8169817	0.2072003	3.7176300
M	1.4864190	0.5177872	1.8667641	0.9294994	0.6576106	0.5938316	0.4312661	0.5193686	4.6471919
N	1.0475954	0.1839658	1.1690272	0.9049835	0.9658704	0.7074569	0.4800174	0.4655665	0.0908362
P	0.1060963	1.9851020	0.1658213	2.7921772	3.3085197	0.4135917	3.3104134	1.3107197	0.0527278
Q	0.4187543	0.5524229	1.3825829	0.9169184	1.2402922	0.7410250	1.4470179	0.9357071	0.1621301
R	0.7284934	0.1344594	1.0398860	0.5193692	0.2602017	6.7260475	0.2603508	0.2224542	0.2493843
S	1.0990625	2.5113472	2.4180740	0.9205748	1.2280944	0.6651397	0.6773386	2.1814889	0.1093859
T	0.9851831	1.3094114	1.2484720	1.1113780	0.5689157	0.6386117	1.0678767	1.0919306	0.1568231
V	1.1855853	0.4631213	0.9243581	0.4267935	0.9933303	0.2276948	1.2298525	1.5836607	0.8896690
W	0.4682927	0.3571436	0.1355042	0.4727297	0.3502834	0.5922637	0.3721029	0.1238054	0.8498984
Y	4.0974334	0.1416581	0.9783195	0.7245094	0.5649076	0.2257757	1.4568257	0.8066530	4.8352088
