##############
# C1601 PWM for 9-mers
#
# Copyright (2018) David Gfeller
##############
0.29280	980	1
A	1.4988104	5.3365745	1.8871892	0.6956706	0.1130340	1.1164169	0.5916384	2.4433421	0.2751575
C	0.7282974	0.3265994	0.4811242	0.6439698	0.5957894	0.6445086	0.6446534	0.1231498	0.1015482
D	0.1014984	0.1136650	0.2359042	0.7966792	0.1622909	1.0309404	0.6094621	0.6741655	0.0580717
E	0.2771223	0.1581736	0.1461780	2.1269277	0.1833412	1.3012629	1.3082456	2.2051901	0.0661364
F	2.3882203	1.6589477	2.1379923	0.9902728	0.2141927	0.8417084	1.1169472	0.6100004	6.7588614
G	0.2732929	0.7777020	0.7847103	0.3502427	0.1118259	0.8451271	0.1376811	0.4260522	0.0695217
H	0.9415472	0.1283794	1.5684727	0.6539267	1.0505971	0.4699032	1.0585241	0.5815002	0.4585447
I	1.0376546	0.3193053	0.5170734	1.2240256	0.0625331	1.0782571	1.7314044	0.1869129	0.2717566
K	1.1384373	0.1423665	0.3839186	0.3333514	2.7076630	1.0061357	0.2499144	0.4051932	0.0766320
L	0.6912835	0.5465455	0.5178237	1.8624929	0.1031671	1.1401508	1.2982933	0.2445705	2.1404215
M	0.8533701	1.0499456	1.3436170	0.6886331	0.2692816	0.4292224	0.4967664	0.2475745	2.3758784
N	1.2932030	0.9839160	1.4497598	0.6569402	0.4456321	1.0898447	0.7956021	0.8024464	0.0739599
P	0.0717525	0.0708879	0.0765543	0.3146994	0.0732897	1.4400610	0.1902410	0.5638595	0.0391642
Q	0.5406573	0.6697177	1.7468655	1.2045282	0.5451327	0.8055438	1.3499142	1.1482480	0.0762205
R	0.9525260	0.1111155	0.2462016	0.1671785	13.2151601	0.4987183	0.1440503	0.1300541	0.0828008
S	1.4953171	3.4503795	2.1233425	1.1836055	0.1913383	1.1636708	0.7990292	3.3406932	0.0832690
T	0.9582871	0.7795918	2.0207743	0.9077712	0.1147485	1.3300682	1.3169464	1.8147611	0.0962892
V	1.4904785	0.4736114	0.7516814	1.5288388	0.0722862	0.8753260	1.9115979	0.7870989	0.5477162
W	0.2472094	0.2947205	0.5057105	1.2063248	0.0963198	0.8318164	2.8549183	0.2949968	0.7473969
Y	3.5953586	0.3212818	2.4118780	1.4641888	0.1097543	0.6988569	2.9291173	1.5555164	10.5602906
