##############
# C1701 PWM for 9-mers
#
# Copyright (2018) David Gfeller
##############
1.00000	435	1
A	1.0507337	5.8959489	1.4346859	0.9136502	0.7279108	1.0838100	0.7685239	0.2644282	0.2238723
C	0.7673691	0.4518348	0.5577921	0.6665749	0.6808110	0.7151228	0.7384521	0.1775258	0.2512691
D	0.1555763	0.2196685	0.9880648	1.4236377	0.5912833	0.3422467	0.2837678	0.4425378	0.0948722
E	0.1848634	0.2032637	0.1912807	0.8901159	0.5246172	0.6212386	0.5716237	1.1775706	0.1055199
F	5.5573234	0.2028260	1.5167505	0.4015816	1.2622852	1.1941263	0.2932980	2.6161546	0.7282635
G	0.9802557	0.9839555	0.3291399	2.3626811	1.8537999	0.4495365	0.3654315	0.2879373	0.1107169
H	0.5272564	0.1645456	0.3915028	0.4973076	2.0989332	0.5749754	0.5142987	1.2922000	0.1113043
I	0.5554883	0.7699275	2.4234588	0.2487970	0.7909580	2.0287449	2.2797117	0.4468596	0.8043207
K	0.4146182	0.2301319	0.3220832	0.9679277	0.9673096	0.3141078	0.3503515	1.1132931	0.1376519
L	0.7268969	0.8838872	1.1523757	0.3190409	0.7835982	1.1850824	1.7475002	1.7108817	7.9854751
M	0.5324731	0.9674379	1.0259682	0.2744694	0.4294841	0.7200754	1.0572875	1.3737755	1.0396114
N	0.3593848	0.2957740	0.3892764	0.9334205	0.9954474	0.3030673	0.3741983	0.8778734	0.1488213
P	0.1556872	0.1325731	0.3486041	3.0941975	0.2628374	2.3251565	0.2643671	0.0939027	0.0743772
Q	0.2115370	0.9944294	0.2109690	0.9339291	0.8439274	0.6993472	0.7146314	1.0749321	0.1326526
R	0.4559732	0.1982507	0.1676750	1.0374702	1.9190713	0.3161982	0.2609674	1.8005623	0.1867468
S	1.8506752	1.6440152	0.6200744	1.4991366	1.3018766	0.5963982	1.4510806	0.5532520	0.1328453
T	0.5553779	0.9426726	0.9438234	1.0790268	1.0441307	1.0457834	2.9401200	0.5027331	0.2325561
V	1.1020086	0.9175161	1.5140822	0.2565616	1.1100263	2.2084363	1.8476399	0.6454730	0.4780720
W	1.5023864	0.1849112	0.3270400	0.5368521	1.1523600	0.3779937	0.3753447	2.5883248	0.2232541
Y	4.7532223	0.6227444	5.2856835	0.6618628	1.1106107	0.6049416	0.3977225	3.9876093	0.2514202
