##############
# G0104 PWM for 9-mers
#
# Copyright (2021) David Gfeller
##############
0.48867	302
A	0.4864811	0.6460267	0.3936274	1.2973542	0.7956929	1.3055793	0.7279290	0.7036178	0.2396676
C	0.6580088	0.4081152	0.4859043	0.6236230	0.6178329	0.6392355	0.6741976	0.2168529	0.2715937
D	0.2585955	0.2077563	0.2309406	1.1354331	0.7083768	0.3545061	0.1903215	0.6529239	0.1156225
E	0.3445121	0.2335420	0.2356376	1.1844181	1.5062326	0.3905948	0.3344326	1.7382557	0.1327175
F	0.2114112	2.8542816	0.1281179	0.4755467	0.9419339	1.7994676	1.1898424	0.4285443	0.9302890
G	0.2934420	0.6763625	0.2045560	0.8736794	0.7339959	0.4302688	0.2503007	0.3517447	0.1210041
H	1.2922311	1.1759644	0.2846977	1.4722752	2.8417863	0.3882088	0.5635071	1.5592257	0.1543593
I	0.4916695	1.1366020	0.2190260	0.4293567	0.9591379	0.5387501	2.3896742	0.9565248	0.9290121
K	3.7288302	0.3160285	0.2734232	1.4611459	1.0796143	1.3857713	0.2159247	1.5466328	0.1666351
L	0.4680708	1.7619439	0.1593814	0.5799012	0.6708393	0.4934451	1.7671031	1.4656862	7.4486017
M	1.0356724	1.3677020	0.1802958	0.5685941	0.7008650	0.4994747	0.4974112	0.7763345	1.2765217
N	0.4074733	0.4301746	0.2161114	1.1529903	0.7091772	1.3442169	0.8518823	0.4130367	0.1331356
P	0.1751125	0.1451513	14.9455821	2.2587301	0.8220406	2.1694085	1.3922092	0.2148045	0.1098513
Q	0.5521302	1.2828181	0.2162349	1.0849497	1.5435521	0.8232525	0.3767941	1.3923730	0.1682170
R	5.3708667	1.0994781	0.2750324	0.7859967	0.8631335	1.2582748	0.2761298	1.1908160	0.1758561
S	1.2624874	1.7077580	0.2762387	1.0655423	1.1030474	1.3774539	0.5580956	0.8508742	0.1546403
T	0.7847698	0.9619384	0.2762751	1.0502776	1.2071057	1.3280248	1.1686770	1.1743985	0.2567351
V	0.7327468	1.1805649	0.2287463	0.6854421	0.8599635	0.7856897	3.1990433	1.5562693	0.8185127
W	0.1877786	0.4998997	0.0868879	0.4039663	1.0767472	0.8961563	0.4332119	1.0689258	0.2346338
Y	0.4204846	1.9422245	0.1781409	0.9918309	1.5400700	2.2058661	1.1934289	1.1062038	0.3221861
