##############
# G0101 PWM for 9-mers
#
# Copyright (2018) David Gfeller
##############
0.51338	1036	1
A	0.5671449	0.6399051	0.1300380	1.3439223	0.9128993	1.2140871	0.5978885	0.5552487	0.1144055
C	0.7049671	0.2860584	0.4446788	0.6309277	0.6311716	0.6378890	0.6532392	0.1023021	0.1277762
D	0.1054353	0.0849905	0.0949874	1.5639342	1.0413159	0.1849773	0.1094346	0.7300739	0.0492274
E	0.1504921	0.1657615	0.1228781	1.2945354	1.1537252	0.2607546	0.2163430	1.7641444	0.0829001
F	0.1852191	2.3683932	0.1133314	0.5032642	1.1337866	1.6709051	1.4309250	1.0599287	1.0721665
G	0.2997026	0.8435533	0.0931567	0.8089332	1.1234260	0.7315420	0.1225149	0.3487594	0.0571953
H	1.1820694	1.2433341	0.0714516	0.9517208	1.7083413	1.1920921	0.8080064	1.0753758	0.0884344
I	0.6203469	1.5517570	0.2809128	0.3589556	0.7386430	0.6696863	2.2906196	0.8817245	0.5995997
K	4.7406271	0.3182453	0.2411470	1.6904008	1.2031106	1.3465242	0.1632045	1.2196167	0.0716720
L	0.6278078	1.7182399	0.0724127	0.4746579	0.9087004	0.5753213	2.0722457	1.6913596	8.4001639
M	1.1547584	1.9092215	0.3365585	0.6714248	0.5075280	0.5794428	0.8324698	0.7646725	1.4350112
N	0.2749927	0.2842155	0.0874659	1.0704369	1.0601565	0.9324899	0.6765349	0.5577678	0.0558508
P	0.1178193	0.0493910	14.1296055	1.2192380	0.5769627	1.4648449	1.0892353	0.0685427	0.0380492
Q	0.5724885	1.7830067	0.1086098	1.1046846	0.9841625	0.8694165	0.7274692	1.8204779	0.0691320
R	5.0026780	1.1760017	0.0848495	1.3557462	1.0376916	1.1918236	0.2058980	1.3075146	0.1634559
S	1.1914882	1.3926454	0.1185094	1.4066906	1.3378842	1.3723247	0.3711791	0.6601285	0.0686692
T	0.6278889	0.8184881	0.1116091	1.0268371	1.1770008	1.4827808	1.0814542	0.9937741	0.1029148
V	0.8364843	1.0487331	0.3316749	0.7239690	0.6922398	0.7527557	2.5509635	1.4231056	0.4082384
W	0.0921649	0.8286335	0.0457871	1.1245392	1.5688467	1.5957085	1.4921427	0.9817504	0.1188535
Y	0.1948918	1.9835531	0.1321265	0.5417814	1.1090370	2.6247149	1.1786334	1.1777234	0.1669886
