##############
# G0103 PWM for 9-mers
#
# Copyright (2021) David Gfeller
##############
0.56559	332
A	0.5755075	0.6838378	0.2861601	1.5819394	0.7560730	1.4594415	0.6008285	0.5456464	0.2253980
C	0.6613024	0.3950066	0.4874631	0.6190681	0.6116141	0.6338938	0.6594170	0.1957373	0.2555635
D	0.2468223	0.1938186	0.2137546	1.9599794	0.5972284	0.2882925	0.1914375	0.5856764	0.1090210
E	0.3283075	0.2252059	0.2160637	1.1259454	1.5649558	0.3027665	0.2589620	2.0294018	0.1251342
F	0.1944264	2.4080396	0.1435714	0.5835141	1.0216931	1.4702866	0.9327108	0.5428358	1.0357604
G	0.2797226	0.6243466	0.1873884	0.8911364	1.0021685	0.5107615	0.3071850	0.4307807	0.1142552
H	1.3619700	1.5300156	0.5182298	1.2780160	3.3465498	1.0661604	0.8736995	1.6375932	0.1463293
I	0.4804286	1.3589793	0.8078980	0.3231627	0.6597084	0.4598292	2.2123056	0.8777489	0.8376566
K	4.3177022	0.4647109	0.2481567	1.5026044	1.4378696	1.6295995	0.2861689	1.4447072	0.1569006
L	0.4430044	1.6729565	0.1837604	0.4402438	0.4236699	0.4051104	1.5655284	1.0372557	7.5892362
M	0.9760010	1.2853812	0.1985094	0.5211597	0.8075345	0.2872569	0.6165161	1.0518852	1.2006581
N	0.3821745	0.4479669	0.2533102	1.1993188	1.0396337	1.2677322	1.1126856	0.5530474	0.1256541
P	0.1692034	0.1359432	13.9384499	1.6651213	0.8190926	1.9257857	1.7585474	0.2029924	0.1034031
Q	0.5689138	1.5778408	0.2003784	1.0707016	1.4134511	0.8392445	0.6320691	1.7078915	0.1582901
R	4.4568377	0.7916735	0.1759872	0.6942450	0.5859583	1.3168802	0.3122104	1.6915942	0.1658319
S	1.1917000	1.4013028	0.3485433	1.2028744	1.1533091	1.3328866	0.5960903	0.7401761	0.1457372
T	0.9768313	0.7344180	0.2657040	0.9885050	1.4209307	1.1652226	1.1777054	1.1812241	0.2413529
V	0.9448270	1.4009370	0.5118833	0.6961711	0.7169102	0.7937269	3.1004162	1.6634568	0.7667549
W	0.1717012	0.4784477	0.0918422	0.1692666	0.8004404	1.0420322	0.2032947	0.2004999	0.2236832
Y	0.2477712	2.6932336	0.2545317	0.5447456	1.2253727	2.6001739	1.1788886	0.9563812	0.3100145
