##############
# G0101 PWM for 9-mers
#
# Copyright (2018) David Gfeller
##############
0.48662	982	1
A	0.6431196	0.3413245	1.3961634	1.0916108	0.5449672	1.7260685	0.6879774	0.6343407	0.1319595
C	0.7008214	0.3049341	0.4976313	0.6275825	0.6224484	0.6380614	0.6636547	0.1071589	0.1340018
D	0.1196357	0.0795506	0.3989199	1.2867858	1.7986518	0.1473653	0.1239801	0.7732069	0.0511841
E	0.3279473	0.1229670	0.2554600	1.1640540	1.6439695	0.2124824	0.1478073	1.7798870	0.0720190
F	0.2471307	0.4268369	0.3232611	0.3968158	0.6024020	0.6162429	1.0557280	1.0606715	0.9166599
G	0.2601531	0.3040389	0.3627940	0.9748813	1.4320946	1.6567879	0.0938090	0.2967705	0.0747603
H	0.9071607	0.0735696	0.2855568	0.8378292	0.9130100	1.4573116	0.3494213	0.8813243	0.0608292
I	0.4806547	4.5703745	4.8264864	0.6401701	0.3581737	0.4145221	3.2297281	0.9768773	0.5378624
K	6.4805502	0.5934253	0.1406164	2.3414947	1.7971422	3.1662573	0.1798515	1.3859049	0.1046874
L	0.4479572	2.3134191	0.8289195	0.6352458	0.6274301	0.5279622	2.7437092	1.4748210	8.6429524
M	0.4402551	1.8534290	0.4844265	0.2478535	0.9680798	0.3636468	0.8987516	0.9465527	1.0461046
N	0.4375084	0.7535565	0.8824842	0.9880616	1.3504211	0.6964212	0.3495466	0.9665049	0.0581424
P	0.1418996	0.3089835	0.2053988	2.1845344	0.7136018	1.4523524	0.7648672	0.1198246	0.0398894
Q	0.6559612	0.6762414	0.2449710	1.4194177	1.1359643	0.5902819	0.6228640	1.7744381	0.0719219
R	4.0543659	0.2922997	0.1573731	0.8238837	1.2973875	1.4053913	0.1400814	1.1431513	0.1358644
S	1.0485677	0.5784628	0.8278648	0.9519665	0.9646408	1.0064594	0.3524363	0.8912723	0.0717915
T	0.5256647	1.2737995	1.2485751	0.8042129	0.8673103	1.0240586	0.8218419	1.2778406	0.1404548
V	0.5756034	1.4136662	2.6197545	0.5498016	0.5078093	0.5996349	2.2074269	1.1022017	0.3217741
W	0.1843183	0.1067752	0.0966380	0.5394270	1.1021314	0.7369489	0.4786987	0.4781141	0.1227364
Y	0.2016498	0.4552635	0.1767309	0.2890461	1.4127280	0.8169651	0.8641566	0.8341650	0.1409456
