##############
# G0104 PWM for 9-mers
#
# Copyright (2021) David Gfeller
##############
0.51133	316
A	0.5898624	0.5206230	1.1250304	1.2344169	0.6521734	1.4340107	0.6533136	0.6178651	0.2299897
C	0.6496345	0.4329128	0.5790249	0.6075112	0.5948815	0.6192849	0.6784966	0.2012129	0.2597051
D	0.3196269	0.1795963	0.2161723	1.4381474	2.1494673	0.2537592	0.1428095	0.9324152	0.1136933
E	0.5468001	0.2527782	0.2068224	1.2736436	2.1907329	0.3327196	0.1879153	2.0673637	0.1298762
F	0.1812675	0.5415583	0.4829185	0.4355457	0.4398963	0.6307404	1.4794616	0.7772732	1.5812426
G	0.2953055	0.4098904	0.2112396	0.5844940	1.0903409	1.4045462	0.1462001	0.3107001	0.1190318
H	1.1664461	0.1820903	0.1601286	0.7050503	0.8351676	1.9403870	0.4291847	0.8060667	0.1560360
I	0.4512724	4.9677297	4.8070515	0.7077034	0.2359983	0.4441963	3.4753875	1.1923450	0.9550841
K	5.2009997	0.4337547	0.2032893	2.7479915	2.0059783	3.2754011	0.1800903	1.9234488	0.1634568
L	0.3343400	2.0263314	0.7335993	0.6344835	0.5666248	0.4899843	2.7958896	0.9778289	7.1587564
M	0.3725973	1.6185423	0.4599801	0.2951671	0.7170435	0.3756664	1.3762992	0.7221634	1.6682045
N	0.5613125	0.7280767	0.3416755	0.7440886	1.7488537	0.6347349	0.2124844	0.9983413	0.1316614
P	0.2281524	0.2303962	2.5111059	1.9605964	0.6137968	1.2948521	0.7505544	0.1630840	0.1059946
Q	0.9442239	0.7638136	0.1837431	1.2929670	1.2259256	0.5095240	0.3394584	1.0939132	0.1641952
R	4.0941087	0.3638962	0.2491062	0.9361263	1.0168906	1.5409528	0.1669639	1.4682760	0.2130835
S	1.0397384	0.5999366	0.5744952	0.7851079	0.9310193	0.8330400	0.2972346	0.6385978	0.1514744
T	0.6774628	1.2270097	0.8589358	0.7561921	0.6774565	1.2125844	0.5382819	1.3082824	0.2470306
V	0.6294111	1.7126314	3.1252227	0.6724229	0.4955450	0.5977510	2.6886116	1.4724932	0.6568451
W	0.1726983	0.1968150	0.1692506	0.1719838	0.7977020	0.1990250	0.6271729	0.1980415	0.2403734
Y	0.2476163	0.4301999	0.3330968	0.5489836	0.6362646	1.0528788	0.7200038	0.6696738	0.3461221
