##############
# G0103 PWM for 9-mers
#
# Copyright (2021) David Gfeller
##############
0.43441	255
A	0.9382882	0.4326137	1.4519152	0.7430394	0.8595019	0.7586211	0.9819625	0.7110543	0.2975420
C	0.6724302	0.4631361	0.6044539	0.6030223	0.6093621	0.6022671	0.6969540	0.2251893	0.2978200
D	0.3181133	0.2128780	0.2131218	1.4467104	2.0221327	0.3627908	0.2379286	1.0826311	0.1295798
E	0.5852101	0.2496369	0.2474876	1.5665892	1.8462665	0.3893751	0.2041198	1.5232268	0.1486303
F	0.2095098	0.6028887	0.3956592	0.2366810	0.3941860	0.2744693	1.3458933	0.6365863	1.1075702
G	0.3561259	0.4823479	0.2624054	0.8385705	0.9495026	1.1007609	0.1932106	0.2872324	0.1363405
H	0.8458393	0.2056134	0.1908573	0.9324993	0.5563936	2.1634300	0.5160552	0.7441040	0.1762328
I	0.3710590	4.6833353	3.9445845	0.6654133	0.5798018	0.3844828	3.1826832	0.8629945	1.0931094
K	4.8889787	0.4961770	0.2403478	2.6916740	2.0582588	5.0349858	0.2745775	2.1952335	0.1870717
L	0.3293883	1.5655162	0.6883481	0.6071027	0.4117471	0.3716200	1.7685014	0.9419818	6.9176807
M	0.3249604	2.1395918	0.4850244	0.3194215	0.5115260	0.4091618	1.7003172	1.0157697	2.4307270
N	0.6416047	0.9181532	0.7131392	0.9298265	1.7099388	0.7030381	0.2114585	1.2367179	0.1496184
P	0.2674828	0.2114702	3.0252891	2.2748709	0.6048860	1.0725791	1.6702126	0.1893903	0.1217396
Q	1.2584728	0.7529045	0.2177300	1.3738065	1.1372499	0.6487915	0.6710402	1.3913089	0.1908193
R	3.0343704	0.2255022	0.1959829	0.7506173	1.1265453	1.8010575	0.2067382	1.4872519	0.1964327
S	1.4006866	0.5126188	0.5340185	0.5523291	1.1420070	0.7222054	0.5341544	0.7474658	0.1744340
T	0.6099740	1.7629687	0.9487495	0.9523885	0.4993017	1.3412956	0.7798438	1.4667104	0.2831002
V	0.8809745	2.0378386	2.8572216	0.5636379	0.7062400	0.4602057	2.3879521	1.0950650	0.6441265
W	0.1963101	0.2176398	0.1814329	0.1934811	0.2172025	0.1932197	0.7240765	0.4757039	0.2637155
Y	0.3656544	0.3100412	0.2770556	0.7132444	1.1785753	0.2959051	0.6377959	0.9507497	0.3647839
