Allele	8	9	10	11	12	13	14
A0101	1	1	1	1	1	1	1
A0201	1	1	1	1	1	1	1
A0202	1	1	1	1	1	1	1
A0203	1	1	1	1	1	1	1
A0204	1	1	1	1	1	1	1
A0205	1	1	1	1	1	1	1
A0206	1	1	1	1	1	1	1
A0207	1	2	1	1	1	1	1
A0211	1	1	1	1	1	1	1
A0220	1	1	1	1	1	1	1
A0252	1	1	1	1	1	1	1
A0301	1	2	2	1	1	1	1
A0302	1	1	1	1	1	1	1
A1101	1	1	1	1	1	1	1
A1102	1	1	1	1	1	1	1
A2301	1	1	1	1	1	1	1
A2402	1	1	1	1	1	1	1
A2407	1	2	1	1	1	1	1
A2501	1	1	1	1	1	1	1
A2601	1	1	1	1	1	1	1
A2608	1	1	1	1	1	1	1
A2902	1	1	1	1	1	1	1
A3001	1	2	2	1	1	1	1
A3002	1	1	1	1	1	1	1
A3101	1	1	1	1	1	1	1
A3201	1	1	1	1	1	1	1
A3301	1	1	1	1	1	1	1
A3303	1	1	1	1	1	1	1
A3401	1	2	2	1	1	1	1
A3402	1	2	2	1	1	1	1
A3601	1	1	1	1	1	1	1
A6601	1	1	1	1	1	1	1
A6801	1	2	2	1	1	1	1
A6802	1	2	1	1	1	1	1
A6901	1	1	1	1	1	1	1
A7401	1	1	1	1	1	1	1
B0702	1	4	2	2	1	1	1
B0704	1	4	1	1	1	1	1
B0801	1	2	1	1	1	1	1
B1301	1	1	1	1	1	1	1
B1302	1	1	1	1	1	1	1
B1401	1	1	1	1	1	1	1
B1402	1	2	1	1	1	1	1
B1501	1	1	1	1	1	1	1
B1502	1	1	1	1	1	1	1
B1503	1	1	1	1	1	1	1
B1510	1	1	1	1	1	1	1
B1511	1	1	1	1	1	1	1
B1513	1	1	1	1	1	1	1
B1517	1	1	1	1	1	1	1
B1518	1	1	1	1	1	1	1
B1801	1	1	1	1	1	1	1
B1803	1	1	1	1	1	1	1
B1805	1	1	1	1	1	1	1
B2704	1	1	1	1	1	1	1
B2705	1	1	1	1	1	1	1
B2709	1	1	1	1	1	1	1
B3501	1	1	1	1	1	1	1
B3502	1	1	1	1	1	1	1
B3503	1	1	1	1	1	1	1
B3507	1	1	1	1	1	1	1
B3508	1	2	1	1	1	1	1
B3701	1	1	1	1	1	1	1
B3801	1	1	1	1	1	1	1
B3802	1	1	1	1	1	1	1
B3901	1	1	1	1	1	1	1
B3905	1	1	1	1	1	1	1
B3906	1	1	1	1	1	1	1
B3924	1	1	1	1	1	1	1
B4001	1	1	1	1	1	1	1
B4002	1	1	1	1	1	1	1
B4006	1	1	1	1	1	1	1
B4032	1	1	1	1	1	1	1
B4101	1	1	1	1	1	1	1
B4201	1	1	1	1	1	1	1
B4402	1	2	1	1	1	1	1
B4403	1	2	1	1	1	1	1
B4405	1	1	1	1	1	1	1
B4501	1	1	1	1	1	1	1
B4601	1	1	1	1	1	1	1
B4701	1	1	1	1	1	1	1
B4801	1	1	1	1	1	1	1
B4901	1	1	1	1	1	1	1
B5001	1	1	1	1	1	1	1
B5101	2	2	1	1	1	1	1
B5108	1	2	1	1	1	1	1
B5201	1	1	1	1	1	1	1
B5301	1	1	1	1	1	1	1
B5401	1	1	1	1	1	1	1
B5501	1	1	1	1	1	1	1
B5502	1	1	1	1	1	1	1
B5601	1	1	1	1	1	1	1
B5701	1	2	1	1	1	1	1
B5703	1	1	1	1	1	1	1
B5801	1	1	1	1	1	1	1
B5802	1	1	1	1	1	1	1
B6701	1	1	1	1	1	1	1
B7301	1	1	1	1	1	1	1
B8101	1	1	1	1	1	1	1
BoLA-102301	1	1	1	1	1	1	1
BoLA-201201	1	1	1	1	1	1	1
BoLA-202501	1	1	1	1	1	1	1
BoLA-300201	1	1	1	1	1	1	1
BoLA-402401	1	1	1	1	1	1	1
BoLA-601301	1	1	1	1	1	1	1
C0102	1	1	1	1	1	1	1
C0202	1	1	1	1	1	1	1
C0302	1	1	1	1	1	1	1
C0303	1	1	1	1	1	1	1
C0304	1	1	1	1	1	1	1
C0401	1	1	1	1	1	1	1
C0403	1	1	1	1	1	1	1
C0501	1	1	1	1	1	1	1
C0602	1	1	1	1	1	1	1
C0701	1	1	1	1	1	1	1
C0702	1	1	1	1	1	1	1
C0704	1	1	1	1	1	1	1
C0801	1	1	1	1	1	1	1
C0802	1	1	1	1	1	1	1
C1202	1	1	1	1	1	1	1
C1203	1	1	1	1	1	1	1
C1204	1	1	1	1	1	1	1
C1402	1	1	1	1	1	1	1
C1403	1	1	1	1	1	1	1
C1502	1	1	1	1	1	1	1
C1505	1	1	1	1	1	1	1
C1601	2	3	1	1	1	1	1
C1602	1	1	1	1	1	1	1
C1701	1	1	1	1	1	1	1
DLA-8850101	1	1	1	1	1	1	1
E0103	1	1	1	1	1	1	1
G0101	1	2	1	1	1	1	1
G0103	1	2	1	1	1	1	1
G0104	1	2	1	1	1	1	1
H2-Db	1	1	1	1	1	1	1
H2-Dd	1	1	1	1	1	1	1
H2-Dq	1	1	1	1	1	1	1
H2-Kb	1	1	1	1	1	1	1
H2-Kd	1	1	1	1	1	1	1
H2-Kk	1	1	1	1	1	1	1
H2-Kq	1	1	1	1	1	1	1
H2-Ld	1	1	1	1	1	1	1
Mamu-B00801	1	1	1	1	1	1	1
