Length	Allele	Origin	Number_Motifs	C-term	N-term
9	A0101	1	1	0	0
9	A0201	1	1	0	0
9	A0203	2	1	0	0
9	A0204	2	1	0	0
9	A0205	1	1	0	0
9	A0206	1	1	0	0
9	A0207	2	1	0	0
9	A0220	1	1	0	0
9	A0301	1	1	0	0
9	A1101	1	1	0	0
9	A2301	1	1	0	0
9	A2402	1	1	0	0
9	A2501	1	1	0	0
9	A2601	1	1	0	0
9	A2902	1	1	0	0
9	A3101	2	1	0	0
9	A3201	1	1	0	0
9	A6801	1	1	0	0
9	A6802	1	1	0	0
9	B0702	1	1	0	0
9	B0801	1	1	0	0
9	B1302	1	1	0	0
9	B1401	1	1	0	0
9	B1402	1	1	0	0
9	B1501	1	1	0	0
9	B1511	1	1	0	0
9	B1518	1	1	0	0
9	B1801	1	1	0	0
9	B1803	1	1	0	0
9	B2704	1	1	0	0
9	B2705	1	1	0	0
9	B3501	1	1	0	0
9	B3503	1	1	0	0
9	B3508	1	1	0	0
9	B3801	1	1	0	0
9	B3901	1	1	0	0
9	B3906	1	1	0	0
9	B3924	1	1	0	0
9	B4001	1	1	0	0
9	B4101	1	1	0	0
9	B4402	1	1	0	0
9	B4403	1	1	0	0
9	B4501	1	1	0	0
9	B5001	1	1	0	0
9	B5101	2	1	0	0
9	B5401	2	1	0	0
9	B5601	1	1	0	0
9	B5701	1	1	0	0
9	B7301	1	1	0	0
9	C0303	1	1	0	0
9	C0401	1	1	0	0
9	C0501	1	1	0	0
9	C0602	1	1	0	0
9	C0701	1	1	0	0
9	C0702	1	1	0	0
9	C0704	1	1	0	0
9	C1203	1	1	0	0
9	C1601	1	1	0	0
10	A0101	1	1	0	0
10	A0201	1	1	0	0
10	A0203	2	1	1	0
10	A0204	2	1	0	0
10	A0207	2	1	1	0
10	A0301	1	1	1	0
10	A1101	1	1	0	0
10	A2301	1	1	0	0
10	A2402	1	1	0	0
10	A2501	1	1	0	0
10	A2601	1	1	0	0
10	A2902	2	1	0	0
10	A3101	2	1	1	0
10	A3201	1	1	0	0
10	A6801	1	1	1	0
10	A6802	1	1	1	0
10	B0702	1	1	0	0
10	B0801	1	1	0	0
10	B1302	1	1	0	0
10	B1501	1	1	0	0
10	B1801	1	1	0	0
10	B2704	1	1	0	0
10	B2705	1	1	1	0
10	B3501	1	1	0	0
10	B3503	1	1	0	0
10	B3801	1	1	0	0
10	B3906	1	1	0	0
10	B4001	1	1	0	0
10	B4402	1	1	0	0
10	B4403	1	1	0	0
10	B4501	1	1	0	0
10	B5001	1	1	0	0
10	B5101	2	1	0	0
10	B5401	2	1	1	0
10	B5601	1	1	0	0
10	B5701	1	1	0	0
10	B7301	1	1	0	0
10	C0304	1	1	0	0
10	C0501	1	1	0	0
