##############
# C0501 PWM for 10-mers
# Model trained on 117 peptides from deconvoluted human HLA peptidomics data
# Copyright (2016) David Gfeller
##############
117
A	0.7065941	0.6357153	1.2065617	0.8369282	0.9219255	0.9429841	0.9845129	1.0183147	0.5658779	0.3496323
C	0.8479959	0.6836963	0.9384710	0.7021375	0.8983063	0.9003951	0.8144556	0.8049068	0.8842217	0.8182751
D	0.4204500	0.5617293	1.3120411	2.9474995	1.4494515	0.6679105	0.8530838	0.9699099	0.4268198	0.2213508
E	0.7737378	0.3579409	0.4471070	2.1153597	0.5559406	0.7605096	0.6934175	1.4285684	0.9232477	0.2609534
F	0.6331864	3.1318282	1.8296602	0.4227067	0.5707930	0.7367980	1.4219090	0.8412621	1.9550759	11.0172088
G	0.3845058	0.3086186	0.4367841	0.7717186	0.9301442	1.3255708	1.8162611	0.5610520	0.3795013	0.2783028
H	0.8182487	1.3320654	0.6238187	1.4435399	0.9238983	1.6985258	1.2894423	2.2096755	1.1375700	0.2983943
I	1.2851365	0.4320143	1.4382230	0.2823510	1.0507604	1.4995850	0.5444106	0.7251146	0.6451646	0.9988165
K	2.4854087	0.3312815	0.8447575	1.1666904	1.1193327	0.7758508	1.3854950	0.9950832	1.4327637	0.2269679
L	0.7550105	0.5656754	1.3233900	0.2946079	1.0834359	0.9783778	0.6539075	1.0011701	1.5458743	1.8791194
M	0.9564368	1.0739109	2.2569007	0.4684630	1.7611753	0.9481586	1.6637092	1.0993890	1.8775671	0.9994658
N	0.8024529	0.3489151	1.4212509	1.4165797	1.4747049	1.2657876	1.1680581	1.9586056	0.9008641	0.2523596
P	0.1808181	0.1335943	1.3343302	1.3643518	1.4190443	0.7213519	0.7212053	0.6517366	0.1739650	0.1004651
Q	0.7594535	0.3876221	0.5182994	1.1453562	0.6519126	1.4555802	0.8673921	1.6293136	0.6940447	0.1776051
R	2.7948664	0.3396464	0.4955308	0.8931861	0.9074388	0.6405069	1.4101423	0.8946268	1.3263446	0.2510224
S	0.5985306	0.3379559	0.9244677	0.8883507	1.0010517	1.3268069	0.9482020	0.9161490	0.7478166	0.3916462
T	0.9175712	0.3268289	0.7711598	0.9877772	0.7082345	0.7914488	0.6746362	0.8430938	1.8112615	0.3220430
V	1.5285234	0.3859460	0.6691185	0.3952627	1.0706347	0.7896452	0.6482737	0.4643253	0.8064830	0.5389300
W	0.5221353	6.5536827	0.5189712	0.3743928	0.4154611	1.8511717	1.2736330	0.4915924	0.6849232	6.5714402
Y	1.5158869	15.1990495	1.0925014	0.4269466	0.6187867	0.8804426	1.9466517	1.0730938	2.5402937	1.7976230
