##############
# A0101 PWM for 10-mers
#
# Copyright (2018) David Gfeller
##############
1.00000	1220	1
A	0.8795732	0.4848280	0.4581703	0.6381766	1.1504679	0.7400097	0.7765419	0.7478454	0.6597639	0.1471510
C	1.7332563	0.8159807	0.4845672	0.9480161	0.9496978	0.9447829	0.9459202	0.9569072	0.8772741	0.1628499
D	0.8422551	0.2628477	10.2562074	1.6975602	1.0107144	0.9228543	0.7604830	1.2039797	0.6750708	0.1706102
E	1.0535590	0.2877848	3.5330826	1.2796785	1.1048900	1.0260357	0.6571350	0.8531495	1.1500197	0.1641921
F	1.7230437	0.2176423	0.2300425	0.5450962	0.7284735	0.6296453	1.2681802	0.9110447	1.4095063	0.8126299
G	0.4536588	0.2684183	0.2587098	0.9544149	1.6439727	1.4668119	1.5151999	0.9626995	0.7738125	0.1219296
H	0.9769685	0.0945641	0.2724494	1.2911811	1.0107110	1.0614080	1.0897638	0.9631364	1.3705227	0.2306386
I	0.5874032	0.5815857	0.2070342	0.6224606	0.4418196	0.6544918	0.5012494	0.6522031	0.3646244	0.1163841
K	0.4416576	0.1496350	0.2226050	0.9906879	0.6436971	1.1473086	1.3440238	0.3858220	1.1368580	0.3516712
L	1.3300277	1.8275988	0.1657103	0.7934519	0.7209314	0.7399940	1.0219176	1.8149019	1.7801132	0.3237999
M	0.8815009	0.9413541	0.1717754	0.6197456	0.4917347	0.9035564	0.5347089	1.3449334	0.8356181	0.3438284
N	1.2178981	0.2224796	0.3034771	1.3305770	1.3053152	1.1678733	1.0113951	1.5737222	0.7702632	0.1279975
P	0.2398543	0.0922207	0.1162775	1.7595569	1.4702530	0.8500506	0.9493211	0.3314603	0.1826501	0.0627644
Q	1.3607593	0.2045672	0.3755038	0.8313512	1.1549724	2.0543675	1.6881696	1.2049928	1.3434102	0.1195964
R	0.6766498	0.1353031	0.1137599	1.0039113	0.9964037	1.0050054	1.4243040	0.4286458	1.6402670	0.1413125
S	1.0894345	4.1423782	0.7804308	1.4462430	1.5064995	1.5342944	1.0045948	1.3913615	1.1308594	0.2980085
T	1.1791806	5.4842561	0.3331990	1.0319176	1.1112264	1.0272463	0.8884667	1.0994315	0.8064784	0.2158473
V	0.9654285	1.0129294	0.1874842	0.5837300	0.6772364	0.6983820	0.6327317	0.7759051	0.4479474	0.1491257
W	0.9125368	0.2290976	0.2870426	0.3779143	1.0392354	1.0400844	0.9068087	2.9730954	0.9226234	0.4983347
Y	3.1109592	0.1417841	0.2700537	0.8916254	0.7185036	0.9403483	1.4989497	1.1582227	2.4761218	26.7508256
