##############
# A0204 PWM for 10-mers
#
# Copyright (2021) David Gfeller
##############
1.00000	214
A	1.3095241	0.3459979	0.9284419	0.5483203	0.6769738	0.7946111	0.5383477	1.1639759	1.1214189	0.5909995
C	0.7753259	0.4456273	0.7446138	0.8815009	0.9352052	0.9240056	0.9546681	0.9624223	0.7086340	0.5493662
D	0.2765383	0.1525977	0.4089507	3.8575482	1.2637269	1.0253491	0.8640386	0.4497532	0.4796216	0.1558996
E	0.3028145	0.1760381	0.2858318	2.9690203	1.0695095	0.8099891	0.5532985	0.6203788	1.1390004	0.1758957
F	2.7222592	0.5953716	2.9289988	0.2942081	0.6732832	1.2714921	1.0815673	1.3880402	0.9846324	0.8256372
G	1.1491679	0.1556129	0.4200082	1.0050111	2.0273213	1.5090849	0.8019888	0.3491463	1.0158947	0.1673337
H	0.7067708	0.1924226	0.7974250	0.7014886	1.5910757	1.2699309	0.8514843	1.9323502	1.5578780	0.1767781
I	0.8062362	1.7836455	1.6199866	0.2922339	1.4462174	0.8919890	1.6219811	1.1964713	0.6014695	1.7705420
K	1.3888703	0.2190337	0.2602918	0.5011698	0.4684237	1.0993723	0.5257145	0.5146860	1.2228561	0.2153637
L	0.9407676	5.9520941	2.3840593	0.3672832	1.0277218	0.6377663	2.1901010	1.2600132	0.8512559	3.7520646
M	0.6693626	1.9687585	1.3991630	0.3843667	0.7741233	0.7188452	0.6696455	0.9390874	0.6370912	1.1518990
N	0.6933222	0.1761049	1.0896957	1.1077837	0.7790587	0.7163675	1.1911439	0.6565261	1.1661064	0.1778806
P	0.1926922	0.1394519	0.3552852	2.8657134	0.7768851	2.0425597	2.0863663	1.8358453	0.2083377	0.2134308
Q	0.6936483	0.4339551	0.7549178	0.7311704	0.8997887	1.1298750	0.5675363	0.8123622	1.9178399	0.2100060
R	1.0582254	0.2762077	0.2450350	0.3149089	0.4993798	0.4914770	0.3722551	0.6690492	0.9947099	0.3173218
S	1.5190400	0.2901000	0.6266278	0.7367818	0.5952200	0.7495481	0.5178544	0.6891314	1.3075106	0.2271520
T	0.8170053	0.3846522	0.4445660	0.5692738	0.6685324	0.9961607	0.6221650	1.1176593	1.3608520	0.3742201
V	0.7943864	1.2493084	0.6775142	0.3815036	1.2381600	0.7947018	1.4029309	1.5686535	0.5852337	4.3284310
W	0.6446089	0.2686752	2.9030584	0.1855759	2.4850537	0.8424295	0.2471388	1.1154726	0.3030708	0.2529638
Y	2.6350604	0.3606021	2.8044048	0.4572973	1.0827712	1.9065844	0.7685701	1.4473018	2.0203418	0.3691075
