##############
# A0207 PWM for 10-mers
#
# Copyright (2021) David Gfeller
##############
1.00000	427
A	1.0209882	0.4969216	0.2219259	0.6356610	0.8662830	0.8190196	0.6498708	1.0031942	0.6443512	0.4535887
C	0.7433205	0.3531668	0.6395563	0.8970259	0.9421399	0.9302482	0.9204351	0.9472932	0.6718103	0.4388132
D	0.1652337	0.1017744	9.2419159	3.1588785	1.4011852	0.9439691	1.8422150	0.8130778	0.3524382	0.1401430
E	0.1807768	0.1133685	0.6763705	3.8659414	0.9724916	0.5419819	1.0962843	1.1127263	0.8516182	0.1164355
F	3.4108596	0.3728018	0.4929217	0.4624894	1.1123428	2.0266470	1.6237872	0.7074720	1.1633344	2.3103028
G	0.4065699	0.1900355	0.2429133	0.6699202	0.7566789	1.1887468	0.9288099	0.2704139	1.3082992	0.1938480
H	0.9064951	0.1223340	0.2756841	0.9828162	0.8669810	1.5755065	1.5117811	0.9490629	1.3404949	0.1319626
I	1.4264735	2.2134639	0.3309293	0.2338502	1.6276769	0.9546604	0.9306822	1.7625247	0.5661414	1.4419614
K	1.4335187	0.1405174	0.2860179	0.6214128	0.4393084	0.7239597	0.9533443	0.3989433	1.0334355	0.1412949
L	1.4044527	5.3906421	0.2242970	0.3197669	1.2456792	1.0073587	0.9532374	1.1731480	1.1680307	4.3027287
M	0.6278179	2.3712121	0.2292184	0.3354080	0.7403490	0.5689528	0.4842465	1.4614214	0.7884275	2.1024176
N	0.7750938	0.1160332	0.5035872	0.7181052	0.8773525	0.6820176	1.1622278	0.7040611	1.0726185	0.1638864
P	0.1171047	0.0946277	3.8144565	2.2488108	1.7884353	1.5264624	1.4249424	0.8990635	0.1277212	0.1311918
Q	0.4237815	0.1851305	0.3594886	0.7087469	0.7357353	0.6907368	1.2077825	1.1864816	1.5290235	0.1390801
R	0.7975755	0.1389689	0.2372984	0.3227320	0.3762175	0.4853253	0.6400774	0.7114261	1.2779931	0.2364584
S	1.0855731	0.1439912	0.3468100	1.0008563	0.6988768	0.8898936	0.6868255	0.7027109	1.0946759	0.2019114
T	0.7341625	0.2956995	0.2187229	0.7313120	0.7035444	1.1480256	0.8241592	1.0986566	1.4908288	0.2968882
V	1.1832943	2.3074200	0.3092783	0.4395299	1.7932912	0.9446083	0.7980150	1.9679062	0.7508525	3.1643397
W	0.2527381	0.1717850	1.5096128	0.7534830	0.1594658	0.5207252	0.7917496	0.7975352	0.5275254	0.1962652
Y	2.9504796	0.2345651	0.3468984	0.4359921	0.6585457	2.3334240	0.8086587	1.4432054	2.6829715	0.3678853
