##############
# A0206 PWM for 10-mers
#
# Copyright (2021) David Gfeller
##############
1.00000	543
A	1.4440638	0.8567931	0.7793388	0.4316125	0.6104077	0.6876598	0.3325654	0.9311309	0.7969072	1.6168413
C	0.7247267	0.3164160	0.7024343	0.8903897	0.9133999	0.9237998	0.9385607	0.9376813	0.6566847	0.4330429
D	0.1659948	0.1284100	0.7392465	4.5061048	2.4691432	1.7109579	0.9044260	0.6123115	0.4209771	0.0981582
E	0.1957621	0.1693787	0.2197661	3.8542387	2.3076127	1.3044730	0.5440721	1.8739543	1.8878014	0.1348634
F	1.9308803	0.2255684	3.1572280	0.1494832	0.8791142	0.8206605	3.3880744	0.6753457	0.9728413	0.4414619
G	0.9504157	0.2763511	0.1806032	1.0526233	1.7665044	1.7414572	0.6229019	0.2493158	0.8874490	0.1626340
H	0.9795248	0.1367050	0.4462967	0.5918704	1.6351914	0.9549567	0.7717142	1.6272683	1.3402219	0.1033962
I	0.5757780	2.1631266	2.4968973	0.2170368	0.7266343	0.9737205	2.1415541	1.5983185	0.3328514	1.3199236
K	2.6423338	0.1783695	0.1335390	0.6648744	0.8498410	1.2635222	0.5087887	0.5550903	1.6824144	0.1776397
L	0.4669429	1.9207389	2.0671516	0.1558406	0.6898624	1.1117735	2.1568832	0.9578514	0.5059320	2.8938413
M	0.5776113	1.0176100	1.4095027	0.1450404	0.5570562	0.5274136	1.5677547	0.9145160	0.5076775	0.6983596
N	0.5501329	0.1511456	0.1686226	0.7564853	0.7157485	0.8290248	1.1409165	0.9985085	1.1207039	0.1109888
P	0.1156159	0.0989190	1.4287691	2.1898057	0.6825758	0.9215450	0.5710880	0.7678259	0.2706783	0.1228957
Q	0.8081497	3.6018554	0.2405498	0.9592712	0.7024994	1.0107348	0.5189573	1.1936729	2.3181138	0.2004948
R	1.9216286	0.1610196	0.1210904	0.2997706	0.5843763	0.5625766	0.3856770	0.5494403	1.2606683	0.1475482
S	1.3414623	0.3374679	0.3709690	0.8814821	0.9084726	0.6891675	0.3556615	0.6367540	1.3142444	0.1606534
T	1.2203139	1.4863727	0.4070312	0.5246180	0.4707950	0.9587690	0.4872881	0.9966624	1.5011227	0.4708566
V	0.8353211	4.1201579	1.3162586	0.1790479	0.8341525	0.8856909	1.1088727	2.0726548	0.6205755	5.7140438
W	0.2982968	0.1302855	1.3577819	0.1036074	0.6324382	0.1313110	0.6786551	1.4004741	0.4051038	0.1338061
Y	1.8761794	0.1863378	3.0582245	0.2872664	0.4393588	0.5311768	0.7336335	0.9558879	1.3078844	0.2444715
