##############
# A0207 PWM for 10-mers, C-terminal extensions
# Model trained on 17 peptides from mono-allelic HLA peptidomics data
# Copyright (2016) David Gfeller
##############
17
A	1.2073034	0.8973356	0.6314527	0.8735388	0.7533348	0.9037424	0.6554783	1.4898135	0.6258086	1.1389640
C	1.0246056	1.2534977	0.6736955	0.6676379	0.9545101	0.9644620	0.7758099	0.9644620	1.2175845	0.8562899
D	0.5322907	0.2991369	4.3070152	3.2768150	1.5480797	0.8833082	0.6784622	0.6650803	0.2842109	0.5176736
E	0.5537544	0.3236260	1.1913640	2.8948131	0.6861664	0.4996876	1.2058277	1.0497399	0.2902217	0.4899590
F	2.1574449	1.0960613	0.3647241	1.0403340	0.7465847	2.3815687	1.3995258	1.8278034	1.1326282	4.2393272
G	0.6085467	0.3812846	0.5980212	0.5938987	1.0678950	0.9862350	0.5082917	0.6952062	0.3205001	1.5704855
H	0.5900544	0.3056485	0.4819099	0.6471111	0.5559959	1.3333719	0.6409665	1.3895508	0.2833525	0.5937411
I	1.1045577	2.0760941	0.6119477	0.4465833	1.3585753	0.9652337	1.0402033	0.5283533	2.7062037	0.5772825
K	1.3879224	0.4067896	0.6615314	0.9327540	1.1784581	0.7710483	0.9842340	0.9188429	0.3749800	0.7190366
L	1.4499026	3.3634635	0.4105690	0.6773395	0.9892540	1.8693800	0.8854229	0.6009560	3.4340084	0.7091810
M	1.0790254	2.3301421	0.4929098	0.6667598	0.9398449	1.1787630	0.8320680	0.7883543	1.8671284	0.7752904
N	1.0299920	0.3280715	0.9479126	0.9452053	1.6248524	0.5776323	1.0253158	0.7767395	0.3057981	1.0438975
P	0.2863773	0.2194736	3.5132240	0.3209401	0.2870356	0.2492635	2.5710591	0.3248078	0.2044964	0.7101828
Q	0.5993171	0.3843533	0.6084057	1.3191563	0.9585123	0.5050070	1.3383871	1.7650219	0.3444427	0.5363559
R	0.7278673	0.4145861	0.4960372	1.0947027	0.7017012	0.5520348	0.6741096	1.5131577	0.3821074	1.6805397
S	1.1268546	0.4608062	0.7234694	0.7931115	0.9523449	0.7976944	0.6532881	1.3356013	0.3898162	0.9062463
T	0.7342150	0.6570141	0.6180105	0.6242591	1.0306221	0.6194214	0.6253677	1.3226956	0.6367564	0.6167003
V	1.0127910	1.8772947	0.4581004	0.4636473	1.4042546	0.9614636	0.6996497	0.5998054	1.8883885	0.5589802
W	0.9616816	0.6616698	0.3475675	0.5759522	0.6610827	1.1231361	0.8060982	0.8372149	0.6546245	1.0609027
Y	2.3252151	0.6955400	0.4107773	0.6410472	1.2926902	3.1214154	2.1377070	1.6537050	0.6947831	2.0633470
