##############
# A0202 PWM for 10-mers
#
# Copyright (2021) David Gfeller
##############
1.00000	511
A	1.5715249	0.2998928	2.1624077	0.5762131	0.7648602	0.9701720	0.4767159	1.3911110	0.7121302	1.7734777
C	0.7337998	0.3212098	0.6997495	0.8945687	0.9259675	0.9282650	0.9420424	0.9395163	0.6697377	0.4331296
D	0.1879813	0.1529630	0.2652879	3.4848773	1.6014246	1.5578927	1.5639565	1.1299401	0.3385610	0.1600046
E	0.2027572	0.1347686	0.3074291	2.9941513	1.3170272	1.3800904	1.0985634	1.3842209	1.4331843	0.1386794
F	3.0988770	0.3826911	5.9966345	0.1235986	1.2525341	0.3541094	0.4011855	0.5114445	1.1170440	0.6785769
G	1.0181129	0.1408981	0.2345487	1.3638392	2.6140891	1.0251706	0.8419319	0.3746456	0.7073105	0.1478752
H	0.6735341	0.1194452	0.7087058	0.5604786	1.7218408	1.2016247	1.0672167	3.1027815	1.8138562	0.1136671
I	0.8860165	1.0851819	1.0108982	0.1548986	1.3633277	0.8202888	1.4929710	0.9147446	0.3688608	1.1984567
K	1.9370748	0.1334768	0.6943115	0.5948575	0.9515423	2.1108070	0.5023900	0.6715457	1.4408106	0.1349004
L	0.7092814	6.7706061	0.3129333	0.1651923	0.7486381	0.6847356	1.5766339	0.6737436	0.7696495	4.4385619
M	0.3785393	3.7931535	0.9439203	0.2150731	0.4159209	0.5955775	1.0344937	0.4904931	0.4924664	1.4567244
N	0.4477736	0.1435811	0.5319584	1.2349214	0.8404503	0.8139829	0.8566886	1.0500011	1.2986004	0.1133013
P	0.1136547	0.0824247	0.5566307	2.7485095	0.3019153	1.4040109	1.4892659	0.9175773	0.2821452	0.0942882
Q	0.5052980	0.6004109	0.5143892	1.1774590	0.8258988	1.3277562	1.5164197	1.4227215	2.6726518	0.1322435
R	0.9670673	0.1630777	0.1597262	0.5060425	0.5511282	0.7728419	0.4032530	0.5927760	1.4038488	0.1554831
S	1.4124936	0.1251705	1.2541626	0.8560884	0.6033683	0.7862516	0.7344106	0.8987044	0.8470985	0.2082767
T	0.8203976	0.3341792	0.2375030	0.5793359	0.4588031	0.9061275	0.8761058	0.9677974	1.3331996	0.2741462
V	0.9460322	0.7973357	0.3237502	0.2108547	0.7739942	0.7363377	1.2990141	1.4389451	0.6696423	3.1965047
W	0.3442640	0.1592130	0.9612585	0.5070164	0.6820746	0.1287622	0.1376134	0.2871123	0.4526867	0.1492560
Y	2.7959490	0.2120547	4.9710883	0.4079447	0.6366840	0.5491556	0.7697714	1.4835446	2.1780430	0.2127009
