##############
# A0203 PWM for 10-mers, C-terminal extensions
# Model trained on 12 peptides from mono-allelic HLA peptidomics data
# Copyright (2016) David Gfeller
##############
12
A	1.4316885	0.6011571	0.9172770	0.7321022	1.0209970	0.7293466	0.8060619	1.4818400	0.7067508	1.6429863
C	1.1542508	1.1493339	0.7910121	0.6478064	0.8008460	1.0522244	1.0743506	0.9907627	1.2685696	1.0073573
D	0.5056234	0.3188790	0.5437163	2.2028395	0.6664765	1.7809906	0.5136586	0.6941533	0.2943270	0.6727261
E	0.5150277	0.4074848	0.5963743	2.3590501	0.7619502	0.5776984	0.6042708	1.0746770	0.3131028	1.3182153
F	2.4523917	1.2024932	2.8010055	0.3486138	1.5438889	0.7705789	0.7143949	0.4763933	1.0912958	3.2138017
G	0.6418686	0.3487866	0.5593245	1.2524666	1.3113362	0.5250156	0.5185589	1.3745103	0.3390383	0.6722529
H	0.5398652	0.3594837	0.8110770	0.6015275	2.6944645	0.4196108	0.4666891	0.5137674	0.2840049	1.6272713
I	1.1606246	1.5581202	0.9090938	0.3388211	0.6147595	2.0148914	1.0948563	0.5498328	2.4200820	0.6457800
K	0.6655169	0.4743605	1.5022914	0.8751598	1.8043673	0.5295635	0.8292001	1.1248571	0.3895020	0.6538344
L	0.8691983	4.2149494	0.7598515	0.3689039	0.5970946	1.5691050	1.6689548	0.8062040	3.0233741	0.7243028
M	0.9485036	2.0404360	0.8447160	0.5095684	0.7621904	1.1841880	1.1856295	0.7542622	1.7932196	0.8212917
N	0.6428918	0.3566082	1.2053109	0.8481686	1.3748022	1.2423426	0.6436040	0.7085875	0.3215349	0.6596273
P	0.3121479	0.2163246	0.2727833	2.8944403	0.3081753	0.9073114	0.9345175	2.2718299	0.2174081	0.3158797
Q	0.5558375	0.8728808	0.6996152	1.3379418	1.2309759	0.4870324	1.0835363	1.1600507	0.3658043	0.6799566
R	1.0605497	0.5025519	1.8282390	0.6756728	0.9645516	0.4661287	1.6767951	0.7262524	0.3963790	0.5812968
S	1.1918380	0.4221392	0.6795763	0.7941233	0.7783192	0.8976989	1.0357562	1.1944503	0.4276250	0.9145479
T	1.9106887	0.5986102	0.6198531	0.6353824	0.6526697	0.7667953	1.5253865	1.1393518	0.6996971	1.4169744
V	1.1683722	1.1766577	0.6996460	0.3845793	0.7857297	1.6450611	1.3543131	0.6062451	2.4170175	0.6946961
W	0.9526599	0.7100570	1.3152962	0.4319514	0.8655934	0.5291616	0.5866424	0.4970399	0.6458138	1.0591684
Y	1.9680279	0.7269046	3.9207468	0.4696586	1.9636539	0.5907638	0.6273960	0.5374556	0.7036677	2.2493310
