##############
# A0203 PWM for 10-mers
#
# Copyright (2018) David Gfeller
##############
1.00000	445	1
A	1.7599606	0.3331977	1.1582676	0.8298471	0.5777169	0.6782843	0.3031455	1.6857616	0.9498354	1.8574713
C	0.8086093	0.4178689	0.7658593	1.0493380	1.0587705	1.0726046	1.1073776	1.1017039	0.8441903	0.5388350
D	0.1730412	0.1077652	0.1827328	2.6930631	1.0321751	0.9671654	0.2386099	0.2763007	0.4491306	0.1194025
E	0.2409217	0.1270722	0.1911940	2.7129378	1.0412999	1.1912365	0.2759049	0.7392464	1.4025157	0.1848553
F	2.8528262	0.3926578	5.9393042	0.3372253	2.0684687	0.6369349	0.9179538	0.2851681	0.5995730	0.4353205
G	1.6430969	0.2113199	0.1715508	1.5248432	2.2422602	1.0822436	0.3784766	0.7488329	1.6492652	0.1620928
H	0.9264267	0.1198396	0.8990022	0.6155948	2.2192130	0.8400737	0.1875833	1.2526727	0.8041435	0.2275595
I	0.6458747	1.4344137	0.8182417	0.2311791	0.8065629	1.2044013	2.0126741	0.5569821	0.4502563	1.5805033
K	1.2590135	0.1560761	1.1676438	0.5542888	0.9553765	1.6202739	0.2262765	1.1457270	1.1979259	0.1543019
L	0.6902388	6.0829279	0.6865260	0.2479646	0.6226683	0.7662200	2.9364341	1.4601186	0.5963626	1.9119925
M	0.4258304	2.9837953	0.8845583	0.3283535	0.3287039	0.4913305	1.4217159	0.8123070	0.5461547	0.5935789
N	0.2616355	0.1231147	0.6604827	0.9713259	1.0526012	0.8796697	0.3041873	0.9921960	0.8736587	0.1323234
P	0.1047063	0.0786942	0.5171631	2.9121569	0.5564187	1.5663842	3.0944918	0.6286339	0.2088070	0.0927415
Q	0.3780582	1.0032645	0.3084491	0.9874560	1.1153490	1.3402264	0.3613635	1.2513663	1.9591689	0.1443585
R	1.3528709	0.1632573	0.9249061	0.3287644	1.1132896	1.0020673	0.2574394	1.4713188	1.1880107	0.1466551
S	1.4701563	0.1803711	0.4269332	1.2674471	0.8734221	0.7199340	0.2902345	1.3433350	1.7284046	0.2903626
T	0.8634454	0.4021625	0.3572455	0.5800086	0.5301100	0.9821106	0.4700581	1.1584089	2.0119135	0.4859268
V	0.6743848	1.0560390	0.5332530	0.1964505	0.5985466	0.9868674	1.5372828	1.0814089	0.7403258	5.6114885
W	1.0271299	0.2088332	1.1396412	0.5115057	2.0329272	0.3631853	0.1861801	0.3635532	0.2018511	0.1820991
Y	3.3175018	0.2325550	5.6458085	0.3499166	0.9386595	0.7379893	0.5194008	0.5061771	1.1529735	0.2826303
