##############
# A0205 PWM for 10-mers
#
# Copyright (2018) David Gfeller
##############
1.00000	119	2
A	1.1362900	1.2040420	0.8814203	0.8070412	0.6848506	0.9307377	0.4655890	1.2843377	0.9206799	3.1239427
C	0.8660803	0.6716720	0.8624886	1.0428514	1.0252892	1.0667779	1.1872051	1.1094169	0.8436556	0.7928521
D	0.4284486	0.2857891	0.2481629	3.6031342	1.8019376	1.9510130	0.4673984	1.4654340	0.6458837	0.3617689
E	0.5931227	0.3357180	0.2536259	2.8492908	2.2911295	1.5206493	0.4128826	1.6331998	1.9462943	0.2985207
F	1.0758601	0.5231946	6.2446553	0.3092932	1.3089807	0.5592469	0.9462139	0.4904340	0.4197633	0.6311074
G	0.9667053	0.3308451	0.3024608	0.8864054	1.6546323	1.4142364	0.2777051	0.6098583	0.5949561	0.4384614
H	0.5907888	0.2593427	0.4078962	0.7686270	1.5630858	1.2269596	0.7519098	1.2210330	2.1062999	0.2429848
I	0.7233450	1.9782084	1.8597732	0.4296242	0.5978260	0.6654389	2.5228044	1.0186841	0.4537237	1.5201231
K	3.0398191	0.3827084	0.2908972	0.9540360	1.1324266	1.5474646	0.3298047	0.8174541	2.3808266	0.3489848
L	0.4787616	1.8468630	0.7585858	0.5424905	0.3372809	0.6548082	2.7534887	0.6873891	0.4410411	2.0874332
M	0.8625655	1.5573052	1.0260433	0.4241729	0.4232196	0.8159643	1.9623005	0.8826804	0.4826761	0.8592877
N	0.8331822	0.3337871	0.3881990	0.9876396	1.1055274	1.5325068	0.6237057	1.5703670	0.8912000	0.2902940
P	0.2385187	0.1975511	0.9802679	0.5194663	1.0426196	0.4145475	0.5349539	0.5920892	0.3332389	0.2131595
Q	1.4966110	1.3777037	0.3614547	1.0412272	1.0868837	0.9648191	0.3142651	1.4420944	2.1304081	0.3169347
R	1.6228771	0.3635833	0.2847327	0.7864832	0.8761738	0.9129107	0.4086750	0.6678473	2.3683719	0.3191645
S	1.0952999	0.5407673	0.4245211	1.1752149	0.9928476	0.9711913	0.6219622	0.8368349	0.8327487	0.5879759
T	1.2021480	1.6981345	0.4745193	0.8753401	0.6094898	1.1762931	0.8541567	1.1956095	0.9392827	0.5283279
V	0.8644741	2.8480028	1.0177535	0.4438788	0.4475433	0.5594491	1.6381909	1.1310798	0.6207062	2.5676400
W	0.4426591	0.3700598	0.8220931	0.3312728	0.9156590	0.3513260	0.4070357	0.3607374	0.3653473	0.3668508
Y	1.4080127	0.4336247	3.8454924	0.6633374	0.5034306	0.5649850	0.6450654	0.7325771	0.6158842	0.4333338
