##############
# A0201 PWM for 10-mers
#
# Copyright (2021) David Gfeller
##############
1.00000	1621
A	1.6847269	0.3590894	1.3790345	0.8838458	0.7753939	1.0438051	0.7313405	1.2796584	1.0933855	1.1989307
C	0.7005840	0.2196150	0.6564180	0.9177140	0.9252907	0.9260168	0.9294266	0.9333308	0.6384792	0.3318136
D	0.1723423	0.0385925	1.8565827	3.1316456	1.2197950	1.1860664	0.6094082	0.3676551	0.2882519	0.0622134
E	0.1814194	0.0909883	0.2252599	2.9407922	1.3103389	1.0852887	0.7770640	0.9387462	1.5488224	0.0915186
F	2.1607350	0.1692934	2.1488947	0.2450597	0.8759608	0.5450919	0.7125587	0.5655132	0.7386420	0.3048447
G	1.2448778	0.1286199	0.6261256	1.2694086	2.1226568	1.7686981	1.0482767	0.5209018	0.8735780	0.1194679
H	0.8175950	0.1327456	0.7542255	0.4809668	0.9211192	1.0481512	0.6573932	1.3451978	0.8950437	0.1517190
I	0.9936601	1.8547453	1.3305463	0.3297434	0.8183870	0.8437868	1.7818051	1.3034473	0.3954463	1.6319585
K	1.7723099	0.1000990	0.2055102	0.7087878	0.7632145	1.0239314	0.6054559	0.5208487	0.9016615	0.2492709
L	0.5839065	6.5974724	1.9019402	0.4137427	0.8558047	0.8008121	1.9728311	1.3297444	0.8193304	3.5974429
M	0.2610742	2.0051841	1.7426835	0.4234638	0.5601113	0.5826184	0.7038038	0.8862833	0.2836204	0.6213258
N	0.4076566	0.1230393	0.6101096	1.0012455	1.0128467	0.7140704	1.0332563	0.8820808	0.8790847	0.1253530
P	0.0685375	0.0671441	0.4533161	1.6480893	0.8680126	1.3810547	1.6969877	1.2019654	0.2056970	0.0590921
Q	0.5968053	0.8539872	0.9894358	0.9178153	1.0892472	1.3643452	0.8325024	1.2002226	2.0949250	0.1252592
R	1.0023023	0.0840104	0.1321538	0.3747245	0.5340942	0.6713978	0.3624070	0.5725426	0.8594976	0.0923894
S	1.7086077	0.1220027	0.7711380	1.2961779	1.1524086	1.1286380	0.7256869	0.8636475	1.8789738	0.1760115
T	1.4670023	0.3455547	0.4960688	0.8383233	1.0075262	1.1038748	0.8463258	1.1488732	2.2208003	0.3361056
V	0.9906415	1.2489760	0.6791250	0.3725621	1.0061511	0.8634374	1.2858697	1.8315034	0.8704558	5.2483919
W	0.1637927	0.1072722	1.9848437	0.0920644	0.7045313	0.2840591	0.3793928	0.6167204	0.1554834	0.5757873
Y	2.0021438	0.1395903	2.2473726	0.1954625	0.5159322	0.4354391	0.5163884	1.1706704	1.4844611	0.1976704
