##############
# A0212 PWM for 10-mers
# Model trained on 9-mer peptides adding one non-specific position after P6.
# Copyright (2016) David Gfeller
##############
1.00000	193	0
A	0.9857441	0.4010258	0.9468773	0.7117173	1.0537810	0.8303439	1.0000000	1.1958534	1.1697069	1.1533132
C	0.7531476	0.4943050	0.2632765	1.1757170	0.7442247	0.9272607	1.0000000	0.7510572	0.7461721	0.9939903
D	0.3762775	0.2096732	1.4139474	2.1490685	1.0516826	0.5768280	1.0000000	0.5751947	0.6989042	0.2149467
E	0.4651826	0.3550512	0.4941094	2.2496615	0.7531012	0.8341933	1.0000000	0.6876125	1.3357691	0.4884382
F	2.0087763	0.7259043	1.4402175	0.6663348	1.0119999	1.0228775	1.0000000	1.2964304	1.3807637	0.9077372
G	1.4043476	0.1947284	1.2807338	0.9838725	1.4558867	0.9651273	1.0000000	0.4900625	1.2116617	0.2768410
H	0.8558368	0.2433133	0.8603053	0.6193688	1.0767887	1.6632049	1.0000000	2.1874618	1.9458123	0.2125188
I	0.8328883	1.3501267	1.0759960	0.7444572	0.9865342	1.5615967	1.0000000	1.3697676	0.4830286	1.6332122
K	1.0735481	0.2933052	0.7042423	0.7924541	0.5699588	0.5062966	1.0000000	0.6034902	0.7028206	0.4756919
L	0.9246950	3.7999176	0.9643688	0.4344976	0.8646621	1.3789114	1.0000000	0.9416314	0.6486424	2.4186164
M	1.1868490	4.7083681	1.6684428	0.5927170	0.8019617	1.1263963	1.0000000	1.0786670	1.1221626	1.1939349
N	1.1697058	0.2393195	0.8796620	1.3219919	1.2548009	0.5845070	1.0000000	1.1484499	0.7735794	0.2328664
P	0.1941028	0.3101517	1.0612365	1.3726024	0.7007504	0.5601136	1.0000000	1.5733227	1.2302354	0.1765827
Q	0.6585894	1.3040568	0.9587961	1.3856918	1.0518202	0.8169079	1.0000000	1.0456305	0.5561777	0.3470832
R	0.6430254	0.3393748	0.4932874	0.6042515	0.6783908	0.5509755	1.0000000	0.3763984	0.7022457	0.3146084
S	1.2570503	0.4671423	0.5503903	0.8589008	0.7937805	1.5218894	1.0000000	0.5136614	1.4792221	0.4539775
T	0.9863384	1.0846536	0.8900399	0.5019772	0.7365421	1.1211361	1.0000000	1.0211974	1.2315667	1.0024873
V	0.9887846	1.7036056	0.7699744	0.6669306	1.2590966	1.0760502	1.0000000	1.0853626	0.6513536	3.8604970
W	2.2562496	0.2932153	2.2510271	2.4505179	3.7442305	1.8586274	1.0000000	2.8236030	1.8629435	0.5845963
Y	2.7433299	0.6146628	3.1479209	1.2554808	1.6679428	1.2204989	1.0000000	1.9464276	1.3515639	0.6147349
