##############
# A0211 PWM for 10-mers
#
# Copyright (2021) David Gfeller
##############
1.00000	249
A	1.2669880	0.6106624	1.0588162	0.6696259	0.6045009	0.7101929	0.5255927	1.3093431	1.0873407	0.9515679
C	0.7573312	0.4262666	0.7233267	0.8820816	0.9418791	0.9220280	0.9328467	0.9874956	0.6981591	0.5373723
D	0.3024689	0.1520697	0.8090700	4.7194492	0.8110458	0.9580911	0.8443152	0.3827032	0.4252755	0.2113223
E	0.3026357	0.1780636	0.3802842	2.9235731	1.2555445	1.2609213	0.6046631	0.9814386	1.1000501	0.2189072
F	2.3579814	0.5194594	2.3148298	0.2552522	1.0857229	0.5754126	1.3493039	0.8988766	0.7910487	0.5834331
G	0.5883600	0.2029845	0.3060861	0.7396599	1.0209506	2.0380269	1.1906398	0.3732898	1.3722099	0.1728955
H	0.7445498	0.1880582	0.8487696	0.5368998	1.2051668	0.7015462	0.6808104	1.5535429	1.9388996	0.2761875
I	0.9249568	1.6037039	0.9156253	0.3356756	1.5924367	0.7312054	1.4183325	1.3942151	0.6388294	2.1853819
K	2.5755042	0.2171432	0.2552360	0.6434172	0.8584546	1.4679610	0.7986668	0.8420104	0.8469612	0.2497888
L	0.9214154	5.2147245	1.4163857	0.2416326	1.6239383	0.5159498	1.6046625	0.9637446	0.7179299	2.5213230
M	0.7261098	3.3051724	2.6673159	0.2400527	0.9796402	0.6243205	1.2640727	0.7607447	0.7796856	1.1972831
N	0.5625486	0.1771493	0.5685173	1.0955312	0.7324194	0.6087874	1.1544422	0.5577778	1.0477747	0.1785425
P	0.1795939	0.1365704	1.3458454	2.3646334	1.4530110	2.6543433	2.4928518	0.8975867	0.4211583	0.1445010
Q	0.5465242	0.6086087	0.9808344	0.8091711	0.7013303	0.7455802	0.6677034	0.9807043	1.6661239	0.2035013
R	1.6700083	0.2631014	0.2338186	0.4524876	0.6229648	1.0171876	0.5590733	0.6936794	1.1213728	0.2434642
S	0.8353699	0.2186210	0.3916187	0.8379304	0.5651266	0.7808163	0.4136026	0.9342804	1.2151511	0.2381612
T	0.7757062	0.6582988	0.4422760	0.5276749	0.5195274	1.0120078	0.7015316	1.3043090	0.9835531	0.4650469
V	0.9653612	1.4683665	0.4872481	0.2707971	1.2874902	0.6944743	0.8065031	2.1305840	0.7222226	5.2564967
W	0.5643862	0.2454339	9.9287459	0.1651755	0.4763101	0.4415757	0.9658738	0.2441941	0.3004246	0.2264416
Y	2.3571818	0.3294474	2.8896183	0.3176058	0.7085294	0.4562258	0.8015131	1.1884077	2.8335251	0.5134189
