##############
# A0220 PWM for 10-mers
#
# Copyright (2021) David Gfeller
##############
1.00000	142
A	0.4843875	0.4170062	0.8227611	0.6343739	0.7701887	0.9143130	0.4702636	1.6557894	0.7457619	1.1278829
C	0.6928339	0.5140840	0.7534696	0.8655558	0.9241323	0.9197622	0.9553357	0.9774317	0.7196427	0.6290003
D	0.4233174	0.2195961	0.5921145	3.5136075	1.5872167	1.4325496	0.6635523	0.6497529	0.4897710	0.1983524
E	0.6629038	0.2452565	0.3678411	2.7780874	1.5688308	1.5024080	0.5921274	1.1606200	1.3984246	0.2243139
F	0.2669084	0.6391497	3.1502721	0.2508153	1.0793755	0.5305179	0.8697533	0.7333115	0.7631875	0.5981413
G	0.4026328	0.2802349	0.3999130	0.8344677	1.8050723	1.1489564	0.7419338	0.3499086	0.9014264	0.2327704
H	1.5642311	0.2462897	0.7686588	1.0989413	1.5044608	1.0499318	1.4356156	2.1306338	1.2638955	0.2133336
I	0.3766661	2.1271270	1.3352808	0.3222444	0.8302622	0.6610258	1.6565311	1.4589721	0.5036481	1.7739798
K	6.7201736	0.2927908	0.4461063	0.6635050	0.9995307	1.6333130	0.4938582	0.6832516	1.6989083	0.2657151
L	0.4235355	3.8547765	1.8135911	0.2373625	0.7136510	0.6397213	1.9741520	0.8145381	0.5485391	3.1495567
M	0.4137692	2.5964749	2.1318177	0.3174661	0.7477174	0.5855183	0.8045353	0.9794493	0.4520723	1.0836057
N	0.5425863	0.2643072	0.6922196	1.8156466	1.0614221	0.8780186	1.1933282	1.2449786	1.2845952	0.2243076
P	0.3775195	0.1877865	0.1880045	1.8323071	0.5182424	1.3710003	2.4252597	0.9819344	0.2681496	0.1901867
Q	0.8261291	0.6634761	0.8785647	1.4081735	1.0267738	1.5454073	0.9995392	1.3643386	2.2470582	0.2608643
R	2.4815760	0.2824313	0.3129612	0.5745240	0.4804389	1.0050306	0.4035458	0.4631806	1.2888753	0.2519534
S	0.5779099	0.4313679	0.4586345	0.9920148	0.9540353	0.8113704	0.5363926	0.7454129	1.3722212	0.3147115
T	0.5744807	1.4332755	0.7399562	0.5211129	0.8644383	0.9408572	0.7074045	0.8229838	2.1206334	0.5446821
V	0.4337497	1.9888180	0.6795949	0.3465306	0.9838836	0.7969657	1.2761346	1.5671670	0.5230957	4.2654070
W	0.2643404	0.3119080	3.2918932	0.2273391	0.2964614	0.2686514	0.2794006	0.3030057	0.3101668	0.2911350
Y	0.5226779	0.4237278	4.0048117	0.4545395	0.7071729	0.6482035	0.5721685	1.0025941	0.9767437	0.4161427
