##############
# A0302 PWM for 10-mers
#
# Copyright (2021) David Gfeller
##############
1.00000	329
A	2.5041520	0.5015503	1.4385867	1.0029492	1.1294211	0.8592704	2.4585076	1.8348947	1.5677018	0.2838001
C	0.6620158	0.5083220	0.6774254	0.8356607	0.8490997	0.8639235	0.8847797	0.8962590	0.9766821	0.1667230
D	0.2792447	0.1738237	1.0180998	2.1463188	0.8985984	0.4728889	0.4538542	0.4884231	0.5371121	0.2885207
E	0.3121857	0.1784454	1.1251636	2.1274599	0.9118928	1.0534908	0.4553480	0.5837840	0.9829308	0.4260994
F	0.2155295	0.3321268	0.5969371	0.3775121	0.6205863	0.2427009	0.4056366	0.6030247	0.5095194	0.2180915
G	1.3107987	0.2385392	0.9013309	0.9587502	1.5309455	0.8852923	1.4373413	0.3980174	1.1901036	0.2254434
H	0.8270766	0.1609924	0.5037371	0.4543392	0.4869400	0.8155688	0.4785676	0.6397450	0.5138289	0.4705193
I	0.9382472	2.0012322	0.4808681	0.4544893	1.0861874	1.5697517	1.1043767	1.9867990	0.4163783	0.1842010
K	2.1101121	0.2074632	0.4135836	0.8543152	0.6156329	0.5878930	0.6869586	0.5329555	1.0045622	11.2967583
L	0.3817430	1.8046054	0.6175235	0.3412960	0.7590915	0.6486333	0.7467906	0.5616066	0.9149186	0.2494820
M	0.6553141	1.9750689	1.6949388	0.3424567	1.1709235	0.6000980	0.9320870	1.2341197	0.7454949	0.2557528
N	0.3000542	0.2194504	2.9845663	1.3769161	1.3362958	1.0322664	1.0301719	0.9674809	1.4642058	0.3582294
P	0.1759284	0.1429129	0.3029986	1.2999362	2.0991694	2.0663140	1.3333492	0.9084605	1.2869492	0.1975862
Q	0.8455457	0.3651206	4.3353927	1.3638856	1.0074603	1.2847144	1.0585921	0.7848448	1.7984877	0.5134484
R	1.5588919	0.1876379	0.2988400	0.4803432	0.3127363	0.3181476	0.3157905	0.2630183	0.5181215	1.0765037
S	1.7227212	0.9924523	0.9806372	1.6604599	1.0337211	1.1048039	1.1086601	1.3121385	1.2034182	0.3110040
T	0.8201309	3.2435757	0.4334151	1.1667077	0.9009834	1.6760263	1.2030027	1.5020896	1.4761803	0.2827343
V	1.5344003	4.0304945	0.4993734	0.6651118	1.3630336	2.0748537	1.3721320	2.4303260	0.8674015	0.1928588
W	0.1711115	0.1837601	0.2156831	0.1772796	0.1755380	0.1664537	0.1750726	0.3799554	0.1836746	0.1719659
Y	0.3110485	0.2580758	1.7681112	0.9744208	0.6113480	0.4602644	0.5350810	0.6384951	0.7652888	0.6082613
