##############
# A0301 PWM for 10-mers
#
# Copyright (2018) David Gfeller
##############
0.07909	225	1
A	0.9677153	0.6682943	1.2807247	0.9124104	0.8630163	1.6044605	0.6456680	0.6225725	0.3527586	0.7474779
C	0.7099884	0.5748127	1.0099029	0.9019349	0.9178626	0.9886238	0.9711017	0.9357008	0.9103174	0.3819904
D	0.3689609	0.2313040	0.5548225	1.4764002	0.8569146	0.2637714	0.3671045	0.4975262	0.3403578	0.1845593
E	0.4994383	0.3991738	0.2652697	1.9201130	0.8854482	0.3739696	0.4745930	1.2410659	0.6043704	0.2008429
F	0.5856985	0.4850753	2.5837850	0.4627780	0.7604047	0.9866194	1.2236818	0.5776095	0.2765409	4.7624074
G	0.8367068	0.2396059	0.6652496	1.2372330	1.4167695	0.7212401	0.7269585	0.5892236	0.3504256	0.3271403
H	0.7236954	0.3142925	1.4253356	1.1465370	1.0976265	0.6480087	0.3251152	0.7248753	1.5681297	1.1729382
I	0.6800679	1.5751382	0.4533542	0.4820568	0.6426605	1.7519987	1.8326487	0.3657346	0.2316965	0.9091858
K	3.8308248	0.3538642	0.5818903	1.4305743	1.1506360	0.9289983	0.8546401	1.1331793	6.5239164	0.3329660
L	0.4487127	2.7769901	0.8604710	0.3700031	0.6059641	1.7525144	2.2373763	0.8715630	0.2604807	3.2682271
M	0.4986566	2.0821117	0.4207804	0.3308137	0.6055332	1.0192659	1.4002114	0.5226683	0.3284617	2.6837331
N	0.4013470	0.2750004	1.3219490	1.3803553	1.0418495	0.7649620	0.7421212	1.4136626	0.4419065	0.2939189
P	0.1755590	0.1477701	0.7420070	1.2127648	2.0607859	0.8626696	1.4994509	1.2069304	0.3488742	0.1200284
Q	1.1116332	1.5273386	0.2847177	1.3292964	0.9771307	1.2541943	0.4795422	1.7715134	0.5877705	0.4356583
R	4.5155815	0.4672362	0.5822299	1.0500214	1.3988729	0.3790574	0.4644165	1.0362026	4.7218328	0.3668281
S	0.8418929	0.8003591	0.8452755	1.3664324	0.9669027	0.9519710	0.8509044	1.9904573	0.4842160	0.4461744
T	0.5112574	2.1943078	0.7355523	0.8371515	0.7676814	0.9392654	0.7663180	1.7925487	0.4870973	0.6166199
V	0.7287289	1.9390560	0.4684544	0.4834475	0.9896858	1.1408500	1.1865999	0.7771764	0.2136481	0.7074860
W	0.2732925	0.2918406	3.2026423	0.9239421	1.8903418	0.2934239	0.2973160	0.9431776	0.2689283	0.4637234
Y	0.4185309	0.3364262	6.6753227	0.9061659	0.6386008	0.5563228	0.5619486	1.1183623	0.6131554	1.2601148
