##############
# A0301 PWM for 10-mers
#
# Copyright (2018) David Gfeller
##############
0.92091	2620	1
A	1.8118524	0.4018414	1.1017040	0.7903634	0.8538039	0.8097295	1.0654066	1.2586531	0.9820507	0.0812804
C	0.6253156	0.3103716	0.9726243	0.8584049	0.8595432	0.8625467	0.8662139	0.8686452	0.9527236	0.0933623
D	0.0882031	0.0609727	0.5125219	2.1750363	0.7205898	0.5460284	0.3131171	0.1695156	0.2923102	0.0755178
E	0.1096259	0.0876914	0.2669994	2.0031656	0.8763885	0.7934631	0.4218943	0.4118399	0.9965907	0.1136245
F	0.2212347	0.1385902	2.2272288	0.4676388	0.9719128	0.6310544	1.3376874	0.6203930	0.9097247	0.0314302
G	1.0304125	0.1482406	0.4820637	1.2839333	1.8167963	1.0506334	1.3195686	0.7246685	1.2131072	0.0775253
H	1.2469118	0.0538140	0.6728300	0.6204720	1.4355719	0.7242351	0.7118108	0.6736834	0.7526872	0.2132199
I	0.5959120	1.7708095	0.8324809	0.2908349	0.6644728	1.0951220	1.0998991	1.2742587	0.2251290	0.0349352
K	3.8540350	0.1642201	1.5708878	1.2245746	1.4772767	1.3322052	0.9039325	0.9440683	1.1870779	14.0590021
L	0.2853999	3.0202201	1.1061036	0.4184256	0.5697534	0.6889509	1.4647801	1.2482150	1.3627524	0.0529598
M	0.5751675	1.7626188	1.0824792	0.2859298	0.4641942	0.5785389	1.2302621	1.0582611	0.6740128	0.0492496
N	0.1691092	0.0572120	1.5412490	1.1930783	1.1499235	0.9051731	0.9264064	0.9283973	1.3950876	0.0674036
P	0.0451752	0.0281932	0.6132815	1.5025354	1.4632534	2.0006221	1.0994983	0.5745612	1.1331750	0.0612626
Q	0.5796529	0.7297559	0.7963976	1.3828752	1.2830350	1.2179154	0.9675062	0.9335239	1.8814422	0.0943329
R	4.2293084	0.2190889	1.3330959	0.5958020	0.6285409	0.7823759	0.5088939	1.0203839	0.7550907	1.6599026
S	1.5178402	1.0474104	0.9052566	1.7050806	1.2281081	1.3831160	1.2263720	1.6361504	1.2739646	0.0804109
T	0.4798676	2.9365449	0.2986082	1.0791833	0.9353923	1.4382995	1.1780128	2.2030228	1.1079866	0.0656060
V	0.7661035	2.9702449	0.3859652	0.4447077	0.7540060	1.0884637	0.9867749	1.2885355	0.6315658	0.0654471
W	0.0415675	0.0435242	2.2285514	0.4652398	1.0386921	0.3956604	0.7937832	0.3624658	0.6859401	0.0770927
Y	0.4503687	0.1358585	3.9171267	0.4948684	1.0499815	0.5105911	0.8841300	0.3307507	1.4723243	0.9559115
