##############
# A0301 PWM for 10-mers, C-terminal extensions
# Model trained on 139 peptides from deconvoluted human HLA peptidomics data
# Copyright (2016) David Gfeller
##############
139
A	1.0764467	0.5041108	1.4202502	0.8746311	0.8032749	1.9670978	0.8280137	0.7941782	0.4608132	0.7524304
C	0.7430638	1.1583887	1.4202520	1.3449868	0.8160934	1.0880418	1.5766943	0.8965254	0.5769339	1.0208744
D	0.4092501	0.2669196	0.3248167	1.6152976	0.7964418	0.3313006	0.4935650	0.4970693	0.4464262	0.2233105
E	0.4855009	0.2547790	0.2938512	1.5883340	0.9838120	0.3692695	0.4088563	1.1344389	0.5657993	0.2038690
F	0.3008927	0.6326481	3.0150130	0.6123975	0.8409967	1.2099779	1.2401324	0.5426492	0.2931908	4.7277586
G	0.8521504	0.2915788	0.9078616	1.5711125	1.3484818	0.9348747	0.7666988	0.8688830	0.4082044	0.7109802
H	0.6157754	0.2056244	1.2478266	0.7674279	1.1005016	0.6522205	0.3742293	0.3534856	1.0471680	0.2302743
I	0.6201280	1.9019993	0.6134677	0.4753729	0.7036191	1.8245240	1.7413390	0.4767792	0.2404469	1.1625398
K	3.6981626	0.3228849	0.6221847	1.2356014	1.1381064	0.6942187	0.9915443	1.0465481	6.6417421	0.2645931
L	0.4144653	3.3051453	0.9859926	0.4157148	0.6736944	1.7201077	2.4859927	0.9038027	0.2995080	3.7877995
M	0.5725709	2.1589775	0.6837776	0.5088523	0.5899337	1.4632629	1.3658096	0.8341686	0.5102913	3.5312274
N	0.5242594	0.3163882	1.1455973	1.6190517	0.9496837	0.5621086	0.7228380	1.3769246	0.5653027	0.3488874
P	0.1836138	0.1431456	0.3433094	0.8430568	1.8260639	0.6282986	1.0752689	0.9782428	0.1954678	0.1842165
Q	0.8555000	0.7251411	0.3742977	1.1508459	0.8585202	0.7656918	0.5214809	1.4389995	0.6408654	0.2914187
R	4.7374412	0.3159431	0.6788023	0.9713806	1.3274204	0.3626481	0.4486543	1.1258897	4.1181466	0.2750751
S	0.8879237	0.6249776	0.7570347	1.3211961	0.9224100	0.9842178	0.6606999	1.6331959	0.4730151	0.3027025
T	0.5684098	2.2101047	0.5153047	0.8553494	0.8329009	1.0659367	0.6241013	1.9124162	0.3979272	0.6291144
V	0.6731624	1.9859271	0.5025797	0.4567439	0.9445243	1.1012830	1.3335476	0.7208880	0.2469041	0.7796498
W	0.3984594	0.4557802	4.0421729	1.6676169	2.2398960	0.4720323	0.4546451	1.0713466	0.4264749	0.6691208
Y	0.3951604	0.4531625	7.2162028	1.3444771	0.7789181	0.8069466	0.6409084	1.3393168	0.8775749	0.8330930
