##############
# A1101 PWM for 10-mers
#
# Copyright (2018) David Gfeller
##############
1.00000	737	1
A	3.5764577	0.8246352	1.2948321	0.8585390	1.0816273	0.7386241	0.8657858	1.0149874	0.9288279	0.1667029
C	0.7267913	0.4326049	1.0674987	0.8882535	0.8983861	0.9060586	0.9053374	0.9214075	0.9106599	0.1119763
D	0.1476607	0.1488010	0.6833142	2.6915793	0.8876049	0.7471484	0.4655512	0.1959498	0.4273832	0.1613900
E	0.1963124	0.1634483	0.2296575	1.8425340	0.9996342	0.9579522	0.5190704	0.4782233	1.2131685	0.2326739
F	0.1066565	0.1409278	2.4524803	0.3691953	0.8947110	0.6375181	1.3111850	0.9291487	0.8327227	0.3032738
G	1.6339744	0.2145215	0.4990264	1.1871863	2.0408555	1.0184587	1.5261401	0.3795323	0.6192901	0.1617022
H	0.3601789	0.0942814	0.6461420	0.8832418	1.1474219	0.8276084	0.6654223	1.1740847	1.0448302	0.4704555
I	0.2937796	0.8989229	1.3763025	0.3271611	0.5465000	1.3158644	1.2849212	1.9076732	0.2540379	0.1120180
K	1.6477275	0.1473762	0.3554302	1.0635332	1.2310627	1.1741595	0.7211362	0.4955077	1.5586384	12.0593091
L	0.2450233	0.3836093	1.1059787	0.4003909	0.5769080	0.6122295	1.3335612	1.1220331	1.2322265	0.2516508
M	0.2605029	0.3761872	1.7068530	0.4399062	0.4593069	0.5750010	1.0811444	0.9576823	0.5341422	0.1545287
N	0.2130170	0.1894903	1.5903122	1.4458692	1.0435248	0.6406979	1.1205440	1.1198850	1.5660561	0.2006996
P	0.0906253	0.0811439	0.9642980	1.2525461	1.6596486	1.9726124	1.7679051	0.9708388	1.2693212	0.1114265
Q	0.4589063	0.7354166	1.8287257	1.3480561	1.1813076	0.9521050	1.3278471	0.9909026	1.9099587	0.3092222
R	1.9257184	0.2930559	0.2075413	0.6703625	0.4113739	0.6336482	0.4819164	0.7735526	1.1351475	2.1995415
S	3.6992937	1.7214255	1.1061481	1.5481379	1.0568239	1.5865430	0.8114910	1.2976713	0.9408649	0.2224685
T	0.7965809	6.2570193	0.5590652	1.1101750	1.0817519	1.3634084	0.7022167	1.1990948	0.8959200	0.1564938
V	0.7231343	3.7726714	0.5985251	0.4746831	0.7726569	1.0535128	0.9445746	1.7590159	0.7618257	0.2032679
W	0.1151757	0.1196617	0.6433635	0.2289278	1.1796234	0.3595961	0.9501287	0.8368997	0.4914315	0.1180091
Y	0.2035840	0.1761920	2.3891384	0.3615068	0.8478226	0.8396261	0.6282502	0.7474539	1.3152399	0.3704490
