##############
# A1102 PWM for 10-mers
#
# Copyright (2021) David Gfeller
##############
1.00000	627
A	3.6129689	0.7164348	1.1812664	0.9302710	1.0187910	0.6927258	0.6813269	0.9454490	0.7060826	0.1954594
C	0.6550367	0.3935166	0.8519261	0.7579224	0.7629585	0.7648561	0.7705859	0.7835082	0.7130176	0.1211431
D	0.1606773	0.1909309	0.4900386	2.5263588	0.8353714	0.7765171	0.4901207	0.2622033	0.3129583	0.1781717
E	0.1926153	0.1671494	0.3531279	1.5885030	0.8108349	0.7038490	0.4359470	0.4326567	0.9379159	0.2614306
F	0.1310162	0.1695323	3.2742964	0.5291185	1.0234954	0.7639402	1.7318094	1.3827123	0.9625023	0.3997115
G	1.5263343	0.2904840	0.4611747	1.0966428	2.0323877	0.9977857	1.2683949	0.3967690	0.6994127	0.1599274
H	0.2492336	0.1197024	0.3199042	0.4165727	0.6492170	0.5894581	0.3411626	1.0358804	0.8248301	0.3903661
I	0.4615860	1.3498224	1.4427429	0.5694446	0.8531441	1.4058124	1.6130718	2.1575686	0.5202941	0.1473579
K	1.0893494	0.1609429	0.2777336	0.6177242	0.8052714	0.8663292	0.6643248	0.4947684	1.5250821	11.4970351
L	0.2729352	0.5781078	1.3743086	0.6442894	0.6644154	0.5818703	1.4429786	1.2837792	1.3886227	0.3726425
M	0.4471881	0.4163177	2.8465361	0.5531006	0.8309789	0.7865347	1.3077799	0.6329265	0.7061978	0.1715661
N	0.2347907	0.2129050	1.2509014	1.2434744	0.8743401	0.5370904	0.8814258	0.9985667	0.9097410	0.2235473
P	0.1472333	0.1334726	1.0634965	1.6538537	2.1486381	2.9888719	2.2842772	1.8335641	1.9619918	0.2029065
Q	0.4156137	1.1392810	1.2763727	1.0475254	0.9524668	0.9155647	0.9366777	0.7071319	1.2865609	0.3507643
R	1.3389635	0.1398544	0.1594463	0.6159361	0.4619927	0.5092048	0.3802167	0.4732131	1.2959435	1.7552542
S	3.4819950	1.8303396	0.7449551	1.1681412	0.8955302	1.1261379	0.6415720	0.9597238	0.9971420	0.2137983
T	0.8742579	5.4768561	0.5256640	1.1415956	0.8401927	1.5451248	0.9345850	0.9753366	0.8252602	0.1787299
V	0.9301590	3.8817536	0.6830163	0.8318396	1.2128601	1.4825814	1.0344217	2.0909573	0.8379833	0.1292037
W	0.1076263	0.1112993	0.7470167	0.1124657	0.7907698	0.6689199	1.0272213	0.5746892	0.5876901	0.1113559
Y	0.2302934	0.1558457	2.5088539	0.7704084	0.8799152	0.6951259	0.7762809	0.5991572	1.5292192	0.4241284
