##############
# A2301 PWM for 10-mers
#
# Copyright (2018) David Gfeller
##############
1.00000	173	1
A	0.7141213	0.2974081	0.7373339	0.5073397	0.8681228	0.8267956	0.9010701	0.7999372	0.6100823	0.2834934
C	1.4774774	0.4008684	1.1724939	1.1434608	1.2019716	1.2251841	1.2067044	1.2194559	0.8300260	0.3102225
D	0.4749326	0.2611329	0.5346260	3.3729202	1.3072033	0.7358447	0.7854677	0.4265459	0.4632394	0.1843118
E	0.8155216	0.2277192	0.7050994	1.4923989	0.7332271	0.8584849	0.7430480	1.3176414	0.7905672	0.1849183
F	0.7318544	4.2134841	1.0650073	0.4715193	0.4717849	0.9323006	1.2330806	0.4818839	0.8790365	10.9690366
G	0.4405331	0.2203938	0.4958436	0.8885852	1.3996607	1.5203998	1.9771777	0.6055924	0.7482546	0.2887997
H	1.3200119	0.6683608	0.4392125	1.3345576	1.0699265	0.8076780	1.3342606	1.9704478	1.7213022	0.2944943
I	0.8979052	0.4921555	2.0537490	0.2774313	0.6927521	1.1495987	0.8778721	0.7423794	0.5110092	0.8907193
K	1.9858405	0.2581713	0.9249130	1.2566436	1.1754991	1.1404557	1.0409045	0.8942039	1.3765446	0.3174911
L	0.7405785	0.6472479	1.5057511	0.2385346	0.4184447	0.9064748	0.6790855	1.2154455	1.0054783	1.6411689
M	0.6389788	0.9069086	1.6847342	0.4470236	1.0747476	0.8925695	1.5236210	0.7874981	1.0473554	0.9567960
N	0.4791821	0.2559966	1.0600255	1.3488510	1.3291620	1.3059840	1.0635318	1.8774445	1.1968404	0.3019912
P	0.7144654	0.1938460	1.3056415	2.6687792	1.9244236	0.9201770	0.9838854	0.6566174	0.1958117	0.1056133
Q	0.8508396	0.2635230	1.0749921	1.1097915	1.1359817	1.1194532	0.9592250	1.5674278	1.4244888	0.2654517
R	2.2701424	0.2734204	0.5034589	0.8523517	1.1783649	0.7530348	1.1617872	0.7096386	1.3104340	0.2330101
S	0.8314631	0.2680275	0.8464647	0.7889961	0.9265760	1.0853594	0.7517859	0.7455691	1.4982040	0.2444226
T	0.9536237	0.2809690	0.5886075	0.8766104	0.8384379	1.3884164	0.8724565	1.9263162	2.3432349	0.4072848
V	1.6301007	0.3658199	0.8591709	0.3317690	1.0256374	0.7683544	0.5948270	0.7483622	0.8591009	0.4678942
W	0.3765738	5.3013576	0.3888361	0.2471386	0.6985760	1.1243965	1.1883475	0.3643119	0.7659243	3.6182469
Y	1.6995403	14.9766970	1.7159894	0.3231144	0.8220580	0.6316129	1.5087239	1.4698639	1.0337044	1.6470741
