##############
# A2406 PWM for 10-mers
#
# Copyright (2018) David Gfeller
##############
1.00000	95	2
A	1.0411241	0.4661634	1.0368446	0.9573377	0.7481599	0.7364129	0.8307269	0.9951050	0.7295857	0.3567469
C	0.9563135	0.4550653	0.7822131	0.8595732	0.9084514	0.9190846	0.9274867	0.9043375	0.8180988	0.4516558
D	0.5341379	0.2478867	0.3688981	2.7227894	1.1463237	0.9905751	0.9875427	1.2647495	0.6522662	0.2200819
E	0.8316027	0.2998115	0.3987851	1.5388565	1.1981871	0.6140100	0.8198304	1.4286112	1.1247550	0.2186363
F	0.6742875	3.8602744	1.9349499	0.4590519	0.9783241	1.2017816	1.2831570	0.6222740	0.9533189	9.8851010
G	0.4012133	0.2863108	0.6177736	0.6997383	1.4664303	1.0468180	1.5820554	0.8033466	0.7823854	0.2677284
H	0.9785401	0.8244018	0.8145395	1.0282620	0.7700675	0.9846900	0.5532388	1.4352295	2.0088519	0.3467370
I	1.7883799	0.6776159	1.0953381	0.3637612	1.2769430	1.4064155	1.1378345	0.5534999	0.6284869	1.1718958
K	0.9577123	0.4247229	1.1211702	1.3476583	1.0857672	1.0631732	1.1062407	0.9672028	1.3805577	0.3274685
L	0.8708217	0.9802657	0.5655309	0.5601643	1.0063052	1.3419017	1.1550663	0.5052330	0.7684376	1.9629108
M	1.2810288	0.6768338	0.8008947	0.4701762	1.4099478	0.9076469	1.0405439	1.3087655	0.7804075	0.9335400
N	0.9529491	0.3306142	0.6697892	1.4070311	0.9925443	1.2319396	0.8494402	1.7266911	1.1234416	0.2611624
P	0.5563500	0.1672057	2.2100675	1.5783415	0.9926116	0.7677887	1.2113885	0.4729452	0.2584439	0.1321310
Q	0.7279062	0.4625554	0.6561724	1.1869367	0.9684223	1.0418216	0.4447625	2.3578314	1.5425339	0.2165587
R	1.4452520	0.3649026	0.6792110	0.7912658	0.7071242	0.7050492	0.4595596	0.8081164	1.2648116	0.2815366
S	0.9066559	0.4281289	0.8143064	1.0051734	0.5952124	0.8848889	0.7556629	1.1663710	1.4200100	0.2912933
T	1.0845065	0.3752884	0.8721189	1.0603475	0.7622947	0.8651058	1.1216369	1.2770120	2.4331316	0.3596622
V	1.6807317	0.5584081	1.4802550	0.5500898	1.1894729	0.9170915	1.0607450	1.0569029	0.4722022	0.6460105
W	0.4596607	2.8246839	0.5831893	0.3447751	0.4082627	1.1330273	1.7602513	0.3817923	0.4490438	0.9314140
Y	1.4036776	12.3862065	2.6413277	0.5942339	0.6721854	1.2794650	0.9003882	0.4892687	0.9282929	1.6094703
