##############
# A2407 PWM for 10-mers
#
# Copyright (2021) David Gfeller
##############
1.00000	217
A	0.6255584	0.2457781	0.8376217	0.5640972	1.0397283	0.8947792	1.0427524	0.8428278	0.5272297	0.2330900
C	0.7780593	0.3487569	0.5364064	0.7446600	0.7928936	0.7845277	0.7680021	0.7881176	0.7173318	0.2932082
D	0.2597292	0.2233781	0.6189474	2.3378621	0.6477598	0.9153652	1.0025994	0.3737625	0.3780814	0.2131654
E	0.3501296	0.1934133	0.2700248	1.5857334	0.3975223	0.6765648	0.8213878	1.0987492	1.0026312	0.1565761
F	1.0277938	7.0085558	1.6247574	0.4101219	0.8561157	0.6782010	0.8707651	1.1483614	1.0205183	11.8855424
G	0.3246367	0.1726067	0.3857443	0.4728657	0.8953047	1.2340647	2.0375897	0.4366930	0.3930119	0.1693916
H	1.1398797	0.7951859	1.8027601	1.3796010	1.2262931	1.0011936	1.2930193	1.8138358	1.2866652	0.2775542
I	2.1755959	0.4939185	2.2394161	0.4578917	1.2239480	1.2021661	0.6301273	0.8825619	0.6809149	1.1045230
K	1.5158513	0.2111920	0.6278558	1.1442592	0.7637748	0.7836412	1.1326222	0.4754077	1.3450081	0.1664048
L	0.7391201	0.7969121	1.7390761	0.3825163	0.8306039	0.7122049	0.7048074	2.0646630	1.3490970	1.7760692
M	0.8298508	0.6904852	1.9110907	0.4316775	0.4165046	0.6281253	0.5910383	1.2139283	0.9332764	0.7132470
N	0.7966723	0.2212878	1.1374797	1.1329036	0.9603498	0.8661968	1.3708713	1.4146914	0.8507831	0.2541280
P	0.5092886	0.1251202	1.5034751	2.7733851	3.0538135	1.9169559	1.4728309	1.0342526	0.1956130	0.1058708
Q	0.8524933	0.2169386	0.5045399	0.7660582	0.6718843	1.5540458	0.9413810	1.1892338	1.2519047	0.1540233
R	1.9994107	0.2700900	0.4969114	0.6245786	0.7349917	0.4846762	0.7820822	0.4650888	1.4193134	0.1785482
S	0.6998646	0.2174428	0.7092744	0.9653247	0.9632367	1.1248950	0.8589028	0.5994985	1.0559215	0.1911693
T	0.6981472	0.3055289	1.0605336	1.8692882	0.9760768	1.8862411	0.6872517	1.1607720	1.9362661	0.2524547
V	2.2536872	0.4238716	0.7367641	0.7333205	1.4910091	0.9271714	0.6827013	1.2631154	1.2666368	0.4848593
W	0.2975911	3.8797788	1.1023740	0.2099659	0.5089512	0.7804311	0.2662656	0.8147890	0.3062753	4.7347607
Y	2.0116703	11.8408591	0.6449328	0.8053448	0.8582287	0.6353609	1.5802985	0.8121716	2.0161494	1.2584824
