##############
# A2403 PWM for 10-mers
# Model trained on 9-mer peptides adding one non-specific position after P6.
# Copyright (2016) David Gfeller
##############
1.00000	339	0
A	1.1158443	0.4351386	0.8120147	0.8340207	0.8725135	0.9534848	1.0000000	0.8362804	0.9308402	0.2838164
C	0.8914377	0.1683877	0.4012915	0.6830140	0.7917086	0.9023442	1.0000000	1.1818105	0.3907550	0.1925801
D	0.3830658	0.1411888	0.7667599	1.1419418	0.9004059	0.9353935	1.0000000	0.9982973	1.2354489	0.1265682
E	0.4846706	0.1717630	0.4556433	0.8496605	0.9812323	0.6106705	1.0000000	0.7380423	1.2392620	0.1383237
F	1.4749462	4.0139478	1.2323731	1.4705669	1.2927569	2.0674978	1.0000000	1.7834084	1.3330456	9.2764062
G	0.9000549	0.1803867	1.0604583	0.7416164	1.0451912	0.9275794	1.0000000	0.8371368	1.1433274	0.2004054
H	0.8163619	1.0696309	1.1914782	0.9650855	0.6376520	0.5549550	1.0000000	1.9301671	0.8197283	0.2226947
I	1.1450753	0.4151910	1.1021333	0.9461236	1.1418028	1.6113313	1.0000000	0.6889895	0.7704508	1.4999786
K	0.9312681	0.1898119	0.8215852	0.9145331	0.8818936	0.5736559	1.0000000	0.7192497	0.9156168	0.6400533
L	0.7436816	0.6092209	1.3609202	0.7755955	1.0382128	0.9252875	1.0000000	0.9042942	0.7294046	2.2671016
M	1.6833464	1.5200432	2.7257957	0.8140097	0.5819211	0.9454940	1.0000000	1.0846186	1.1509019	0.9034126
N	0.5959770	0.1863802	0.5010477	1.3963649	1.7403647	0.5964820	1.0000000	1.0042616	0.9230404	0.1494126
P	0.4595385	0.1084173	1.6437928	1.6455569	0.8747515	0.6871529	1.0000000	0.6854560	0.6949423	0.0940943
Q	1.1256525	0.4635864	1.4802712	0.8077134	0.7576246	0.7233546	1.0000000	1.0625455	0.9812214	0.1509716
R	1.8548181	0.2270782	0.5237085	1.0896650	1.0904157	0.9402499	1.0000000	0.6814922	0.8150695	0.2110955
S	0.8743241	0.2605686	0.8366375	0.9715684	1.0477973	0.8755028	1.0000000	1.0897102	1.1105923	0.1921380
T	0.9945709	0.7304664	1.0328541	0.7216574	1.0876796	1.4747961	1.0000000	0.7182460	1.0422240	0.2146034
V	0.9002888	0.6145977	0.6950123	0.9278245	0.9533247	1.1924376	1.0000000	1.0841831	0.9256318	0.6046854
W	3.1781101	5.4815609	0.9991883	2.9402230	1.3665135	0.4421806	1.0000000	3.7505798	1.9884509	2.9348929
Y	2.2629206	13.8133148	1.3435702	1.1352983	0.6611860	2.0337277	1.0000000	1.7020025	1.9378086	2.4900926
