##############
# A2402 PWM for 10-mers
#
# Copyright (2018) David Gfeller
##############
1.00000	628	1
A	0.7532738	0.1597316	0.9680992	0.6254742	0.9059008	0.8146766	0.7888873	0.7666153	0.5387868	0.1468037
C	0.8145859	0.2574758	0.6213063	0.7979152	0.8194074	0.8192302	0.8103687	0.8177891	0.6967905	0.2039732
D	0.3466823	0.0913235	0.5313547	3.0301795	1.0336215	0.9042344	0.7472874	0.6145630	0.2579517	0.1050160
E	0.5146936	0.1118605	0.1880217	1.7189208	0.6524097	0.6521795	0.5642058	1.4824526	0.6041805	0.1017553
F	0.8069793	2.6554318	1.5128537	0.3639070	0.5906028	0.4967339	1.6048532	1.3721482	1.3057073	12.0073767
G	0.2718238	0.1934291	0.4163942	0.5878004	1.3314714	1.4611167	1.6361482	0.4373163	0.3672280	0.0972351
H	0.6428323	0.5457745	0.7299355	0.8804832	0.8662111	1.1763744	1.0085996	1.5574360	1.3766278	0.1269762
I	1.6853322	0.2600511	1.7437348	0.4651836	0.8423913	1.1007763	0.8431524	0.9329761	0.6284739	1.3104210
K	1.5913258	0.1499695	0.7548253	1.1088065	0.9731475	0.7738205	1.0841466	0.4951439	1.2213581	0.0914164
L	0.7691030	0.3423635	1.4205415	0.4453445	0.9328734	1.1692038	0.8782943	1.3085912	1.5593754	1.9453002
M	1.0755471	0.4896819	2.0258011	0.2796983	1.0442622	0.9449743	1.2607603	0.9068054	0.8098201	0.5991665
N	0.7397968	0.1546979	1.6509904	1.4442258	1.2474262	1.1856762	1.2434601	1.6675003	1.1227866	0.0937434
P	0.4862343	0.1514765	1.6457012	2.5208687	1.5552375	1.2125937	1.1428494	0.9884152	0.1270891	0.0470359
Q	0.7627157	0.3589556	0.7379719	1.1832338	0.9205547	1.4034115	1.0817936	1.7782123	0.9619170	0.1141630
R	2.0303147	0.2116170	0.4469618	0.7144785	0.9292028	0.7187003	1.2436826	0.4886103	1.4136984	0.1790794
S	0.8589495	0.3210404	1.0981323	0.7706282	0.9637694	1.0869359	0.8706870	0.7438625	1.0509802	0.1475326
T	0.9773990	0.2046343	0.8358631	1.2868188	1.0961435	1.1422561	0.8469845	0.8782209	2.4151496	0.1301987
V	1.9389056	0.2245243	0.6176617	0.3757679	1.0923059	0.8649777	0.6135305	1.0379527	1.0253767	0.2659070
W	0.4469218	5.7347351	0.5788318	0.2586816	0.6910812	1.8977752	0.9831706	1.3865187	0.3273375	6.3276691
Y	2.0818997	20.8579818	1.4452586	0.5012421	1.1410942	0.6162754	1.4831763	1.0972299	2.2017501	1.0765950
