##############
# A2413 PWM for 10-mers
#
# Copyright (2018) David Gfeller
##############
1.00000	30	2
A	1.1660562	0.4935314	0.9584345	0.6657899	0.8799461	0.8832185	0.7191573	0.9393330	0.9367497	0.4750589
C	1.0196890	0.5254445	0.9447528	0.8300135	0.9281423	1.0218815	0.9093095	0.9836495	0.8776951	0.5470924
D	1.0383803	0.3150181	0.4218925	3.2630665	1.2153629	0.7887992	0.6210989	1.2627589	0.7064017	0.3279210
E	0.5969591	0.3642972	0.5599726	1.5888471	0.8510908	0.8748126	0.7885177	1.0583761	1.4319642	0.2924659
F	0.7030508	4.6638163	1.4294993	0.7022575	0.4279071	1.3736471	0.8182146	0.4874366	1.1290917	7.5331839
G	0.5342539	0.3588093	0.7198880	1.1572929	1.7173335	1.3388217	1.9654305	1.1888932	0.8687629	0.6580462
H	0.9654544	1.0772071	0.3649427	1.5081836	0.9802879	0.4556063	1.4550044	1.0054165	1.0219590	0.4907518
I	1.4414266	0.7931374	2.4942028	0.4064102	0.9154056	1.2287990	0.9906858	0.9795519	0.6114851	1.3170922
K	1.5512206	0.4171702	0.6412186	1.1235298	1.3934314	0.9221376	1.6149190	1.1116088	2.0464890	0.3314263
L	1.0225338	0.7771302	1.9367958	0.3953477	0.5560760	1.6602694	0.8361487	0.8268068	0.6187478	1.5493789
M	0.9090901	0.8129213	1.2397462	0.5228411	0.6660644	1.0460550	0.7482314	0.7639063	1.4267764	1.0983774
N	0.6406509	0.4268010	0.7061336	1.2381178	1.5717391	0.5834396	1.2743403	1.3880202	0.7681206	0.6556538
P	0.3067553	0.2102535	0.5434133	1.2014963	1.4824041	0.2794492	0.8852864	0.3344053	0.3434971	0.1760333
Q	0.6415284	0.4189033	0.4408074	1.0133749	1.1354894	0.8007591	0.9312546	1.1902607	1.0919730	0.2919771
R	1.2237729	0.4390317	0.4595236	0.9445358	0.7312396	0.5851959	1.2768956	0.9675001	1.1724158	0.3595344
S	0.8673320	0.4626354	0.6757057	0.9241542	0.7650141	0.9355214	0.8629835	1.4573026	1.2808793	0.4074329
T	1.2548034	0.6549052	0.6571469	0.9996979	1.0349217	1.0392239	1.0069578	1.8747539	1.6611337	0.4742714
V	1.4812934	0.6300101	1.5953897	0.5257274	1.0989013	1.3160694	0.7583474	0.6943214	0.8331290	0.8204761
W	0.6017688	2.0048584	0.5612898	0.4396034	0.4242045	0.6215897	0.5000788	0.4737608	0.5502309	1.1987046
Y	1.4550807	9.9504418	0.7146623	0.5822390	0.5164858	1.1194505	0.6408916	0.5500433	0.7065027	2.3889561
