##############
# A2501 PWM for 10-mers
#
# Copyright (2021) David Gfeller
##############
1.00000	1011
A	0.5231659	0.9270988	1.2617426	0.5857274	0.9701745	0.8527356	0.4681199	1.0827282	1.4473430	0.0909021
C	0.6184368	0.3254872	0.4581548	0.5514468	0.5629892	0.5660585	0.5741058	0.5707467	0.0997434	0.0682625
D	2.8622483	0.0922586	0.2628631	3.6227021	1.2083076	1.0110896	0.2662726	0.5431838	0.2186919	0.0870147
E	7.1579725	0.1898856	0.1556455	1.9986561	0.8680600	1.2314465	0.2288043	1.0904021	1.1348847	0.0775404
F	0.4899818	0.1344492	3.1440299	0.3113931	1.4160655	0.5908402	1.6619313	0.3737465	0.3955839	6.1210463
G	0.4217099	0.0893167	0.1319209	1.5249844	1.9932276	1.0653102	1.0868713	0.8386356	1.0193995	0.1142053
H	2.2686838	0.0996364	0.9685934	1.1045223	2.1871875	1.0628842	0.6947874	1.8645404	2.5018961	0.2047397
I	0.1379964	2.1610983	2.6998006	0.2330025	0.6566066	1.0520704	1.8554132	0.4886375	0.2028848	0.4631724
K	0.1907217	0.0887773	0.4916211	0.5482606	1.2334680	1.3495983	0.4420093	0.9265261	0.9237073	0.1810375
L	0.1034085	0.7858432	0.8359743	0.2061291	0.4899450	0.7867475	1.6911698	0.7306119	0.2438039	0.8649671
M	0.4191054	0.3123511	1.6477228	0.4563833	0.3409243	0.7135137	1.3627947	0.6026147	0.2317177	0.2626369
N	0.5890436	0.2106911	0.8155149	1.7464684	0.8031272	1.0558593	0.4828438	1.3721048	0.8961094	0.1085770
P	0.0940643	0.2021727	0.9279056	1.8047648	1.0953470	0.9894388	1.3448332	0.4395149	0.2218559	0.0362970
Q	0.5053339	0.2402145	0.4015487	1.2183944	1.0764044	1.1243465	0.6914747	2.1932624	1.1560370	0.0911737
R	0.1578177	0.0783172	0.3582289	0.4624659	0.8954018	1.1194983	0.5982939	1.1289051	0.7585166	0.0719012
S	1.0513194	0.6001946	0.5849389	1.1204589	1.1795016	1.1518698	0.8107564	2.1765976	3.7180776	0.0819490
T	0.7067170	3.0814212	0.6606660	1.0686393	0.7128411	1.2691025	1.1961059	1.7407217	2.2865579	0.1322812
V	0.1926822	6.7085943	1.5286775	0.3003692	0.7785825	1.0808161	1.3807949	0.7223715	0.7521288	0.1631269
W	0.1552474	0.0757808	0.2034321	0.2860833	0.4502579	0.3698770	0.5446179	0.1517244	0.2277273	27.9354394
Y	1.0214613	0.1108763	3.6505789	0.3315280	0.6927623	0.4962042	2.4074572	0.3520400	0.3902653	7.0412946
