##############
# A2601 PWM for 10-mers
#
# Copyright (2021) David Gfeller
##############
1.00000	706
A	0.4751210	0.8187786	1.5048987	0.7533089	0.8433262	0.8581237	0.5148514	1.1576033	0.8940669	0.2336186
C	0.4397475	0.5201594	0.4013650	0.6346123	0.6423626	0.6524152	0.6606719	0.6548879	0.2945167	0.0997353
D	2.8091829	0.1724150	0.1259863	2.8148431	1.1617937	1.0631736	0.5156848	0.4807213	0.4631891	0.1516768
E	7.3148182	0.3147049	0.1476240	2.3583580	1.4043381	0.9804788	0.4365787	0.8942925	1.2583017	0.1397360
F	0.6764711	0.1771164	2.7670965	0.2587200	1.5075868	0.6439482	1.3626645	0.5730587	0.5936228	4.7337675
G	0.2817481	0.1894153	0.2318190	1.3293234	1.7695814	1.0163687	1.4469693	1.4182397	1.4604781	0.1182573
H	1.5002138	0.0900377	0.8337531	0.9317078	1.8666238	1.3162505	0.5462799	2.9567394	1.2165050	0.8227778
I	0.2421500	2.1999669	3.1680209	0.2750874	0.9138193	1.2283459	1.8019703	0.3840231	0.3438678	0.2907036
K	0.2795180	0.1201878	0.4929359	0.5552401	0.9981050	1.1469589	0.6656946	0.8575426	1.6787737	0.2346711
L	0.1021704	0.7712723	0.6041955	0.2304218	0.5093559	1.0960250	1.7032822	0.7576979	0.9003058	0.7006900
M	0.2765101	0.2692827	1.5035029	0.3283381	0.4627783	0.9288675	1.6485775	1.1494317	0.5250331	2.3589399
N	0.4983705	0.2065175	0.6147029	1.5323728	1.0319819	1.3785860	1.0023130	0.9892778	0.7711468	0.1401939
P	0.1268196	0.1808504	1.0484170	1.9797120	1.0294021	0.9091580	0.6384839	0.6759274	0.4130718	0.0890711
Q	0.5395223	0.2359712	0.3312573	0.9726909	1.0091963	1.0932493	0.9499545	1.4067005	1.5859363	0.1813249
R	0.3003072	0.1054760	0.3550579	0.5447506	0.7381096	0.6104245	0.4807147	0.9009002	1.4777519	0.5940857
S	0.9764831	0.5963648	0.4325515	1.2361569	0.9089131	0.8917350	0.9814923	1.8279090	1.5643544	0.1825901
T	0.8040360	3.3274825	0.5651142	1.3024242	0.8511901	1.3228936	0.9684624	1.6460969	1.1637259	0.1485284
V	0.1393976	6.2089829	1.6194162	0.2360242	0.8342180	1.1465874	1.0801378	0.6230357	0.6221520	0.4298335
W	0.4176194	0.1010901	0.1793327	0.7015432	0.4206390	0.5106497	0.5373565	0.5125981	0.4285675	0.5723912
Y	1.3169703	0.1466362	4.1577639	0.6547848	0.8226854	0.4799328	1.4719552	0.3712119	1.4222100	16.3100251
