##############
# A2902 PWM for 10-mers
#
# Copyright (2021) David Gfeller
##############
1.00000	297
A	1.1230898	0.8535660	1.1856284	0.7994087	0.7328778	0.9932145	1.4683833	1.1353813	0.5597974	0.2192523
C	1.3056288	1.1013015	0.6642222	0.7745631	0.7834800	0.8077954	0.8005068	0.8128156	1.2817252	0.1611026
D	0.2284391	0.1844710	1.3179359	2.1918822	1.0084295	1.0024704	0.7845605	0.7038977	0.7602840	0.1504955
E	0.3057968	0.2967171	0.6738405	1.4844487	0.6794886	0.8644121	0.7618309	0.6788957	0.9164618	0.2252088
F	2.2465102	5.6562359	1.7883306	1.0877803	1.4005162	1.0601070	0.7407587	1.1421895	1.3659037	2.2349112
G	0.9110490	0.3344174	0.5949290	0.8188213	1.3960773	0.9234174	2.0227663	1.1062111	0.5318353	0.1464164
H	1.3967145	0.2981110	0.9223294	1.7363325	1.1734545	0.9780080	1.0917872	1.1009842	1.1219569	0.8395143
I	0.9115941	0.6780303	1.0375786	0.6791119	1.3248997	1.2444282	1.0583662	0.7321039	0.5282519	0.3045343
K	0.6982454	0.2454458	0.5295509	0.7230377	0.6210701	0.6521203	0.7517896	0.5459870	1.2130941	0.2159569
L	0.5972086	1.0685522	1.3402480	0.6457651	0.9879238	1.1217886	0.6101487	2.1354151	1.6036335	0.3283211
M	0.9932815	1.0653258	0.6621829	0.3987987	0.6259039	1.2076129	0.4954024	0.6247315	1.0329519	0.4198520
N	1.0801721	0.7047175	1.2178811	0.6807542	1.5515004	1.0047801	0.9733878	0.6628798	1.0478928	0.3199435
P	0.2530181	0.3336989	1.2749178	1.7353457	1.9238769	1.4797687	1.7513169	0.7196303	0.4540943	0.1211874
Q	0.6502861	0.3165670	0.4932675	0.9490984	1.0164046	0.7360559	0.8636551	1.5497131	1.4473581	0.2293010
R	0.3713780	0.2806456	0.4521804	0.5269171	0.5502394	0.3762867	0.6484136	0.5146195	1.3237489	0.4274936
S	1.1168904	0.6348325	1.0193579	1.1762744	0.9144601	1.1003222	0.9607103	0.6093497	0.7931486	0.2374626
T	1.4105733	1.3509207	0.7411259	1.0828656	0.7337132	1.2255498	1.1766181	1.1656422	0.8466715	0.3493652
V	1.2603091	1.6679289	0.9457183	0.8000884	0.7885840	1.3317385	0.6020143	0.8593182	0.7672477	0.2872906
W	2.0136421	1.0389701	1.1179133	0.8447122	0.8471977	0.4194136	0.4215325	0.4670719	0.4876697	1.4903983
Y	4.2896584	4.3269578	2.2907496	1.1109575	0.8801578	0.7837136	1.1636091	1.8695198	2.7131812	21.6807897
