##############
# A3001 PWM for 10-mers
#
# Copyright (2018) David Gfeller
##############
0.45565	113	1
A	1.1288943	0.7840667	0.7695187	0.7257697	1.0329472	0.7284604	0.6263485	1.1200951	1.1920133	0.7454294
C	1.2400173	0.9941296	0.5362685	0.8998342	0.9529490	0.9118581	0.8190589	0.9457237	1.1298904	0.3590144
D	0.5413395	0.3610508	0.3222446	2.3511656	0.4116619	0.7973871	0.4022325	0.5074362	0.5789458	0.4504791
E	0.6363517	0.4078198	0.3506946	0.9753138	0.5599936	1.6239227	0.5964072	0.6324914	0.6298835	0.6098271
F	0.5705304	1.1434263	2.6170342	1.1420849	0.5136683	0.6883387	0.6260287	0.3330153	0.9806588	0.4682834
G	1.5586223	1.3188843	0.6216664	1.7383602	2.4726009	1.4187683	0.4650950	0.4215126	1.3262476	0.4180490
H	1.5865410	0.3429636	1.9366894	1.0659059	0.7014602	1.2236383	1.4798464	0.3333609	0.3994756	0.4217381
I	0.6735583	1.1332856	1.1906478	0.3442714	1.0461003	0.8298362	0.2600428	0.6729439	0.5077240	0.4829721
K	1.5544544	0.3923122	0.4327128	0.8960961	1.1460987	1.1938736	1.7310580	0.5431251	0.7493871	6.3592539
L	0.6397193	1.1277179	1.8368864	0.7313904	0.6358610	0.6218961	0.3240356	0.5387222	1.3366064	1.0691309
M	0.8596055	1.3719281	0.9489410	0.4731468	1.0366852	0.8540903	0.4332210	0.8043677	0.5844379	1.4533980
N	0.7882567	0.7654215	0.7268074	0.8330039	0.5978665	0.9314647	0.6533100	0.6290559	0.6340289	0.8659112
P	0.2373753	0.4003812	0.6669333	1.3737489	1.8463670	2.1294238	1.5485203	5.8498686	2.9599983	0.2575171
Q	0.9851018	0.4725777	0.9118500	1.1215902	0.9671553	0.7347777	0.7911630	0.8221275	1.2454853	0.7321325
R	2.8381180	0.3648978	1.0650549	0.8521335	0.6550579	0.8724985	7.2041291	0.3877968	0.4242284	1.6306559
S	1.7191192	1.6118305	0.6415024	1.2545738	1.4225353	0.9262192	0.5038757	1.2059952	0.7757068	0.5369738
T	1.0863745	1.9130292	1.0070811	1.4450126	0.9129993	0.7260060	0.5892586	0.7577623	0.6959801	0.5556929
V	0.5293249	1.8113754	0.9238319	0.3546554	0.8088949	1.0955051	0.3445931	0.9177318	0.4899679	0.5106557
W	0.3693850	2.7719445	1.1495867	0.9352267	0.3807285	0.3371132	0.9305868	0.2902773	1.0406382	0.3689887
Y	0.4516271	1.6484115	1.8773835	0.4709709	1.0374641	0.4349127	0.4590586	0.8306827	2.2112247	0.5760114
