##############
# A3001 PWM for 10-mers
#
# Copyright (2018) David Gfeller
##############
0.54435	135	1
A	0.9303246	0.7640519	0.6038591	0.9540740	0.8941879	0.7947326	1.0232387	0.5102598	0.5715023	0.5731126
C	1.1813771	0.9731560	0.4535342	0.9072492	0.9539217	0.9293345	0.9014259	0.9042513	1.1149682	0.3115813
D	0.4133878	0.3806782	0.3846710	2.1490438	0.7947770	0.9819228	0.9760837	0.6096280	0.4756361	0.4283376
E	0.6034947	0.3250468	0.4712898	1.7290083	0.9491976	1.1015139	1.3535208	0.5600115	0.9442291	0.5949396
F	0.3839219	1.7001589	1.2950007	1.1770445	1.4604316	0.6760325	1.6032873	0.7878004	1.7483926	0.5883267
G	0.8045807	0.4056089	0.3573325	1.2253967	0.6537539	1.3679133	1.3583841	0.4879138	0.5020753	0.4705295
H	1.0095376	0.4694817	0.4159693	0.3964721	0.7606062	0.3694314	0.8388114	1.1104982	1.3145010	0.4345629
I	0.3952203	1.0941865	1.0554164	0.6411898	1.5026079	0.8888949	0.7188465	1.2092126	0.5527270	0.4497686
K	4.0993728	0.3641847	3.6259936	0.6160238	0.5431645	1.5487346	1.2462587	1.5707225	1.3442933	7.5509985
L	0.3624126	1.5976110	0.9996000	0.4429085	1.4367131	1.0211319	0.8772598	0.7809054	1.2318506	0.8325461
M	0.4365510	1.5051527	1.3679982	0.4413245	1.4499831	0.7026332	0.6706579	0.8799705	0.9099909	0.5024318
N	0.5419392	0.4640782	1.2207536	1.3134479	0.9494469	1.5537171	1.3450652	0.5489846	0.8197874	0.7103650
P	0.2328520	0.1844438	0.4564572	1.0409229	1.2544017	0.6261782	0.7002026	0.7725756	0.7706333	0.2458720
Q	0.7594211	1.0943767	1.1169659	1.1432068	1.0479925	1.1451948	1.0587191	0.8907097	1.5030349	0.7053590
R	4.3590485	0.3541893	1.7158886	0.4227500	0.6250730	0.7582527	1.3209526	3.7922125	1.0815119	1.1394692
S	1.1868326	0.8409689	0.5805037	1.5099223	0.4861668	1.3726093	0.8702167	0.6355677	0.8292050	0.4967523
T	0.6073025	2.4002929	0.6523791	0.9157815	0.6535722	1.0635074	0.7992969	1.0851770	1.2201191	0.4327077
V	0.4642584	1.7354555	0.6600023	0.7708695	1.4685496	0.8902993	0.5546544	1.2727020	0.9240515	0.3873194
W	0.3460837	4.4500609	1.9614275	1.3708754	1.3647279	0.8456056	0.9005916	0.8627247	0.5229228	0.4142656
Y	0.6681875	1.7279460	1.7954646	1.1455724	0.5091149	0.6775750	0.9273225	0.7323186	2.5353417	1.7097312
