##############
# A3002 PWM for 10-mers
#
# Copyright (2021) David Gfeller
##############
1.00000	699
A	1.1154894	0.6947877	0.8720418	1.0114509	0.9067977	1.0590344	0.9613432	1.4069883	0.6999376	0.1229118
C	1.1688574	0.6999202	0.2717650	0.5882799	0.5938138	0.6061723	0.5956700	0.5919623	0.8304317	0.0884303
D	0.1441337	0.1905158	0.2104187	2.2944817	1.7502058	0.9428026	1.1271161	1.4716683	0.4694659	0.0822622
E	0.2030194	0.2110601	0.3000117	1.9416366	0.8532546	0.6470247	1.0540630	0.3505316	0.8538442	0.1077319
F	0.2314865	1.1301846	1.5449098	0.5028496	0.8626472	1.0313720	1.2829485	0.8511031	1.3498106	0.7220430
G	0.7026909	0.5491160	0.3703650	1.1614725	1.2689671	1.1149936	1.2457721	1.2795612	0.5786511	0.0980493
H	0.7847978	0.2829622	1.3599370	0.7471228	0.9192192	0.8732492	1.4411767	7.2199717	1.4356877	0.4656383
I	0.5563419	1.4632459	1.2049781	0.5436002	1.1143275	1.3531120	1.0151668	0.4213702	0.4488029	0.1874547
K	3.8623732	0.2571888	2.0403704	0.7639275	0.7833680	0.7178738	0.8736960	0.6268252	1.9557896	0.5520060
L	0.3080719	1.1332268	1.1394530	0.4795745	0.9592050	1.2702232	0.7676822	0.4457032	1.1629611	0.2773375
M	0.3599591	1.6990436	1.5457800	0.4485427	0.5841049	0.7035152	0.9231448	0.6047699	0.6388320	0.2294716
N	0.3796468	0.3135793	1.5534235	1.1956979	1.0005760	0.7995914	1.4852043	1.1021089	1.1069380	0.1168468
P	0.1470339	0.1098202	0.4543358	2.2148386	1.6430159	1.3087007	0.6277883	0.4354057	0.1874315	0.0691278
Q	0.5509235	3.7870131	2.0587339	0.9995986	1.0011864	0.7847687	1.2897774	0.8447110	1.2310116	0.1333227
R	4.7540027	0.2531509	1.3311266	0.4599898	0.7322091	0.4886458	0.7253419	1.0162877	1.4402454	0.3234413
S	1.1229728	0.9722627	0.7079520	1.1663154	0.6527794	1.0760517	1.0494409	1.4925947	1.1932298	0.1119967
T	0.8766180	1.8838624	0.4387739	1.0019039	0.5239944	1.1366105	1.0903739	0.5302327	1.0796541	0.1439903
V	0.7274613	2.4867141	0.8249302	0.5600620	1.3024714	1.1357770	0.6812656	0.4479666	0.8251566	0.1945959
W	0.2036995	0.5430361	1.5738277	0.4036374	0.9283965	0.6356231	0.3330731	1.3447917	0.4474686	0.4754093
Y	0.3801919	1.9523638	1.7151388	0.5042155	1.1347223	1.4733819	1.5220769	0.5863190	2.4025879	26.7711019
