##############
# A3101 PWM for 10-mers
#
# Copyright (2021) David Gfeller
##############
1.00000	438
A	1.4376663	0.6358245	0.6505251	0.6991285	0.6077911	0.8423339	0.7847634	1.0686108	0.5352252	0.2117711
C	0.5553356	0.5970689	0.9797299	0.7819850	0.8024292	0.8070983	0.8001963	0.8229033	0.8371490	0.1122266
D	0.2629626	0.2023154	0.3377756	2.4171628	0.8051542	0.7114878	0.4303029	0.3669023	0.2594693	0.1777094
E	0.3270310	0.3002308	0.4565414	1.8863107	0.8660733	0.8800849	0.6450846	0.9897683	0.8915977	0.2569935
F	0.3476787	1.1586967	1.7525769	0.6066926	1.4768480	1.2636931	1.7813474	0.8772936	1.3197867	0.5067669
G	0.9561084	0.6125233	0.5338513	0.9513681	1.2957731	1.2283333	1.4568465	0.4046714	1.3079037	0.1438254
H	1.2942794	0.4196527	0.6361199	1.0276447	0.7293842	0.9407432	0.7382057	1.2009471	1.2457538	0.3293639
I	0.6263776	0.9280272	1.1830215	0.3682242	1.4151144	1.2500638	1.0518017	1.9550819	0.4079565	0.2190402
K	2.1588563	0.2895115	2.3478661	0.7612765	0.6403585	0.7394944	0.9923750	0.6959262	0.8814558	1.1006930
L	0.5488187	1.0337612	1.1053267	0.4969511	0.9087708	0.9160110	1.1564021	0.6287227	0.8638271	0.6242169
M	0.3895080	0.8954270	0.9214705	0.3517890	0.6312145	0.5581943	0.6354697	0.5849935	0.6039990	0.3069704
N	0.2628677	0.2148571	1.6254439	1.2102323	0.9841116	0.7988241	0.9853211	0.7832703	1.8122599	0.2668026
P	0.1723564	0.1608785	0.3023100	2.6027786	1.9690214	1.5073242	1.4625386	0.8550992	1.3588428	0.1906519
Q	0.6021513	1.5496670	1.9695184	1.2987962	0.7285333	1.0453803	0.9104270	1.0980781	1.5413118	0.3696673
R	4.8381252	0.2486663	1.4440174	0.4105016	0.7936486	0.8729030	1.2905578	1.3590728	1.4707665	12.4671044
S	1.2711244	1.3466485	0.5850684	1.1381399	1.0199312	1.1975316	0.8474855	0.7844424	0.9679460	0.2126882
T	0.7682049	2.8954974	0.4890769	0.9181588	0.4661610	1.1143379	0.7473429	1.3829915	1.0715657	0.2083227
V	0.8442483	2.6909799	0.7543984	0.5287461	1.5012220	1.0421592	0.9309345	2.2213842	0.6302283	0.1978754
W	0.4549014	0.2322234	0.9538007	0.1448864	1.0791020	0.4769963	0.6349187	0.7727221	0.6509908	0.6186856
Y	0.3303598	3.6724905	1.8020105	0.9091960	0.9590313	1.1901547	1.0880330	0.7178457	2.1465314	0.2674780
