##############
# A3101 PWM for 10-mers, C-terminal extensions
# Model trained on 26 peptides from mono-allelic HLA peptidomics data
# Copyright (2016) David Gfeller
##############
26
A	1.4031955	0.8765938	0.5933058	1.3248843	1.0291224	0.8021356	0.9100663	1.0492059	0.5584848	0.7136141
C	0.9125277	1.1597351	0.8477695	0.8790223	0.9798199	1.0282478	1.1014527	0.9251978	0.5709985	1.1222880
D	0.5415225	0.5497087	0.5024757	1.1107221	1.1167643	0.4123627	0.5055943	0.7613800	0.5236558	0.2733276
E	0.6412676	0.5706659	0.5348550	1.7492045	0.5119833	0.4145368	1.0170943	1.1839076	0.7300701	0.2883127
F	0.4875950	0.9526280	3.3686370	0.5076028	1.6176541	2.6090207	1.6134823	0.9865136	0.3851720	3.1413140
G	1.2820350	0.5713350	0.4864174	1.6550068	1.2107152	1.0991567	0.4481212	0.6290014	0.4747620	0.3499941
H	1.0275463	0.5676532	1.0684208	0.5877626	0.9683110	0.4662319	0.4073245	2.0655844	0.6620799	0.3278705
I	0.7117350	0.9131831	0.9908876	0.4331032	1.1767115	2.0117736	1.7141324	0.6845488	0.3155049	1.5383600
K	1.6362925	0.6369363	1.5122364	1.0126697	0.7471775	0.4747777	0.5180052	0.7451164	1.7409073	0.3586318
L	0.7212016	0.9135548	1.5566780	0.5988914	1.5102479	1.7799215	1.3023927	1.0387076	0.4582367	3.9428819
M	0.7691731	1.3535647	1.0812128	0.6722833	1.0301167	1.2523366	1.5184219	0.8422823	0.6475387	1.8055563
N	0.7234354	0.7182392	1.1751948	0.7717523	0.9180216	0.7644622	0.4612211	1.9638542	0.7823774	0.3060330
P	0.2967238	0.3057355	0.2318091	1.2401509	0.5544480	0.2179607	1.1670900	0.8968412	0.2568077	0.1869544
Q	0.7798078	1.0554653	0.8017203	1.7477046	0.4956785	0.8910809	0.5029284	0.6892253	1.0250811	0.3255919
R	3.4982603	0.5882206	0.7291912	0.7216335	0.7915103	0.4532706	0.4535268	1.1635035	7.9099792	0.3877491
S	0.9601003	1.5482081	0.7145403	1.3170333	0.9398149	0.5411873	0.7472442	1.1051324	0.6516050	0.3926151
T	1.0784184	2.8725476	0.5888641	0.9169770	0.6476560	0.8064508	0.8997112	1.1162897	0.5717873	0.5364366
V	0.7437382	1.3478524	0.8442084	0.4925165	1.0538754	1.3567174	2.0922370	0.8769905	0.3721461	1.0842566
W	0.5562864	0.8980424	3.2847385	0.5850148	3.0131245	0.9099815	0.6958243	0.5831493	0.5626290	0.8607328
Y	0.5873378	2.6405102	2.2262422	1.0253909	1.3411717	1.9612589	1.2693381	0.7740333	0.5407237	1.0826426
