##############
# A3201 PWM for 10-mers
#
# Copyright (2018) David Gfeller
##############
1.00000	122	2
A	0.9403940	0.5428765	1.3408757	0.9008038	0.9301195	1.1027172	0.7810623	0.8987180	1.3522120	0.3006188
C	0.2942514	0.5185619	0.7357298	0.6111523	0.6381945	0.6776339	0.6617562	0.6608548	0.6011468	0.2995266
D	0.4236335	0.3003862	0.4244368	2.6459077	1.2133311	0.7676921	0.5552579	0.7032939	0.5338160	0.1940262
E	0.6623225	0.3301562	0.3536297	1.9058377	1.2168820	0.6993219	0.5777470	0.8452796	1.5481145	0.2218742
F	0.2595834	0.6425335	3.4318757	0.2771477	0.7180493	0.6768681	1.1482386	1.7488939	0.4805779	5.2405490
G	0.5788788	0.3102525	0.6464767	1.2555006	1.8986250	0.8353742	1.2408180	0.3914595	0.9321829	0.2723327
H	0.6106124	0.4234403	0.6996408	0.7363672	1.1923504	1.3447674	0.8493609	2.0409953	1.3975879	0.3924917
I	0.3414901	1.4017972	0.9194031	0.3400776	1.0700610	1.5905193	0.9656895	1.0334697	0.4059562	0.7052134
K	4.3541368	0.4514614	0.8476769	0.9853180	0.7882960	1.3542262	0.7994964	0.7398846	0.8620748	0.2407121
L	0.4197334	2.3370100	1.4777692	0.4205203	0.7427788	1.0297504	1.5370729	1.1059765	0.6083999	1.0202725
M	0.4569053	1.2311054	1.8530649	0.3913515	0.5192330	0.6206901	1.1547515	0.9533863	0.6717281	0.6146065
N	0.5563636	0.3750018	1.0055976	1.3615393	1.1303037	0.7707801	1.0524139	1.2992913	1.0032613	0.2375246
P	0.2389158	0.1984663	0.2778099	1.7767025	1.2052316	0.8522478	0.9155409	0.7455142	0.3446043	0.1044091
Q	0.9572762	1.0667847	0.7856852	0.9645293	0.9789254	0.6612965	0.4333106	1.1545334	0.9667786	0.2317674
R	5.8232597	0.3749479	0.9586208	0.6740200	0.9844681	1.2164400	2.0580167	0.5382676	1.0578336	0.2729366
S	0.5335074	0.8224830	0.7887841	1.6353152	0.9067249	0.9576473	0.8490885	1.1491274	2.6236964	0.2590395
T	0.5237594	2.7669714	0.7531367	0.9747193	0.7711655	0.9475849	0.7639668	1.0937455	1.9195556	0.2993816
V	0.4193608	2.4872651	0.6986428	0.3685228	0.8253178	1.0003921	0.9848444	0.8221758	0.7890138	0.4157993
W	0.3390820	0.3803494	2.1867239	0.3011002	0.9156207	2.5932444	1.5110103	2.1272656	0.3816432	31.4012341
Y	0.3756883	0.4472818	1.5291997	0.4915895	0.8945313	0.9537856	1.1125432	1.8614474	0.8986473	3.4004217
