##############
# A3301 PWM for 10-mers
#
# Copyright (2021) David Gfeller
##############
1.00000	294
A	0.3970145	1.6995008	0.8930381	0.7140441	0.7068512	0.7180988	0.6310859	0.9624495	0.7624823	0.3063270
C	0.6715621	0.6658277	1.1098721	1.1476255	1.1697788	1.1671235	1.1580641	1.1952331	1.0997010	0.1469622
D	7.5332010	1.1965820	0.3309606	2.1220645	0.7525908	0.6336599	0.4356239	0.3833819	0.4848554	0.2310984
E	2.5124186	0.4212749	0.4827237	1.2681663	0.7106177	0.7605698	0.8784819	0.8200091	1.0831741	0.3298981
F	0.3166060	2.2931543	1.9745047	0.6420207	1.1078448	1.0492025	1.9000508	0.9507096	1.1379039	0.5056258
G	0.3956742	0.3365252	0.4316692	1.4191158	1.2380235	1.0646158	1.6650579	0.3961038	1.4092622	0.2247188
H	1.0382740	0.2833229	0.7745234	0.8339112	0.6137652	1.3565323	0.9884496	1.3413606	1.6957864	0.3383094
I	0.5768311	1.2915075	0.9330805	0.4964184	1.3207053	1.0292943	1.3184154	1.7562136	0.3910540	0.2129032
K	0.3304126	0.2358431	1.8708450	1.3808486	0.9064286	1.0633417	0.9566295	0.6557551	0.8447783	1.1067730
L	0.2903035	0.8119792	1.3639042	0.6983519	0.9343399	0.9609389	1.2130172	0.7907906	0.8632060	0.7598591
M	0.3284569	1.4272226	0.8631381	0.5668389	1.0021526	0.8125663	0.9295719	1.1373208	0.3185131	0.3116178
N	1.1052616	0.5958840	0.8256164	1.6726567	0.6086502	0.9068978	1.0859893	0.6627869	1.7424611	0.4554663
P	0.2284705	0.2600680	0.2060830	1.2338749	2.3867107	1.4228773	1.1047945	0.5135814	1.1264130	0.1508372
Q	0.5409974	0.2344407	2.0364345	0.7961247	0.8555943	0.8738266	0.8478205	0.9816748	1.3653737	0.4751915
R	0.2990450	0.2060381	1.4581382	0.9080479	1.2544105	1.1846616	0.9041606	1.5138536	1.6832743	11.5512212
S	0.7870989	0.7688200	0.6944570	1.1532647	0.6982846	1.2639636	0.5144955	1.0549663	0.8651845	0.2763299
T	0.7784875	1.7986597	0.5100725	0.7886702	0.6876574	1.1306433	0.4995207	1.3175891	0.7295366	0.2699120
V	0.6091274	1.9077430	0.5925670	0.5394252	1.1401050	0.9162912	0.9035285	2.1505262	0.4427603	0.2238733
W	0.1607000	0.3221004	1.1446326	0.1874844	0.8436964	0.6385069	1.2959999	0.4260324	0.4648262	0.2003332
Y	0.4619600	3.7171411	2.7848811	0.6556286	0.8593278	1.0291300	1.1543496	0.7978553	2.1712532	0.3432361
