##############
# A3303 PWM for 10-mers
#
# Copyright (2021) David Gfeller
##############
1.00000	476
A	0.2854388	1.3568979	0.9496597	1.0134052	0.7337604	0.7410760	0.7055768	1.2331917	0.6828589	0.2008055
C	0.6643104	0.6185859	1.1323767	1.1648348	1.1719102	1.1895191	1.1781946	1.2028703	1.1314963	0.1038538
D	1.5837787	0.2356977	0.2628116	2.8399479	0.6578750	0.6605254	0.6237095	0.2094042	0.2761747	0.2361732
E	7.6403852	0.2007038	0.3585039	1.6886263	0.8979568	0.7967724	0.6851247	0.6092238	0.8449697	0.2497888
F	0.4105394	2.7671242	1.5414043	0.3914133	1.2694119	0.7292102	1.5320673	0.5652851	1.3078709	0.2622873
G	0.1592339	0.2748140	0.3954036	1.2329083	1.3716256	0.9900435	1.3470083	0.3811386	1.6283541	0.1627594
H	1.5794388	0.2545278	0.4576736	0.8310246	1.1781282	0.9928099	0.9328985	1.2338363	1.4823208	0.4411040
I	0.2964243	0.7548947	1.4415456	0.4437467	1.1922478	1.2614388	1.3076902	1.5593329	0.3750389	0.1428189
K	0.3319373	0.1650210	1.6498735	1.0539150	1.0622317	0.9241009	1.2070502	0.8447113	0.9141466	1.1538429
L	0.2430381	0.6172333	1.5629713	0.3588060	0.6881483	1.1389004	1.2213622	0.4983736	0.8783773	0.5256649
M	1.3085880	0.6842149	1.4854627	0.3888344	0.7616868	1.2501980	0.7319225	0.9312981	0.5024897	0.2818763
N	0.8893644	0.4790068	0.9445814	1.4756920	0.6267888	0.8886003	1.2167299	0.6941628	1.6397239	0.2976062
P	0.1376233	0.1442032	0.3813010	1.5718956	2.4585744	2.0026303	1.3193600	0.5898825	1.0726748	0.1120237
Q	0.7066847	0.2043623	1.8348626	1.2174480	0.9398502	1.1397089	1.0133403	1.0656125	1.6631484	0.3987769
R	0.2967594	0.1500907	1.6529679	0.5708409	1.2622582	0.7308081	1.0295722	1.9473768	1.5091063	12.9396406
S	0.7441589	0.8074500	0.4721566	1.0495161	0.7456434	0.9706767	0.5484619	0.9318560	1.1380488	0.2046453
T	1.2193237	2.2809579	0.6081795	0.8300353	0.6364495	1.0097090	0.6349924	1.5304475	0.8328055	0.1977716
V	0.2983997	2.1358973	0.7707349	0.4962749	0.8810738	1.0301479	0.9524794	2.5470583	0.4953375	0.1787793
W	0.1511353	0.4582157	0.6110532	0.2681762	0.5718776	0.8508559	0.5821025	0.1477093	0.3179521	0.1421769
Y	0.9785511	7.7632669	1.8480869	0.5053479	0.8288944	0.7086534	0.8420803	0.6529686	1.6861344	0.2405601
