##############
# A3401 PWM for 10-mers
#
# Copyright (2021) David Gfeller
##############
0.81250	377
A	0.4685349	2.0284334	1.6807320	0.8640243	1.0084474	0.8022831	0.9589501	1.4382937	1.1435080	0.2364928
C	0.6299497	0.4446945	0.5366667	0.5978517	0.6207755	0.6159077	0.6318846	0.6459204	0.1830553	0.1177252
D	1.5703082	0.1907284	0.2511489	2.0461340	0.8473233	0.8612933	0.5290909	0.3049177	0.4525271	0.2822743
E	7.9701441	0.2001928	0.3095722	1.6393046	0.8345063	0.9803349	0.6528273	0.5093532	1.1907176	0.2993969
F	0.4734088	0.3287587	3.0037228	0.9412649	1.2635469	0.5008441	1.3292471	0.3326177	0.9890813	0.1548653
G	0.2187156	0.3011584	0.7321816	1.5380846	1.5325444	1.0768384	1.6207747	1.3020295	1.5956042	0.1635769
H	1.5153100	0.1448793	1.1386745	0.6993696	1.1351661	0.9060779	0.6656446	1.0511112	1.1033004	0.3777689
I	0.3021667	1.9601987	2.3701991	0.4574551	0.9406837	0.8581701	0.9332891	0.9240463	0.3696633	0.1476554
K	0.3673540	0.1902239	0.4569436	0.8793832	0.7318614	1.1042395	0.4860172	0.5569086	0.9860509	1.2301667
L	0.2917209	1.1314400	0.7261785	0.7396544	0.7238836	0.8565443	1.0429482	0.8250261	1.0098948	0.2408573
M	0.5299981	0.7395773	1.0680257	0.4097808	0.6015000	0.8346259	0.7877657	0.8606383	0.7666658	0.4709875
N	0.5171369	0.1760855	0.5701533	1.1738265	0.7741860	0.9223072	1.1185463	1.0493814	1.3428028	0.3110962
P	0.2060246	0.5098983	0.6300582	1.8158378	1.6863589	1.8506306	1.7268202	0.3164591	1.7628912	0.1328674
Q	0.7522944	0.5703509	0.6361017	1.0609998	0.7835010	1.0989048	0.6632217	0.7380207	1.7640876	0.4309121
R	0.3161276	0.1653601	0.2935467	0.5654645	0.7286732	1.0081570	0.3828426	1.2018387	0.4723789	12.9962373
S	0.9369837	0.5468496	0.7103196	0.9857310	1.3276735	1.4793097	1.1473138	1.7051496	0.9087258	0.2734199
T	0.8737536	1.3267296	0.6296681	0.9546347	1.2217386	1.6232802	1.2972515	2.2244933	0.9343332	0.2331640
V	0.2574306	5.2922247	1.6445759	0.4644296	1.0912985	0.8259599	1.5759695	1.6100555	0.6942651	0.1698713
W	0.1698581	0.1590300	0.9535284	0.3427003	0.3559038	0.3309916	0.5307471	0.3445958	0.3659488	0.1654702
Y	0.6991726	0.2328833	2.2649033	0.7709946	0.8695973	0.3608451	0.7360225	0.6337070	1.2175198	0.3433943
