##############
# A3401 PWM for 10-mers
#
# Copyright (2021) David Gfeller
##############
0.18750	87
A	0.6729082	2.5930319	2.7694276	1.1499076	1.2382528	1.4056467	1.3427751	1.1297680	0.4259175	0.5578374
C	0.6358852	0.6918154	0.7488935	0.6759558	0.7514322	0.7720128	0.7511667	0.6949090	0.2394169	0.4473269
D	1.2040000	0.4684701	0.3952726	1.5022371	0.8395902	0.6919242	0.6773945	0.9183301	0.4083038	0.2265220
E	7.2389386	0.4713563	0.4130511	1.5243224	1.1839753	0.7195767	0.9156756	1.0166520	0.5891370	0.2641953
F	0.3032723	0.4794948	1.1020023	0.7724765	1.1993407	0.9292293	0.6689246	0.5987202	0.4772685	2.6859094
G	0.3657324	0.4502335	0.9018651	1.9480226	0.9250312	1.3549408	1.2245028	0.7619254	0.4284928	0.2396431
H	0.8754846	0.3160091	0.8641697	0.9247440	0.6576143	0.8898204	0.6686959	1.4807599	0.6032504	0.3255336
I	0.3157519	1.5282276	1.8412326	0.4695948	1.0307231	0.8883449	1.0291224	0.5185115	0.3030406	1.5300765
K	0.8154676	0.4249784	0.5418963	0.8232446	0.6981871	0.7838212	0.8005072	1.4157184	1.6382371	0.4877127
L	0.3157182	0.7470495	0.7090332	0.4609847	0.8346427	1.0133949	1.4771428	0.6819534	0.4172939	4.3673435
M	0.7917837	0.7216656	1.4352271	0.4446686	1.0047207	1.7748041	1.8782804	0.5172768	0.4753182	2.4175766
N	0.7783689	0.4032477	0.9641341	0.7518793	0.6633030	0.7009454	0.6319578	1.6800088	0.6182021	0.2642095
P	0.3428277	0.7272533	0.5856419	2.2572599	1.1401548	0.3067280	0.7118059	1.3099028	0.2656032	0.1979097
Q	1.0741859	0.5262187	0.8068724	1.4387113	1.0224836	0.6376012	1.2797752	1.2529859	0.8498080	0.4458733
R	0.6034391	0.3542490	0.3916966	0.4769968	0.6556540	0.8725991	0.8939956	1.2252022	8.9825220	0.3372199
S	0.8254504	0.7856552	0.9973374	1.1826975	1.4531023	1.8539094	0.9955589	1.2955972	0.4918209	0.3041473
T	0.5168509	1.7034871	0.8023954	0.8332568	1.0891904	1.4933604	0.9441883	1.2659048	0.5620563	0.4467750
V	0.4424167	3.3801889	1.5061406	0.4993999	1.4482099	0.9308995	0.8953849	0.4761267	0.3459922	0.9587740
W	0.3106241	0.3057500	0.3582505	0.2987544	0.9361670	0.3614649	0.9535175	0.3640411	0.3472376	0.4853687
Y	0.4072923	0.4438331	0.7312536	0.4408895	0.5365541	0.6967058	0.6776828	1.2721159	0.6311638	0.9441659
