##############
# A3402 PWM for 10-mers
#
# Copyright (2021) David Gfeller
##############
0.13832	148
A	0.4270083	1.3396037	1.9760564	1.1247804	1.1244590	1.3120575	1.0459208	1.0426329	0.4345871	0.3772504
C	0.6434233	0.5975654	0.6580342	0.6441962	0.6865476	0.7329371	0.7291336	0.6872001	0.2007865	0.3318556
D	1.7530095	0.3381757	0.4574510	1.6902861	0.7695118	0.4257728	0.3950848	0.5345518	0.4731139	0.1962144
E	5.6973162	0.3890372	0.3016729	2.0399874	0.8436273	0.6587749	0.3847353	1.1444141	0.6876916	0.2242160
F	0.5195920	0.3837573	1.6650347	0.2810412	0.8995773	1.7741565	1.0781464	0.4523627	0.2482827	5.2326607
G	0.3066972	0.3380264	0.5424533	1.2164232	1.1240525	0.5925887	0.6943589	0.6282039	0.3050996	0.2027070
H	2.0592109	0.2698956	0.8660652	0.8818136	1.4614423	1.2777700	0.3179856	0.8847010	1.2679053	0.9500598
I	0.4745683	1.0354689	1.3015021	0.3232394	0.8037905	1.4410046	1.9546300	0.4446773	0.2471030	0.9255323
K	0.6056859	0.3773745	0.4580121	1.0644000	0.9921709	0.6891656	0.6057162	0.8883907	4.3725968	0.5003790
L	0.3735002	0.6777657	1.6100883	0.5251562	0.9434530	1.5702854	1.7545094	1.1320247	0.2751277	3.7386977
M	0.8026623	0.5740982	1.5247267	0.5214328	1.0721126	1.4995311	1.6606538	0.5004424	0.3789463	1.7710273
N	0.7459168	0.4461955	0.9960145	0.8932657	0.4481069	0.8551609	0.9003906	1.3971978	0.5397585	0.2398476
P	0.2666010	0.2718962	0.3124006	1.9760076	1.5101603	0.3221110	1.2130074	1.3470770	0.2539743	0.3414932
Q	1.6453000	0.3626101	0.3288492	1.5299953	1.2541690	0.8419609	0.8894335	2.0428794	0.8330173	0.3496408
R	0.4749820	0.3257676	0.3063430	0.7314850	0.7638324	0.4294385	0.4031397	1.0289956	6.5500297	0.2769914
S	0.8632411	0.8170464	0.8802419	1.4655924	1.3698535	1.2704982	1.0151670	1.8075107	0.4916012	0.2531748
T	0.9741461	6.3400909	0.8114651	0.6799150	0.8825165	1.5223261	1.4303703	1.4798135	0.4046589	0.4156830
V	0.3409263	2.6229024	1.2479599	0.4527089	1.0110456	1.1207778	1.2311894	0.6509959	0.2781064	0.7744064
W	0.2932684	0.2672817	2.3958533	0.6196190	1.4402563	0.3210319	0.3004770	0.2704545	0.2672728	1.2739438
Y	0.9402576	0.3632127	2.4962071	0.4689986	0.8506161	0.5202668	0.6927568	0.6440247	0.5020823	1.5445368
