##############
# A3402 PWM for 10-mers
#
# Copyright (2021) David Gfeller
##############
0.86168	922
A	0.3709933	1.5844883	1.4671489	0.9361527	1.0945606	0.7355535	0.8877853	1.0838246	0.9954939	0.1288959
C	0.6275654	0.3333018	0.4721245	0.5624405	0.5724490	0.5786020	0.5735240	0.5882606	0.0965100	0.0641696
D	1.4331594	0.2958829	0.6487056	2.3152006	0.6790739	0.6050512	0.7113932	0.2555953	0.4161663	0.1481881
E	6.3329518	0.2060684	0.4293396	1.7866829	0.6879670	0.7190330	0.9277270	0.5392910	0.9131412	0.1915539
F	1.0234421	0.2210219	2.0905485	0.7441741	0.8272466	0.5320455	1.5580585	0.5246008	1.0644474	0.0788466
G	0.2355134	0.2125235	0.4897703	1.7006677	1.8127854	0.8866022	1.6276331	0.7483857	1.4527438	0.1157185
H	1.9236187	0.0843331	0.5233721	0.7320348	1.1183611	0.5762630	0.8312741	0.8219034	0.9584709	0.4328469
I	0.4690146	1.1983227	1.3718560	0.4925238	0.6294226	1.1676067	0.9010089	1.4067720	0.4251090	0.1151358
K	0.1984779	0.1261588	0.5031943	0.7715375	0.9776703	0.9652007	0.8662085	0.6815494	1.0214649	10.9409969
L	0.2931751	0.4832233	1.6565851	0.4582920	0.5543221	0.8321430	1.1935722	1.2221359	1.3573567	0.0854468
M	1.2053364	0.2657828	1.5025642	0.3567739	0.4490514	0.9346333	0.8238175	1.1132999	0.8683908	0.1578235
N	0.8586012	0.1896625	0.8252651	1.3357995	0.9467417	0.6626682	0.8531217	0.8507842	1.4585056	0.1677102
P	0.0992504	0.1918788	0.6286341	1.3427137	2.2923243	1.9524478	1.1523364	0.4154864	1.2997623	0.1072790
Q	0.7232524	0.2498127	0.4515770	0.9327793	1.0612109	1.1829604	1.1553477	0.8174870	1.7780488	0.2617715
R	0.1681157	0.0954653	0.3655672	0.5861453	0.5675214	0.6732616	0.5477362	0.7175873	0.4755946	3.5744402
S	1.0664480	1.2173347	1.0211112	1.1539132	1.3368848	1.6135850	0.9706644	1.5139028	0.9411891	0.1429137
T	1.6964919	5.2133654	0.6068309	1.0897702	0.9370662	2.2326462	1.1257714	2.6590181	1.1199455	0.1838107
V	0.2739235	4.4861168	1.1187368	0.5260276	1.1163551	1.0873073	0.8977588	1.6306695	0.7384666	0.1180988
W	0.6460778	0.0837926	1.5857207	0.5581990	0.7225797	0.6397244	0.8910972	0.6451344	0.4211755	0.0830821
Y	0.9010906	0.3083052	2.9173696	0.6588199	0.9262141	0.5687465	0.8484122	0.5758287	1.3979327	0.6554848
