##############
# A3601 PWM for 10-mers
#
# Copyright (2021) David Gfeller
##############
1.00000	405
A	1.2912898	0.7744469	0.5826573	0.8824389	1.0626205	0.9599623	0.8463938	0.6404883	0.5867202	0.2063964
C	0.6703944	0.4246778	0.4498633	0.6110267	0.6182962	0.6132726	0.6116345	0.6227083	0.1732626	0.1332052
D	0.1994022	0.2817574	9.8367275	1.4205747	1.0106821	0.8187268	0.8053292	1.1712461	0.7636294	0.1182484
E	0.2895484	0.2333056	2.8936015	1.2805634	0.9341392	0.9376344	0.6920762	0.7984213	0.9305677	0.1531738
F	0.3386392	0.2407935	0.2295223	0.5704871	1.1644911	0.7758490	1.4334504	1.2333264	1.6752906	1.1495353
G	0.5834845	0.2346515	0.3541238	0.7993140	1.4440828	1.4264522	1.1375231	0.8692884	0.7190239	0.1177374
H	1.8664993	0.1754932	0.4638971	1.4526053	1.2467119	0.5141536	1.6955206	1.4630214	1.9258777	0.5623393
I	1.0593908	0.7594322	0.1492078	0.8184215	0.6316140	0.5198130	0.7170327	0.7195880	0.5984016	0.3164206
K	3.0844748	0.2575063	0.2770341	0.8993099	0.7085682	1.2291093	1.1091341	0.3465387	0.9592274	0.2924902
L	0.8853581	1.5098355	0.1883559	0.6733017	0.8184875	0.8192519	1.0793628	1.9565653	1.9015384	0.3084687
M	0.8872297	1.3964863	0.6874317	0.7106332	0.6452004	1.2448348	0.8222787	1.3320609	0.9478825	0.4945846
N	0.2626650	0.2795992	0.6170106	1.1044355	1.2353678	1.0909050	0.9120371	1.2990058	0.8193461	0.1680373
P	0.1804410	0.1547848	0.2278282	2.3984996	1.4938752	1.2425578	1.4880700	0.2828638	0.1659051	0.1008982
Q	0.9091185	0.2676504	0.3123565	0.8690083	0.9028597	1.4664334	1.3745773	1.2587542	1.3326442	0.1889575
R	3.5574792	0.1985492	0.2417913	0.7125730	0.6704086	0.7594852	0.8963418	0.3410780	1.1747047	0.1731310
S	0.8065363	3.2437805	0.6967528	1.3839927	1.3959292	1.4083847	0.8950625	0.9424470	1.0740925	0.1913845
T	0.5980516	5.3685479	0.2399305	0.8952102	1.1045279	0.9608751	0.7732438	1.1943273	0.7694250	0.1801889
V	0.8727260	1.5057320	0.2083178	1.0244882	0.7516985	0.9914862	0.8182734	0.9657421	0.6701539	0.2969599
W	0.1583233	0.1572528	0.1180175	0.3143384	1.1758602	1.3226369	0.3635456	2.8698109	0.5614590	0.7227481
Y	0.2977293	0.2123864	0.1562572	0.4811433	0.9022159	0.8083814	1.6345676	1.2620266	2.3708549	25.0990689
