##############
# A6601 PWM for 10-mers
#
# Copyright (2021) David Gfeller
##############
1.00000	478
A	0.3911731	1.2261494	1.8767788	0.7834629	0.9259859	0.7454409	0.8836273	1.5057527	0.9712064	0.2217345
C	0.6334279	0.4112382	0.5216146	0.5865806	0.6015716	0.6107639	0.6150096	0.6290508	0.1496535	0.1125547
D	3.5347635	0.2246904	0.2770245	2.6818944	0.6950336	0.5078310	0.5991720	0.3564985	0.2423377	0.1943873
E	5.9172848	0.1615049	0.2609315	2.0053386	0.7411498	0.5664438	0.5540344	0.4878584	0.8915501	0.2326909
F	0.7786890	0.2502363	2.4812089	0.5166469	1.4985877	0.5611573	1.6328593	0.4423882	0.9364715	0.8582023
G	0.2420425	0.1904924	0.3081376	1.7283498	2.0392494	1.3768135	1.1302371	0.8781526	1.3262789	0.1331455
H	1.3788699	0.1972919	0.5628357	0.9690832	0.9391563	1.0600392	0.7463522	0.7498784	0.8595433	0.2379607
I	0.2647970	1.2431427	2.9421606	0.4069398	0.7609261	1.0905312	0.9403417	0.9342646	0.2741493	0.2625012
K	0.2800532	0.1822938	0.5204004	0.6169602	0.8965596	0.9330613	0.5986807	0.7560418	1.0642098	1.0589709
L	0.2166707	0.5333229	0.6075398	0.2320794	0.8288298	0.9065124	1.1877708	0.8285658	0.9584729	0.9384446
M	0.7742405	0.3142868	1.5019126	0.3801822	0.7053835	1.0462159	0.9371934	0.9238723	0.4438322	0.6435818
N	0.5727911	0.2466509	0.8148806	1.0493909	0.6771773	0.5721869	1.0868393	1.1037388	1.3147803	0.2415992
P	0.1349662	0.2661169	0.8284843	2.0517744	1.5778671	1.8558902	1.7886523	0.4691307	1.2294786	0.1083083
Q	0.5421188	0.2561023	0.4550191	0.9082768	0.6525705	0.9859006	0.8072719	0.7863664	1.7444455	0.3323734
R	0.2467107	0.1578004	0.3694958	0.5022618	0.7269085	0.7073499	0.4198526	0.9465562	2.5206999	11.7110770
S	1.1775853	1.2878095	0.6284435	1.5092624	1.1538743	1.6799354	1.2354320	2.3069058	1.0090635	0.1960170
T	0.9205037	5.4659767	0.7802919	0.8157716	0.9219717	1.7872805	1.5729954	1.8717616	0.9370221	0.2272070
V	0.2897328	4.3655222	1.6977728	0.3946874	1.0250850	0.9302877	1.2303813	1.5408719	0.6469068	0.2776157
W	0.4376734	0.1350764	0.4889434	0.5595637	1.2980214	0.8541205	0.4429575	0.2870491	0.3055458	0.1514798
Y	1.2058797	0.1919128	2.2456623	0.5176678	0.9589285	0.6498057	0.6851536	0.6431553	1.1784468	0.2624078
