##############
# A6802 PWM for 10-mers
#
# Copyright (2018) David Gfeller
##############
1.00000	370	1
A	0.3285961	1.0895002	2.1563830	0.7883310	0.6405905	0.9573316	0.6554609	1.3832834	0.8105794	0.9282047
C	1.0367793	0.5391838	1.0865246	1.0321550	1.0706234	1.0718526	1.0469686	1.0857717	0.9268309	0.3347872
D	1.8113679	0.2268326	0.2220437	2.4394543	0.8327933	0.7154212	0.9962136	0.6701121	0.3800715	0.1349283
E	6.3217244	0.2152732	0.2149849	1.5834784	0.5507994	0.9069635	0.9532881	1.2004134	1.3402032	0.1742757
F	1.2254192	0.2517636	4.1398964	0.5940917	1.3747104	1.1151385	2.1631096	0.7312391	1.4395614	0.8525512
G	0.2519141	0.2106217	0.4145014	1.3711751	1.9384669	1.0997304	1.0892623	0.5340793	1.1698620	0.2309383
H	1.9373848	0.2100682	0.4889165	1.2067406	1.5611279	1.0327426	1.2612334	2.0897132	1.2158455	0.1243827
I	0.2011018	1.4055662	1.5757281	0.2150157	1.9762082	1.0026989	0.7908456	1.2650059	0.4745143	1.7397617
K	0.3869180	0.2152731	0.2395104	0.7034995	0.6165830	0.8929902	1.1599912	0.4975518	0.9994560	0.3059994
L	0.3385153	0.8118663	0.4596875	0.2278416	1.0011061	0.6975852	0.8866551	0.6555758	0.9323465	2.7223506
M	1.1423045	0.4964281	0.6818220	0.3018921	0.5242271	0.4788688	0.8908490	0.8390589	0.5632931	0.6293941
N	0.8012992	0.2819720	0.4027718	1.4468460	0.6062542	0.9167425	1.3317666	0.7629584	1.1609319	0.4291235
P	0.1706213	0.1985396	0.4723632	2.2720705	1.2828936	1.4050392	1.0413918	0.5849642	0.3011214	0.1334309
Q	0.8050237	0.2481246	0.2856131	1.2649450	0.5481430	0.8826538	1.3747527	1.4248018	1.4049321	0.2106724
R	0.3347488	0.1983856	0.1913496	0.7447269	0.4475953	0.7275301	0.7849262	0.6027439	1.4356207	0.2530225
S	0.8578192	0.9844116	1.9887682	1.4899079	0.6579570	1.2509396	0.8456262	0.5783131	1.2205997	0.2384869
T	1.3703102	4.9839770	0.8320135	0.8874645	0.5081893	1.7164629	0.7971218	1.2840306	1.5307952	0.5022690
V	0.2373656	3.8248422	1.1705826	0.2760332	1.6146138	1.1574920	0.7813613	2.0060864	0.6976992	4.6813579
W	0.2277971	0.1970053	0.5558422	0.8290481	0.4330588	0.6428648	0.6749968	0.6631793	0.4836614	0.2177196
Y	0.7547228	0.2303327	2.7187591	0.7010251	0.5571773	0.7403474	0.9978171	1.2996473	1.9190399	0.2702262
