##############
# A6801 PWM for 10-mers
#
# Copyright (2018) David Gfeller
##############
0.91169	2426	1
A	0.3142147	2.2816537	2.3858627	0.9113328	1.1799618	0.8463942	1.1477885	1.2399248	0.9052874	0.0570056
C	1.0592039	0.3332299	1.0258181	1.0337368	1.0401695	1.0384392	1.0404002	1.0460129	0.8866878	0.0682058
D	2.8889729	0.1341581	0.1718550	2.5430710	0.9104456	0.7217998	0.5793174	0.2263769	0.2630733	0.0645209
E	5.7018368	0.0748195	0.4474681	1.9211011	0.7651540	0.8629752	0.8120066	0.6195587	1.0319796	0.0775669
F	0.8082670	0.0955041	2.3562960	0.3824141	0.6403812	0.5939746	1.0414179	0.7628941	0.7620171	0.0846747
G	0.2582695	0.2644357	0.5251035	1.7130065	1.7692613	1.3119917	1.5650668	0.5257206	1.1201445	0.0565976
H	1.7327803	0.0731846	0.7146395	0.6539325	0.9475300	0.8060441	0.6103218	1.4876248	0.9980805	0.1259507
I	0.2883248	1.0384561	1.7920654	0.2459473	1.0431562	0.8320044	0.8859835	1.5643443	0.2758253	0.0275638
K	0.1050195	0.0496767	0.6114113	0.9399036	0.6744179	1.0948112	1.1793056	0.6357638	1.4500790	4.2149496
L	0.2020402	0.3239830	0.2798800	0.3316412	0.8555133	0.7669818	0.7872753	0.7429602	1.3443039	0.0371691
M	0.5524384	0.1833191	0.7115414	0.2367184	0.5206496	0.4680950	0.6210442	0.6488015	0.7599789	0.0523341
N	1.3080457	0.3260929	0.6246102	1.3070073	0.7104883	1.1507115	1.0418453	1.0289409	1.1356062	0.0702137
P	0.0487061	0.1851888	0.4952279	1.1501467	1.3965806	1.5189741	1.3672411	0.3402161	0.8110600	0.0269748
Q	0.6473626	0.1547768	0.6558456	1.3084805	1.0207224	1.4552923	1.4169394	1.2861340	2.2702916	0.1070545
R	0.0914709	0.0601000	0.1177195	0.8541778	0.5628651	0.6909799	0.6452437	0.6942436	1.2355066	13.9161707
S	1.4059852	1.8139504	1.8412206	1.6774155	1.3303823	1.4480152	0.9873118	1.1332131	0.9319878	0.0797909
T	1.8162480	4.6142621	1.0546659	1.1782926	1.1553311	1.6571644	1.1489954	1.7256749	1.3516516	0.0518541
V	0.1636126	4.0059012	1.4830237	0.3110749	1.2339183	0.9572168	1.0312982	2.3219205	0.6988784	0.0321272
W	0.1980091	0.1194916	0.7840731	0.0791005	0.5017800	0.3489474	0.6205141	0.4297278	0.1271313	0.0818635
Y	0.6381948	0.0754602	1.5950768	0.3840242	0.4815794	0.4937549	0.8110126	0.6318817	1.1910046	0.1649581
