##############
# A6801 PWM for 10-mers
#
# Copyright (2018) David Gfeller
##############
0.08831	235	1
A	0.9032324	1.8126611	3.0496945	1.6148548	0.9420151	1.9453278	1.8214818	1.3762218	0.3049949	0.4940215
C	1.0403933	0.6262765	1.1646600	1.0566561	1.1045708	1.1169129	1.1200853	1.0996896	0.8475432	0.3364673
D	2.4227061	0.3261907	0.2766341	1.9721040	1.1930695	0.5373004	0.6858159	0.6127931	0.2866340	0.1991263
E	5.4180047	0.3975927	0.4447391	1.5646254	1.1932790	1.2818678	1.0492918	1.7789299	0.4521292	0.2411461
F	0.2177641	0.2997930	1.0615329	0.5513537	1.0833464	1.2003686	0.7483374	0.4797111	0.2534977	2.4919232
G	0.4654044	0.3703142	0.5725811	1.4257836	0.7192160	0.6701493	0.4013433	0.8502173	0.3065021	0.3136280
H	1.4286274	0.1981629	0.4324486	0.4003833	0.8360862	0.9543220	0.9454676	0.7049999	0.3541547	1.0447960
I	0.3689869	0.7897284	1.6208549	0.2332665	1.8166997	1.2392359	1.6534029	0.4375255	0.1701183	1.0847259
K	0.4683601	0.3094145	0.3049679	1.0694117	0.5013543	0.5295600	0.4272627	0.9353113	2.4130772	0.7617349
L	0.3408866	0.6613601	0.5019817	0.4711014	1.2139877	1.0044786	1.1066244	0.9830086	0.2615043	3.4725197
M	0.4165687	0.4894413	0.6787256	0.5459222	1.1882719	0.5857087	1.6064919	0.5218536	0.4314026	1.7027505
N	0.9840554	0.4002014	0.8308328	1.2099770	0.5063815	0.7769166	0.7589906	1.1807363	0.4142997	0.3809485
P	0.2373219	0.1781878	0.5953336	0.9073602	0.4088493	0.1622429	0.6261362	0.7088431	0.1553115	0.1236119
Q	1.0042772	0.2846937	0.3458685	1.6681565	1.3104589	1.1964717	1.0485214	1.8343425	0.5704222	0.8290522
R	0.3836947	0.3903172	0.2673862	1.1110640	0.4058930	0.5934925	0.6334499	0.9565907	11.5497065	2.1942039
S	0.9675420	1.2891903	1.9277289	1.5656262	0.6837585	1.0927762	0.9801874	1.4543332	0.3549139	0.2658724
T	1.3438821	4.6674766	1.1344179	0.7753102	0.7052306	1.1214747	0.7229783	1.5027361	0.3083969	0.5526022
V	0.3556381	3.1757391	1.8403482	0.3609573	1.9986375	1.4958072	1.5711689	0.7103103	0.1983779	0.6782589
W	0.2493904	0.2549035	0.2847215	1.1787936	0.2907856	0.9295707	0.2932401	0.5926059	0.2590999	1.0011507
Y	0.4744950	0.2928850	0.7291908	0.2874071	0.6442190	0.8507888	0.9124801	0.6969527	0.2752347	0.6797782
