##############
# A6802 PWM for 10-mers, C-terminal extensions
# Model trained on 11 peptides from deconvoluted human HLA peptidomics data
# Copyright (2016) David Gfeller
##############
11
A	0.6341880	0.9614836	1.5101957	1.3539727	0.7182152	0.8042948	1.1422145	1.4019021	0.6248919	1.4293075
C	0.6493835	1.3477391	1.1464839	1.0035927	0.9485830	0.9955425	0.9244323	0.9217489	1.2155816	1.0170097
D	2.4367293	0.4940285	0.5962245	2.0387030	1.2411835	0.4862049	2.0352802	1.2680772	0.2808351	0.5158694
E	3.2311815	0.4767024	0.5246889	0.7327220	0.9286553	0.5256514	1.1331135	0.7610464	0.3063435	0.5361011
F	2.2820634	0.7455866	2.6096599	0.4258968	3.3584520	1.7311542	1.3885989	0.5165041	1.2227706	4.0715567
G	0.5202904	0.5333219	0.7192290	2.9740979	1.2418762	1.2281515	1.3943727	0.6833230	0.3285607	2.1022338
H	0.6628148	0.3523221	0.5917889	0.4969005	0.4792142	0.5207630	1.6072065	2.7245308	0.3029128	0.5086914
I	0.5529561	1.5567376	1.1631056	0.4123450	1.1773380	1.6010162	0.6440173	0.6226687	2.0152062	0.6732729
K	0.8524384	0.5507999	0.5844247	0.6812191	0.5412330	0.5785157	0.6682757	1.2826673	0.3902730	0.5830178
L	0.8932713	1.3215298	0.8537485	0.4079243	1.5003368	0.9248704	0.5789032	0.5642015	3.9834915	0.7727937
M	0.7740601	1.1906495	0.9269803	0.5572918	1.1003950	0.9742753	0.6952353	0.7212475	2.0289519	0.8489437
N	0.8367706	0.6327468	1.2902652	0.9945672	0.6629798	0.5558966	0.8792918	0.8373558	0.3101318	0.6395736
P	0.3106382	0.3130176	0.3101095	1.0527331	0.2634477	1.6625094	1.0194222	1.0297327	0.2101765	0.2885631
Q	1.0247766	0.5128116	0.5327060	0.6137654	0.5324944	0.9634000	0.6679461	0.7885827	0.3716455	0.9657281
R	0.6791667	0.5104658	0.5303415	0.5511867	0.4870351	0.5078803	0.5679922	1.8967545	0.4173894	0.5305031
S	0.7314806	1.1952625	1.4639638	1.8685913	0.9683846	0.9199726	1.1568766	0.8857403	0.3961769	0.8815866
T	0.6037580	2.5197821	1.2574812	1.2748324	1.0735261	0.7343741	1.1381112	1.1008382	0.6262504	1.4539676
V	0.5223765	2.4095886	1.1527455	0.4933425	0.8579202	1.4946625	0.8482422	0.8596906	1.6126870	0.6886731
W	0.7521641	0.5865585	0.9695793	0.4912658	0.8927901	0.8271029	0.6235653	0.5597285	0.6966538	0.9890079
Y	0.9638245	0.6407531	2.0812500	0.4655940	1.2141374	1.8524952	0.8449558	0.7910606	0.7242906	1.4012732
