##############
# A6801 PWM for 10-mers, C-terminal extensions
# Model trained on 143 peptides from deconvoluted human HLA peptidomics data
# Copyright (2016) David Gfeller
##############
143
A	0.5382098	1.9415213	2.9914391	1.4502987	1.0768376	1.4725107	1.8218815	1.4035479	0.3984481	0.6325657
C	0.6241559	1.2900958	1.7936712	0.8180390	1.5699563	0.9587645	1.0403563	1.5050395	0.5437207	1.0007893
D	2.9913177	0.4401369	0.3559827	1.5876156	1.0832111	0.7952405	0.7169798	0.6005168	0.3745344	0.2468052
E	5.2975291	0.3074582	0.4255552	1.6471994	1.1030838	1.3068955	0.8047227	1.5245417	0.4740524	0.2475226
F	0.4049696	0.4195803	0.9185881	0.4133657	0.8268591	1.0284820	0.9644313	0.4810983	0.2615447	2.9581746
G	0.4094782	0.4505967	0.6734843	1.5729639	0.8683243	0.7502668	0.5791294	0.7929072	0.3462928	0.4487691
H	1.4302860	0.2191699	0.5139556	0.4775008	0.7800257	1.2092916	0.9281840	0.5825427	0.4029135	1.1440108
I	0.2981685	0.9417181	1.8583288	0.3012585	1.8047549	1.4483838	1.6805811	0.6638845	0.2127130	1.3593942
K	0.6080680	0.3782070	0.3779842	1.3799828	0.5847625	0.7027952	0.4826493	1.0848504	2.1033627	0.3020187
L	0.2674919	0.6142957	0.6297000	0.5413057	1.4320360	1.0213387	1.1780072	1.0479901	0.3070943	3.9945210
M	0.4402911	0.7593526	1.1320992	0.7152484	1.8109582	0.9392286	1.7618928	0.8594632	0.5044220	2.5518771
N	1.0168578	0.4412413	0.5855869	1.2200950	0.5928608	1.1051521	0.5867480	1.3437320	0.5365793	0.4729183
P	0.1924058	0.1881069	0.3095613	0.7043166	0.2845141	0.1658004	0.4863024	0.6355500	0.1583031	0.1215089
Q	0.6979605	0.2959796	0.3722734	1.5361147	1.0255772	1.1445896	0.8686090	1.3500648	0.6086469	0.8571102
R	0.4861747	0.3380253	0.3285534	1.1444283	0.3683371	0.6482589	0.7571473	0.8727067	10.6371079	0.3130581
S	0.9300715	1.3119292	2.0027545	1.3902892	0.8137213	0.9290805	1.0238506	1.4976879	0.4250962	0.3594430
T	1.1463690	4.3376097	0.9378201	0.8567900	0.7749273	1.0466952	0.8558406	1.4136969	0.3700615	0.5629827
V	0.3123028	2.7519342	1.7923937	0.4041957	1.8129371	1.3174777	1.4700069	0.7912375	0.2359351	0.8235835
W	0.3931639	0.3997232	0.4475270	0.9738161	0.4364457	1.0647526	0.4836035	0.3966920	0.4073758	1.1997163
Y	0.5554280	0.4028120	0.9125125	0.3790959	0.6127118	0.9579232	1.2411438	0.4072776	0.3751432	1.0156747
