##############
# A6823 PWM for 10-mers
# Model trained on 9-mer peptides adding one non-specific position after P6.
# Copyright (2016) David Gfeller
##############
1.00000	80	0
A	0.5760181	1.2364684	0.9029016	1.0952406	1.0045533	0.9398021	1.0000000	0.9961695	1.1553421	0.4943448
C	0.7024510	0.4767204	0.3962859	0.3679718	0.4111881	0.4036997	1.0000000	0.3984467	0.7097903	0.3858171
D	0.3723059	0.4507464	0.4176301	1.2803074	0.7871538	0.8387337	1.0000000	0.5477348	0.5490163	0.2605804
E	0.7709412	0.6442820	0.3220165	1.0017607	0.5070617	0.4742214	1.0000000	0.5470062	0.6350832	0.3077349
F	1.9915792	0.4602131	4.2058744	1.1235721	1.0735258	1.5049170	1.0000000	1.5156926	1.9162157	4.1781192
G	0.5437852	0.5356894	0.4310092	1.3105620	1.3716506	1.0741277	1.0000000	0.5101721	0.8431784	0.2644746
H	1.0993638	0.3809415	0.7612714	1.1847722	1.5805548	1.3972792	1.0000000	2.6155967	0.7322975	0.4729495
I	0.7459704	0.9304731	1.6097843	0.6781938	1.4729761	0.7776392	1.0000000	0.9399324	0.6229226	1.6685913
K	0.6914391	0.5282441	0.3607999	1.1043591	0.5544973	0.6461682	1.0000000	0.4849345	0.7019433	0.6794342
L	0.9538108	0.7644532	0.9855342	0.6918450	1.1697186	0.9732514	1.0000000	1.1963554	0.6268376	1.8855897
M	5.8845721	1.4261834	3.5439925	0.7275406	1.2768650	1.2215213	1.0000000	1.0789558	1.1397319	2.5006121
N	0.4426335	0.5287044	0.3543410	0.9971875	0.6454718	1.1182563	1.0000000	0.7848575	0.4869008	0.3175862
P	0.2485562	2.2677224	0.6695035	1.6468886	1.0196990	0.7385079	1.0000000	1.1687745	2.9804993	0.2014284
Q	0.5336160	0.8888011	0.3658975	0.8227570	0.4478239	0.7700102	1.0000000	0.8758298	0.7432059	0.3784263
R	1.0207097	0.5470568	0.3380421	0.7332180	0.6260920	1.1384416	1.0000000	0.5456613	0.7724072	1.0584706
S	0.8484219	1.1763223	0.6406258	1.2044986	1.0069724	1.1628334	1.0000000	1.3669368	1.0357896	0.3404696
T	0.9245415	3.3960406	0.5884765	0.9782846	1.4673160	2.2080418	1.0000000	0.9815283	1.3664879	0.4534189
V	0.6682537	1.4210854	0.9587691	0.6699714	0.8817846	0.6858537	1.0000000	0.9401467	0.6266191	1.2334433
W	1.3843935	0.3288346	2.6861399	1.0328328	2.9832602	1.7117666	1.0000000	3.0845412	0.5062591	2.6330879
Y	4.7084988	0.6484986	3.9479280	1.1777200	1.0412856	1.0629612	1.0000000	2.2187919	2.5135806	3.0986398
