##############
# A7401 PWM for 10-mers
#
# Copyright (2021) David Gfeller
##############
1.00000	541
A	1.1274865	0.3291972	1.0855147	0.8923524	0.5803922	0.7909690	0.5892424	1.0493206	0.6913532	0.1630261
C	0.6430087	0.3731827	0.4764424	0.5779921	0.5902820	0.5884747	0.5856721	0.6131995	0.1386175	0.0946980
D	0.1733036	0.1248216	0.1954201	2.1462784	0.6845506	0.5273416	0.4022610	0.2214945	0.2940239	0.1558886
E	0.2355779	0.1474545	0.2719295	2.3570484	0.8202855	1.0488052	0.7002501	0.6765371	1.0125574	0.2255230
F	0.1306124	0.2531125	2.0699664	0.5422331	1.3335302	0.9857806	1.6539053	0.9353598	1.1671073	0.3469294
G	0.3112806	0.2042798	0.3049262	0.8506919	1.9411147	1.1438999	1.4043810	0.1869780	0.9976434	0.1247590
H	0.7658024	0.1868654	1.3523459	0.8745764	1.2532177	1.2562620	0.8051060	1.1936223	1.4168469	0.3423985
I	0.4087516	1.8351470	0.9406250	0.3608141	1.2617643	1.0802907	1.2507258	2.0803576	0.3441027	0.1543359
K	3.6088902	0.1878778	1.8725582	0.9747401	0.9425713	1.5289183	1.0744634	0.7422608	0.7390763	0.9062799
L	0.2975848	3.2426657	1.0011203	0.4400385	0.9511142	0.7854204	0.8279953	0.7505793	1.6968908	0.4923860
M	0.4983217	1.6506765	1.3978542	0.3621550	0.3561724	0.5290999	0.8912591	0.6329660	1.0540281	0.2565159
N	0.2691884	0.1539285	1.3660529	0.9980101	0.5425983	0.9567397	1.2540032	1.0445966	1.0681770	0.2692694
P	0.1199842	0.0978341	0.3194636	2.5308878	1.5733874	1.5716720	1.9950500	1.0910133	1.0672888	0.1935189
Q	0.7743017	2.0067663	2.0435742	1.4263193	0.9328189	1.1738402	0.9740103	1.0523749	1.6814529	0.3992024
R	6.4882053	0.1787597	1.9173084	0.4985096	0.9910330	1.0411707	1.5127719	1.5450605	1.6277239	13.4233626
S	0.9261094	0.7164940	0.6434601	1.1604939	0.8599145	0.8923618	0.6382004	0.7388148	0.7376601	0.2081873
T	0.7022466	2.6109142	0.3933560	0.8446068	0.5838013	0.8101946	0.6372299	1.2987477	0.7287146	0.2080422
V	0.6089239	2.5653477	0.5141272	0.4766391	1.0144265	1.0484241	0.8153540	2.2021701	0.6808072	0.1635267
W	0.2493742	0.1376677	1.8550453	0.3741198	1.6871941	1.4153105	1.0450051	1.1682507	0.4363595	0.2583565
Y	0.1692409	0.2399421	2.1890637	0.5229813	1.1280581	0.9119564	1.1277014	0.5695367	2.4264986	0.1709418
