##############
# A8001 PWM for 10-mers
# Model trained on 9-mer peptides adding one non-specific position after P6.
# Copyright (2016) David Gfeller
##############
1.00000	171	0
A	0.7201365	0.7201911	1.2855546	1.2578382	0.5172870	0.8771978	1.0000000	0.6142169	0.7695945	0.2930739
C	0.6262232	0.3762522	0.6264074	0.7947691	0.4416290	0.8370470	1.0000000	0.6459941	0.6465466	0.2171905
D	0.6355218	0.4686189	2.5397416	1.4669525	0.6791081	0.8867811	1.0000000	0.6357719	0.7608627	0.2045296
E	0.8821799	0.4325511	1.0918587	1.0889728	0.8944838	0.4306479	1.0000000	0.3905502	0.9397844	0.3126202
F	0.9994207	0.7873969	2.1287073	1.0863746	2.1420582	2.1748475	1.0000000	1.3587503	2.7723109	3.0310205
G	0.4618875	0.3579626	0.8500305	1.0854991	1.3737500	0.9981667	1.0000000	1.4922023	1.0415227	0.1959505
H	0.9589672	0.2736123	0.8900839	0.8971995	0.7548521	1.2494593	1.0000000	0.8394217	0.3403700	1.8687044
I	0.7480322	1.2775148	1.0565656	0.7479782	1.2146234	1.0464160	1.0000000	0.9962305	0.9812495	0.4420227
K	1.6884984	0.4157573	0.6757991	1.5688487	0.7166126	0.4038595	1.0000000	0.4849514	0.4313850	0.3370523
L	0.8223986	1.3799492	0.7714991	0.5907284	1.0845390	1.1374283	1.0000000	2.4045442	1.3862487	0.5075015
M	2.1843641	1.1158590	0.7046065	1.0675994	1.1520104	1.2981480	1.0000000	1.2721866	1.8460672	0.7150497
N	1.0331912	0.6427666	1.2509074	1.2346855	0.5976875	0.7079752	1.0000000	0.8092572	0.6867120	0.2792954
P	0.3713929	0.3104820	0.2929165	0.7034568	1.1524551	1.0896268	1.0000000	0.5792701	0.9227056	0.1592997
Q	0.5363809	0.5996204	0.6467931	0.6992447	1.0374788	0.4161920	1.0000000	0.3917629	0.6117487	0.3921987
R	1.6262901	0.3829576	0.7338702	1.2132642	0.8631458	0.5640281	1.0000000	0.5547995	0.8404917	0.2840980
S	1.0323783	1.7340527	0.7246811	0.5895439	0.5579023	1.1168920	1.0000000	0.8756711	1.0831593	0.2650296
T	0.6775538	3.9995462	0.9114543	0.9758744	0.9413346	2.0110694	1.0000000	0.5725779	1.2349776	0.2930282
V	1.2962839	2.0675560	0.7519313	0.8102424	0.7770580	1.0104516	1.0000000	0.8209092	0.7048983	0.5439916
W	1.4316670	0.6210134	1.6916159	2.3539115	4.1639816	1.7041038	1.0000000	5.8556233	0.3691145	1.4290869
Y	3.1460864	0.5104873	0.8629713	0.7923128	1.7754951	0.8928623	1.0000000	1.1300830	1.5149265	17.3087194
