##############
# B0702 PWM for 10-mers
#
# Copyright (2021) David Gfeller
##############
0.40458	954
A	2.3562386	0.7293671	1.4041171	1.2102320	1.1982777	0.8158612	1.0393670	1.1930918	2.1550567	0.3399239
C	0.5915155	0.1299266	0.4524744	0.5332401	0.5326639	0.5226987	0.5346242	0.5426276	0.7313120	0.3353571
D	0.1989988	0.2403294	2.1194636	0.9641630	0.5740829	0.4398824	0.3847701	0.2717886	0.1912030	0.0939501
E	0.1531373	0.1776520	0.6570636	1.1662429	0.7636050	0.4402757	0.5197114	0.6634660	0.9237546	0.0953493
F	0.4208230	0.0719880	0.7501024	0.3903916	0.5617795	0.2540174	0.8819087	0.4069008	0.4466465	1.4340105
G	0.8103585	0.2802370	0.8601343	1.5851352	0.8092757	0.9175538	0.7621834	0.8338612	0.3850381	0.1009825
H	0.8725078	0.1566050	0.1894280	0.3940500	1.0905697	1.6386952	0.9815964	0.9034416	0.5257472	0.1782316
I	0.7428464	0.3558455	0.2650887	0.4441362	0.4740995	0.7334863	0.9322265	0.4722107	0.7132196	0.7516049
K	0.8772144	0.1958795	0.1620099	0.9156243	1.4585537	1.3274386	1.2566243	0.6420071	0.4796155	0.2281005
L	0.7730082	0.4298706	0.6318589	0.8001079	0.9144062	0.6307102	1.4003339	1.5754539	0.8052392	6.9481481
M	0.7472613	0.3682738	0.6536405	0.7359980	0.4471663	0.4006043	0.9565541	0.8431790	0.6092178	1.4463247
N	0.3745594	0.1843890	2.0308195	0.7999589	1.2373332	0.4558815	0.4253185	0.9333697	0.3725323	0.1736007
P	0.7377295	13.3071843	2.4608558	1.9436866	0.5313905	1.7702961	1.2088421	1.2809111	0.6868112	0.4739908
Q	0.8270675	0.1225549	0.6402069	1.5491426	1.0226053	0.9846673	0.9261887	1.1916356	1.4771022	0.1488820
R	1.8855673	0.4563821	0.1413257	0.7566497	1.9643178	4.5939173	2.6343386	1.0659078	0.4180016	0.0979187
S	3.0441179	0.4321324	3.1304910	2.2303354	1.6993265	0.8410274	1.2325957	1.8396677	3.1444518	0.2465784
T	1.3045602	0.1960526	1.0569401	0.4730520	1.2358003	0.7792532	0.8556042	1.8374458	1.8813002	0.2885607
V	0.5155197	0.6681963	0.1755063	0.5871782	0.8527487	0.8311270	0.6829073	1.0747790	1.3712000	0.8908008
W	0.1611788	0.1245186	0.3096271	0.3853899	0.8543015	0.4614025	0.4744186	0.3121813	0.0831696	0.1035123
Y	0.5800174	0.0849283	0.5780436	0.5099937	1.0507406	0.3327672	0.7190932	0.3346502	0.4271438	0.2434943
