##############
# B0704 PWM for 10-mers
#
# Copyright (2021) David Gfeller
##############
1.00000	292
A	2.4786486	0.5051141	1.0394709	1.0851029	1.1489826	0.8143109	0.7270903	0.6949150	1.7944087	0.4738650
C	0.6581169	0.2296029	0.5052506	0.5838970	0.5951399	0.5857644	0.5944576	0.5926832	0.7961397	0.4597633
D	0.2585814	0.2331509	0.5286367	1.0721022	0.8171267	0.6100593	0.4407626	0.3142577	0.5122477	0.1785240
E	0.3486918	0.2372791	0.3515916	1.4384082	0.8784159	0.5375577	0.5825051	0.6503181	1.1625409	0.1495639
F	0.4282504	0.1446478	0.9617493	0.3828921	0.5941509	0.7909459	0.7451363	0.3712790	0.6871901	2.2919926
G	0.5427302	0.2484531	0.3336375	1.0395834	1.3450744	0.9888073	1.4972648	0.3739371	0.4067107	0.1404688
H	1.3073260	0.1953064	1.0570986	0.7408172	1.0249576	2.5213084	0.9088610	1.1166705	0.6146541	0.2703711
I	0.4567472	0.2726245	0.5700783	0.4394768	0.5976090	1.0767313	0.9813896	0.7368605	1.0844869	1.2752959
K	1.4144207	0.2726460	3.5925588	1.5695035	0.9875394	2.0446596	1.5680550	2.0487055	1.0376425	0.1841013
L	0.6438428	0.2345817	0.4321224	0.4902620	0.3925254	0.7243658	0.9267459	0.6843518	0.9591955	5.2417233
M	0.9836675	0.2065966	1.2491439	0.2775266	0.5700051	0.4266695	0.7286929	0.6225278	0.8547389	2.5913726
N	0.5541853	0.2212328	1.3583449	0.7896623	1.2217320	1.1746809	0.6365472	0.7124617	0.4194009	0.1542859
P	0.1861788	13.8662461	0.7552847	3.1743837	2.9348755	1.2084311	1.6676300	1.5706282	0.7530924	0.2203663
Q	0.8852828	0.2188122	1.1010508	1.2246404	1.1385306	0.8134160	0.8414555	0.7733388	0.7233888	0.2403901
R	3.3244945	0.1922255	2.1642840	0.7606258	0.9519101	1.7604722	1.8103332	2.9142849	0.5902757	0.3152551
S	1.8275397	0.4242601	1.5336680	1.4953178	1.1832132	1.0918114	0.8283312	1.0266262	1.8614532	0.2163334
T	0.7503437	0.3366868	0.6476986	0.8575365	0.8994956	0.9313420	0.8790604	1.5954666	1.6402190	0.3168632
V	0.6985973	0.7062536	0.3516172	0.4713383	0.8759401	0.6662669	1.2004893	1.2882884	1.6105591	1.3595760
W	0.4195066	0.0951438	1.2957686	0.6013778	0.6230416	0.6325287	1.2849209	0.1955307	0.1908238	0.4778787
Y	0.6907713	0.1868316	0.6417449	0.4099932	0.7619364	0.4819431	0.5363318	0.7624751	0.2812487	0.4819847
