##############
# B0702 PWM for 10-mers
#
# Copyright (2018) David Gfeller
##############
0.62017	1076	1
A	1.8577878	0.3468049	1.3521601	1.1459165	1.1323443	0.8431434	1.0271837	1.0751893	2.1005228	0.4365662
C	0.7011444	0.2231061	0.3849676	0.6282058	0.6320049	0.6349149	0.6316908	0.6422102	0.6372798	0.3952770
D	0.1346178	0.0917912	0.0935059	1.3005522	0.7132866	0.8458638	0.5703147	0.5718751	0.4365269	0.0524626
E	0.2542336	0.0916219	0.1239743	1.0648444	0.6098193	0.6177639	0.7576776	0.9953422	1.2248945	0.0842815
F	0.2858822	0.0533978	0.4963137	0.3447384	0.6174442	0.5488659	0.6467597	0.3321867	0.4571268	2.6517507
G	0.5611346	0.1197073	0.3841938	1.3133692	1.7826189	1.4185669	2.0372496	0.5668880	0.7773670	0.0766175
H	0.8869694	0.0970645	1.6641308	0.7137887	0.5369102	1.0201314	0.8774859	1.0160635	0.5413509	0.3172739
I	0.5202245	0.1958104	0.7315917	0.3358558	0.5230705	0.4828900	0.6106243	1.2054090	0.3908431	0.8586773
K	1.7771280	0.1091228	1.7094671	1.3473980	0.5933890	0.5577921	1.1860095	0.5111930	0.5691317	0.1011453
L	0.8666341	0.1232279	0.2352168	0.4931574	0.4709620	0.7651172	0.8406954	0.9558072	0.6778369	6.0663137
M	0.7380231	0.0823981	1.2228752	0.3253273	0.3331010	0.5170190	0.4868112	0.5771674	0.5946054	3.4327986
N	0.5101680	0.1238968	0.2623081	0.9958524	1.1126943	0.9555047	0.9630464	1.0753526	0.4203827	0.0606621
P	0.0584069	13.7924166	0.0534699	2.7358696	3.1332089	1.6580038	1.4190123	0.7658162	0.5640060	0.1363338
Q	1.3122175	0.1461221	0.7796059	1.0549079	0.9340003	1.2293558	1.1877990	1.3516998	0.8435776	0.1118758
R	4.4113855	0.1296839	8.8736311	0.9528654	1.0954081	1.0859309	1.1069221	0.8896287	0.5202601	0.2400533
S	2.1134183	0.1442011	0.3555110	1.7885983	1.2939041	2.7247840	1.1587879	1.7127896	3.5080162	0.1300227
T	0.4952146	0.1861288	0.1115098	1.1136357	0.9423633	1.5281311	1.2723281	1.9645480	2.0270200	0.1638126
V	0.6250706	0.5417139	0.4664850	0.3517075	1.1129240	0.6209724	0.9149761	1.4878027	1.0097003	0.8172210
W	0.3445394	0.0445974	0.3541809	0.4121786	1.3251497	0.8350371	0.9202932	0.6713587	0.1755289	0.3746368
Y	0.7181840	0.1003961	1.1226928	0.2912148	0.2143473	0.4969598	0.5258095	0.4709043	0.5778469	0.1896783
