##############
# B0801 PWM for 10-mers
#
# Copyright (2018) David Gfeller
##############
1.00000	75	2
A	0.6825524	1.2238313	0.8116913	0.8051996	0.6477855	1.1107117	1.0810238	1.2389894	1.4188118	0.6545005
C	0.6765944	0.7057759	0.5157097	0.8038711	0.7731079	0.8680935	0.8624491	0.9245370	0.9583057	0.6305755
D	1.7060445	0.5340978	0.6315504	1.6692643	0.6701610	0.6991865	0.7371018	1.1639486	1.1944588	0.2459523
E	2.1200606	0.7794847	0.7292753	1.4198157	1.0653312	1.1352726	0.9877124	0.9720357	1.9877882	0.2721417
F	2.1039653	0.7082901	0.7468527	0.5729097	0.3431923	0.5941275	0.8416675	0.8267071	0.7384473	1.7758063
G	0.4391639	0.5432486	0.6000644	0.6086494	0.7182223	1.0257248	2.0096679	0.7307369	0.5438148	0.4235775
H	2.3650001	0.3295655	1.1735188	0.7284838	0.9615266	1.3876366	0.6558919	1.3167138	0.4878212	0.2762493
I	0.8693161	1.6500521	0.4648696	0.5855968	0.5470001	0.9152801	1.0574719	1.8218669	0.6022547	1.3711831
K	0.9050783	0.4607553	3.7500088	1.7762000	3.8111822	1.5097850	1.9985616	0.7089694	0.6980683	0.3377944
L	0.9203622	1.8875134	1.0434408	0.8754226	0.7390183	0.7510150	1.3218102	1.2403509	0.7955105	4.3431031
M	1.0811004	1.5381159	0.8700159	0.5975198	0.5895260	0.6341404	0.7356198	1.0077132	0.6380718	1.5856083
N	1.0707444	0.5367584	0.7612747	1.2270317	0.6459225	1.3253442	0.5307207	0.9849095	0.9417578	0.2824362
P	0.2446193	2.3892774	0.5470557	1.2052560	0.5505057	0.6682094	0.3847647	0.3854279	0.2873066	0.3173518
Q	0.7913100	0.6937857	0.8779618	1.3530768	1.0970515	1.1601085	0.9736367	0.9092645	1.7582976	0.4523341
R	0.9456507	0.4046428	2.1036458	1.5874376	3.3068717	1.1544641	0.7793209	0.4873097	0.9695282	0.3576390
S	0.9123298	0.6896020	0.7951902	0.8912170	0.7820886	1.2460229	0.6554235	1.0444941	1.9190918	0.3644968
T	0.7217779	0.6553496	1.0587491	0.9623359	0.7420073	1.0102623	0.6205384	1.3074344	1.1894465	0.6905484
V	0.5081680	1.2058286	0.5183364	0.5191116	0.4852496	0.9580439	0.8689445	0.9792331	0.9391479	1.2467243
W	0.5563578	0.3944227	1.2610689	0.4220816	0.3935538	1.2321282	0.4877078	0.4288414	0.4342271	0.5394609
Y	1.2059027	0.4793035	0.7649259	0.8909410	0.4570120	0.7430365	1.1467494	0.5476192	0.7096852	0.6646411
