##############
# B1302 PWM for 10-mers
#
# Copyright (2018) David Gfeller
##############
1.00000	237	1
A	0.7374242	0.4297872	1.2673619	0.8375142	0.6845733	0.9934800	0.5993562	0.6266380	0.8224388	0.4269764
C	0.7405467	0.4082183	0.6138611	0.6816793	0.7267861	0.7361029	0.7300474	0.7303671	0.2828713	0.3840878
D	0.2953508	0.3281864	0.3620158	2.3162519	1.6805721	0.7939126	0.5395036	1.3770483	0.5391713	0.1602608
E	0.3805069	0.6893537	0.3273582	2.4428329	0.9585568	1.3189025	1.0832151	1.4127619	1.3860851	0.1617164
F	0.5028081	0.2801608	1.8307193	0.4825109	0.5668574	0.5099278	0.9212916	0.5769618	0.6830882	0.4485610
G	1.5608822	0.3139758	0.4785491	1.0986917	1.9245247	1.2146670	0.9311091	0.3833378	0.9320329	0.2239471
H	1.0056417	0.3536460	1.1712784	0.8198062	1.0557955	0.8780815	1.1615322	1.1851002	1.3138121	0.1474991
I	0.4637642	0.6943792	1.4841872	0.2146907	1.5068160	1.1382691	1.4576445	0.7207300	0.6231379	5.1890353
K	3.4112558	0.5335829	1.3253133	1.6273111	0.7109437	1.1958490	1.5070388	0.6658239	1.9280089	0.3013565
L	0.5223429	1.9535690	1.3872990	0.5099285	0.9347785	0.9668938	1.0903105	1.7731008	0.8935508	1.9155441
M	0.3532155	1.0188766	2.0803148	0.3119528	0.7593971	1.1032022	0.8073071	0.9479210	0.4141135	1.1896984
N	0.4614436	0.3674822	0.6835926	1.6260157	0.8327759	1.1386981	0.9824359	1.3518910	0.9336414	0.1740396
P	0.2164546	0.1565663	0.5663380	1.0128145	0.7825464	0.6840180	0.7787131	0.5238770	0.1735836	0.1178422
Q	0.8074743	10.5103156	1.0406416	1.4534505	1.2629087	1.4996407	1.5550896	2.6583893	2.1206526	0.2567299
R	5.4662982	0.5075511	0.6219003	0.7612913	0.5967528	0.6467983	0.8247527	0.5914608	1.3057060	0.3132669
S	0.6782458	0.4901355	0.7762782	1.3777094	0.9755534	0.9966905	0.8642296	0.8925206	1.4351401	0.2675982
T	0.4755210	0.3472641	0.7438145	0.6626459	0.9450975	1.1083462	0.6016530	0.9574644	1.7399390	0.4099530
V	0.4258556	0.7743554	1.0010672	0.2995215	0.8683930	1.0337538	1.4423994	1.0613704	0.6712048	3.1905353
W	0.2776822	0.2766738	0.6885164	0.2437325	1.5223769	0.2850099	0.5996285	0.8966857	0.2865416	0.2700208
Y	0.6857793	0.3244461	1.9643123	0.4721652	0.6043855	0.9787690	0.7353926	0.3359775	0.7246468	0.3236748
