##############
# B1301 PWM for 10-mers
#
# Copyright (2021) David Gfeller
##############
1.00000	1099
A	1.2730798	0.1399884	1.4489863	0.8766688	0.9414750	0.7847385	0.7037792	0.8654503	0.7177823	0.0833055
C	0.6255052	0.2850085	0.4565853	0.5540266	0.5586379	0.5647375	0.5641051	0.5593803	0.0787992	0.0876363
D	0.1091318	0.1049308	1.9427211	1.8669848	2.6677725	1.9096118	1.0394196	3.8956166	0.5066729	0.0628327
E	0.1621513	0.2378461	1.0290672	2.2918760	2.8991333	2.1173229	1.6071924	3.3176567	1.4173820	0.0514539
F	0.3468258	0.1254304	1.7013655	0.4176518	0.4593552	0.7523793	1.4594943	0.2071340	0.9141834	5.7609141
G	0.7250091	0.0681433	0.2957681	0.9594800	1.2268437	1.2276264	0.9308632	0.3608547	0.6723518	0.0518370
H	2.1486714	0.1098412	1.1168491	0.7576343	0.6869398	0.7794536	1.2157927	0.9447432	1.5837154	0.0735456
I	0.5476588	1.0694281	2.2978568	0.2975751	0.9870364	1.0154831	0.8195605	0.7058968	0.4239932	2.3892016
K	2.2791133	0.1422369	0.2330760	1.4145517	0.5726069	1.3236244	1.1097513	0.2133701	1.7777476	0.0734512
L	0.3962424	3.5686758	1.0971128	0.5358902	0.6754408	0.9002522	1.0092644	0.5080565	0.8780304	4.0747807
M	0.1832587	1.7180184	1.6116144	0.4427166	0.3503652	0.8033782	1.0104703	0.3195207	0.5410836	1.2065125
N	0.1669184	0.1025820	0.5612106	1.2948802	1.0157597	0.7105540	1.6180819	0.9371991	0.8528353	0.0740728
P	0.0641947	0.0888039	0.5807990	1.6465766	1.1468441	0.5346302	0.5147025	0.2616720	0.0659891	0.0373409
Q	0.6435725	10.1687186	0.9525552	2.0082737	0.9343725	0.9539290	1.0089230	2.1662054	2.0843877	0.0793214
R	6.8888039	0.1744917	0.1461933	0.8020051	0.2664417	0.4077388	0.7013261	0.2416602	1.6332017	0.0919039
S	0.7552395	0.1848189	0.6956216	1.1766359	1.0769112	0.8532997	0.6749636	0.6862721	1.1834529	0.0604498
T	0.2940320	0.2658836	0.3790325	0.4697199	0.6810165	0.9411041	0.8774691	0.7754734	1.6645309	0.1063588
V	0.3773230	0.9610891	1.4244894	0.4107360	0.6583946	1.1325286	1.2166733	1.3725493	0.7058022	0.2884476
W	0.5492974	0.0792517	1.0435987	0.5415845	0.1349376	0.1439731	0.3600326	0.2726339	0.5029557	10.9495776
Y	1.0886015	0.1109398	1.1589441	0.5904548	0.2044358	0.6009102	1.3903023	0.5086799	1.7118963	0.2947490
