##############
# B1402 PWM for 10-mers
#
# Copyright (2021) David Gfeller
##############
1.00000	152
A	0.5402989	0.6749337	0.6644675	1.0240689	1.0337015	1.0444595	0.6137413	0.9992720	1.7470638	0.5532403
C	0.6880540	0.3725412	0.5895910	0.6592479	0.6476271	0.6698144	0.6528274	0.6923652	0.3704855	0.3855391
D	4.5713912	0.7373608	0.3318237	2.1435017	1.0482895	0.7250233	0.9032136	0.7978193	0.5947677	0.1816406
E	1.2024895	1.2531594	0.3446248	1.2451508	1.2335898	1.1581068	0.7489242	1.3264929	1.1018899	0.2004223
F	0.6663788	0.2513702	2.6693728	0.8962137	0.6268677	0.8453748	0.9413349	0.7010739	0.5244820	1.4040017
G	0.4736639	0.6259514	0.5056587	1.0507524	1.5630755	1.0445390	1.4421370	0.8377839	0.9910082	0.1916831
H	1.4852235	0.7897803	0.9578157	1.3291432	1.0187208	1.0124706	1.9156261	0.8329438	0.8375887	0.2355392
I	0.9086457	0.3368745	1.1649184	0.6792997	0.6874078	1.0387502	0.9958433	1.1030521	0.6529803	1.7777663
K	0.4844023	1.1747424	0.5207530	0.9867467	1.3305762	0.9034586	0.8219920	1.1177496	0.6731532	0.2516619
L	0.7131149	0.3723679	1.6874266	0.8294218	0.6599057	0.7673603	1.1165581	1.2886009	0.6109722	5.2514335
M	0.8432585	0.5319986	1.8043321	1.5822814	0.4279854	1.1858968	1.3612299	0.6973815	0.6048228	1.6378490
N	2.1944296	1.0480089	0.6702490	1.2213506	1.0210981	1.0013532	1.0585012	0.8871172	0.7816228	0.2965544
P	0.2330884	0.5876270	0.5483430	0.5045725	0.7748027	0.8634434	0.5660445	0.4157657	0.2736621	0.2543712
Q	0.7139263	2.0873591	0.6031988	0.8229237	1.0451276	1.2999251	1.0550609	1.2721066	1.1025675	0.2474422
R	0.4261513	6.5370042	0.7508913	0.7562463	2.1695286	2.0719187	1.5910678	0.8464825	0.9749251	0.3241445
S	0.9843794	0.4956398	0.3229803	1.1506624	0.8888483	1.2606034	0.6675478	1.1475679	2.8487761	0.2481825
T	0.8506672	0.4736543	0.5133735	0.7884530	0.7736673	0.8716159	0.7486352	1.2170225	1.5346812	0.4508186
V	0.8896848	0.4153014	1.1807023	0.6954105	0.7193159	0.7382565	1.0570175	1.2223696	1.1637949	1.2761917
W	0.2733852	0.2565650	0.9762522	0.6812835	1.0256491	0.2787887	1.0714773	1.0375275	0.2614201	0.3411177
Y	1.0289150	0.3432736	5.6538781	1.2079969	0.6486327	0.5364353	1.3750446	0.6724779	0.3738604	0.6171342
