##############
# B1401 PWM for 10-mers
# Model trained on 9-mer peptides adding one non-specific position after P6.
# Copyright (2016) David Gfeller
##############
1.00000	103	0
A	0.4733728	0.5295198	0.5192895	0.7753355	0.6990754	0.8033531	1.0000000	0.5931495	1.5463789	0.4918443
C	0.7677666	0.4078905	0.6543241	0.7600425	0.7102904	0.8103282	1.0000000	0.7938802	0.4871182	0.4941691
D	3.7902391	0.7018534	0.4582262	1.7240085	0.7552437	0.7247602	1.0000000	0.5945714	0.9834305	0.2081627
E	1.0104353	1.1634087	0.3826268	2.3161521	0.7493046	0.5916688	1.0000000	1.0847902	1.5776019	0.2346306
F	0.9129481	0.2950028	3.2640210	1.0601141	1.0645504	1.1343018	1.0000000	0.9306847	0.5999801	1.7096152
G	0.8875006	0.3892973	0.5426848	0.5966157	1.0080618	1.0953726	1.0000000	0.5040071	0.8236528	0.2457650
H	0.8811945	0.8944314	0.6633493	0.6015636	0.6802152	0.7711968	1.0000000	1.1870382	0.4085080	0.3502435
I	0.4348510	0.2455854	1.0323660	0.8227039	0.5092358	1.3028875	1.0000000	1.2532556	0.5494129	1.3953796
K	0.6396839	1.3278591	0.8349359	0.7885222	1.5454243	0.8557979	1.0000000	0.8606333	0.9244514	0.2943387
L	0.3589599	0.3172459	1.2933663	1.2562328	0.4289700	0.8167299	1.0000000	1.0764718	0.4867348	4.2450894
M	0.9705402	0.4486584	0.9082623	0.9859597	0.4817087	1.0018890	1.0000000	1.5695773	0.9120363	1.7391773
N	3.5043460	0.8395871	1.2157334	0.7628565	0.7980560	0.9534973	1.0000000	1.5589149	0.6148053	0.2451003
P	0.3299690	1.0638146	0.6008431	1.2651721	0.8478404	0.7363312	1.0000000	0.4289057	0.2756604	0.1584001
Q	0.8679194	1.8898511	1.1817482	1.2445744	0.8556468	1.1374159	1.0000000	1.3024838	1.6042210	0.2880482
R	0.9865903	7.0070411	0.8492337	0.5902171	4.7581607	1.4827914	1.0000000	1.0140177	0.7490075	0.3166983
S	0.9522848	0.6864731	0.5034335	0.8811027	0.9685657	0.8266616	1.0000000	1.1872391	2.3673323	0.2991788
T	0.7686430	0.6344536	0.7035737	0.6592485	0.8170847	1.4441076	1.0000000	1.3777426	2.0203925	0.4219660
V	0.6918573	0.2910100	1.1452722	0.7197823	0.3650501	1.2851253	1.0000000	0.8076564	1.0731876	1.2168585
W	0.4248321	0.3817954	1.3520580	0.4073162	0.4951967	0.4763297	1.0000000	1.7352054	0.3705042	1.2971415
Y	1.4766387	0.7571772	3.5641952	0.8245057	1.8674751	1.5477128	1.0000000	1.7479039	0.4303284	3.0699113
