##############
# B1503 PWM for 10-mers
#
# Copyright (2018) David Gfeller
##############
1.00000	166	2
A	1.0435521	0.7873868	1.2599042	0.6746059	0.9431197	0.9418329	0.9434632	0.8734726	1.1299559	0.3497829
C	0.5671244	0.3571772	0.6830294	0.8479687	0.8939092	0.9107958	0.9235571	0.9395930	0.7741075	0.3097953
D	0.3496505	0.4377064	0.5693287	2.8388526	1.1696605	1.1648214	0.6699294	0.7360345	0.7251852	0.1930025
E	0.4235601	0.7108783	0.3199778	1.7058764	1.4434039	1.2615828	0.8612717	1.4039012	1.1606628	0.2246802
F	0.7921486	0.2179958	2.6783364	0.5156717	1.0936429	0.6628171	1.1497974	0.5839578	0.5293267	6.2830527
G	2.0774253	0.7300758	0.5192484	1.8679205	1.6611148	1.3886510	1.3070957	0.9123723	1.2127603	0.2950011
H	1.4129435	0.8032514	0.7558493	0.4963920	1.1190891	0.9829752	0.7257443	1.3777155	1.1386366	0.7858327
I	0.6020103	0.2460346	0.9170919	0.2869410	0.5111765	0.8262753	0.8237027	0.7364172	0.4695632	0.4185048
K	3.0128623	6.5483822	0.7800889	1.2443367	0.9227504	0.8687125	1.1629616	0.7138458	1.1361763	0.2533394
L	0.3706002	0.4300694	1.2390173	0.4756294	0.6156444	0.6851009	0.9924542	0.7305752	0.7584475	0.5726887
M	0.6945135	0.7026977	1.3996879	0.4855569	0.4141775	0.7149252	0.9206388	0.9123862	0.6023941	0.6579532
N	0.4639558	0.6050983	0.5738196	1.1958151	1.0417590	1.2916146	0.7654333	1.2996578	1.1569563	0.2594400
P	0.1989482	0.2319423	1.4259924	2.0087791	1.7948189	1.6580478	0.8175322	0.4783859	0.2786948	0.1262893
Q	0.7574453	3.8885960	0.9193227	1.7301206	1.3564903	1.1010474	1.7608921	2.2110039	1.1370107	0.2538233
R	2.9223620	1.0973495	0.9372480	0.7428480	0.7786476	0.9893736	1.1667326	0.7303297	1.3292815	0.2715860
S	0.9535737	0.6107279	0.4373322	0.7429074	1.1682131	1.0804804	1.2217327	1.4182996	1.7261984	0.2741882
T	0.6565493	0.4149270	0.4350349	0.3905210	0.6664698	1.2412954	1.2423515	1.5928837	1.9807507	0.2835159
V	0.6368230	0.2684623	0.8462509	0.2574858	0.5858261	0.5953873	0.6242093	1.3221303	0.7669435	0.4130138
W	0.3909624	0.2948566	1.8027918	0.2855663	1.1634880	0.3130818	1.6133630	0.3184514	0.3578132	1.2475404
Y	1.6424834	0.3485563	3.3084232	0.6783433	0.7802346	0.7320734	0.9232215	0.5158322	1.2395027	13.6714440
