##############
# B1501 PWM for 10-mers
#
# Copyright (2021) David Gfeller
##############
1.00000	2612
A	1.6306598	0.4208919	1.1662913	0.8874445	1.1476068	1.1227154	0.7444010	1.0346935	1.4302834	0.1006418
C	0.3686115	0.1715936	0.3438495	0.6999018	0.7041248	0.7070303	0.7083819	0.7108755	0.4582497	0.0969167
D	0.0909544	0.0641323	0.1807495	1.9365542	1.2033834	1.2926682	0.6635925	0.4145980	0.3626570	0.0319403
E	0.1635258	0.3084162	0.1660841	1.7240065	1.6406907	1.1808153	0.8554314	1.6329948	1.3325220	0.0593254
F	0.8085313	0.2828204	2.6604248	0.4656750	1.1878570	0.6303036	0.8992641	0.2749607	0.7438445	6.9214183
G	1.4019923	0.2522172	0.3395384	1.4246921	1.4942223	1.3125618	1.3951189	0.6334602	0.7034910	0.0567441
H	0.7490406	0.1465892	1.1365363	0.8212947	1.3378312	1.0261877	1.3005527	1.0269011	1.1058574	0.6243044
I	1.0798967	1.2331294	1.9337001	0.4047048	0.6035960	0.7173586	0.9366727	1.1565957	0.3123211	0.1713851
K	2.2516387	0.1423475	1.8149570	0.7251622	0.6460050	0.8429406	0.9966624	0.4657237	0.7279801	0.0745072
L	0.6088505	2.2864230	0.4081800	0.5282767	0.7050302	0.9106905	1.1203761	0.8690254	0.6931075	0.6380582
M	0.5208943	2.6406425	1.3939685	0.3524782	0.5717259	0.5907415	0.9758634	0.7496142	0.3050038	1.0460746
N	0.1476122	0.1422688	1.5883457	0.9345486	0.9992658	0.9352945	1.1177764	0.9835747	0.7502033	0.0422899
P	0.1016611	0.1273125	0.9978167	2.5467362	1.2945445	1.1347357	0.8944273	0.4557873	0.3961755	0.0339673
Q	1.0698876	9.5299276	1.1929634	1.6559339	1.3147124	1.4557876	1.3169966	1.9323645	1.7231221	0.0532550
R	2.6964939	0.1315790	1.4064331	0.6395555	0.4616727	0.5296993	0.6031260	0.4707409	0.7287641	0.0400301
S	1.1243567	0.4948821	0.6146644	1.2047621	1.0229406	1.3892406	1.2882795	1.6435669	2.1782990	0.0559640
T	1.0214724	0.4895669	0.3149847	0.6809397	0.9750721	1.2660264	1.3834758	1.9747584	2.5540007	0.0728546
V	0.9883311	1.5540347	0.7139957	0.5561541	0.9061195	0.9761271	0.9979718	1.7804176	1.0879536	0.1620977
W	0.2782532	0.0662469	0.1981840	0.4437126	0.8026978	0.3000104	0.4810344	0.2411934	0.2166980	0.3047568
Y	1.2998766	0.1381639	2.6468226	0.5445320	0.5671335	0.4282268	0.7276001	0.3549831	1.0392828	18.6581228
