##############
# B1502 PWM for 10-mers
#
# Copyright (2021) David Gfeller
##############
1.00000	255
A	0.4407830	0.5143795	0.9506559	0.7227418	1.3799054	0.6733281	0.9083549	1.3291727	1.7542555	0.2343495
C	0.4830431	0.3925007	0.4639609	0.7382034	0.7681664	0.7604717	0.7661243	0.8106861	0.6225747	0.2422304
D	0.9092531	0.1820157	0.4459187	2.2062766	1.1576762	0.8401845	0.8930649	0.3610992	0.4566271	0.2586127
E	1.1767815	0.3152231	0.2726355	1.9779380	1.1548549	0.7109806	1.2430072	1.0988296	1.9542206	0.1884622
F	2.0481694	0.6516236	2.3751885	0.2135575	1.4747228	0.2519690	1.0882080	0.4976124	0.6274840	5.0493326
G	0.2952341	0.2538508	0.3493907	0.9746300	1.5353285	1.3471706	1.7178096	0.3047181	0.4163586	0.1569632
H	5.7334445	0.4234298	0.8890198	1.0276624	1.9840980	1.2196924	1.3272585	0.8892774	0.7214289	0.6020591
I	0.5736438	1.7852492	0.9386579	0.4669085	0.5900178	0.9970142	0.8279211	1.2411069	0.6254423	0.4014344
K	0.3730328	0.2542680	0.9959574	0.5419937	0.6190502	1.0383501	0.9778187	0.5960766	0.6688849	0.2079652
L	0.4265974	3.8348099	0.7746270	0.4439153	0.4738187	0.7741990	0.8599569	0.8607614	0.6875255	0.5852353
M	2.0918505	2.6706942	1.1142680	0.4848272	0.3275905	0.4502499	0.8798693	0.7298721	0.5917712	2.2595177
N	1.1448924	0.2655473	0.9059499	1.0093323	1.1582402	1.2848868	0.9124310	1.0670159	0.4886237	0.2110721
P	0.2379364	0.7894089	1.5662144	3.6072063	1.0543428	2.2620800	0.5859076	0.4222370	0.6303492	0.1233050
Q	1.0023292	2.0013334	0.6354889	1.2070096	0.5836048	1.4928094	1.1784799	1.2907860	1.1100597	0.2231930
R	0.3035792	0.2391873	2.1762003	0.6366468	0.6209405	1.0497752	0.8448977	0.7323166	0.4611279	0.2095294
S	1.6633882	0.2678130	0.4879525	1.0527368	0.9723673	1.4625881	1.2664183	1.3456166	1.7823266	0.2079829
T	2.0782811	0.3218149	0.4520548	0.8697829	0.7704846	1.0794596	0.9711400	2.6315050	2.6051450	0.2384105
V	0.3643111	2.0600185	0.7893866	0.4605084	0.9668546	0.6808224	0.9167517	1.8395753	1.2989533	0.3525501
W	1.0390243	0.2314170	1.6007975	0.4154059	1.4914688	0.4320495	0.2312595	0.4531000	0.2184130	1.0696832
Y	2.1453393	0.3310804	4.2983979	0.4311923	1.8409560	0.4537356	0.7811335	0.4859176	0.6798649	16.0870380
