##############
# B1510 PWM for 10-mers
#
# Copyright (2018) David Gfeller
##############
1.00000	47	2
A	0.7953544	0.8338880	1.0236487	0.7208820	1.1302703	1.2070815	0.8335465	1.4398159	1.4588715	0.6319194
C	0.6297299	0.4191359	0.8028825	0.9218376	0.9705623	1.0200431	0.9758548	1.1116119	0.9230303	0.6696998
D	0.8201521	0.5871152	1.5796688	2.0292735	1.0384748	0.5588916	0.6342472	0.5189917	0.6168699	0.2604024
E	0.6553811	0.6990587	0.6509172	1.5351489	0.8553318	0.5711501	0.8491988	0.6609152	1.0326155	0.3064596
F	1.1322134	0.5576597	2.2890510	0.8275073	0.3746788	0.4416431	0.4596719	0.4961589	0.7858733	1.4296149
G	1.1305376	0.5336275	0.4539969	0.7470652	2.3687134	1.7442160	1.7179817	0.7629648	0.8139801	0.3104422
H	5.6481583	15.2843306	0.8993965	0.8509308	1.8070953	1.1195495	0.4929850	0.4194829	0.5473432	0.3159686
I	0.6136258	0.2889368	1.6162567	0.4441684	0.3636368	0.7536790	0.7459001	1.2154018	0.8649522	1.2916263
K	0.6715836	0.6319832	0.4943609	1.0169157	0.6586318	0.9470611	1.3222654	0.7876789	0.7167868	0.3842448
L	0.4603513	0.3412922	0.9408675	0.4577988	0.4687583	0.8658059	0.9667668	0.7946953	0.6399885	4.5647063
M	0.6127969	0.5533261	1.9547546	1.1074980	0.7867202	0.6947909	0.9789019	1.3402456	0.7027089	2.7464482
N	2.0017420	0.9759828	0.5460660	0.7853271	1.3719156	1.0795132	1.6746632	0.8129541	0.8935690	0.2972991
P	0.2696466	0.2641604	0.2428922	1.8898430	1.8901786	1.2906672	1.0843885	0.7018108	0.7194041	0.1969522
Q	1.5493072	0.7803486	0.8347950	1.4272882	0.7850391	1.1238386	1.1660573	0.9296764	1.7077863	0.5515460
R	0.8387746	0.7225759	0.4602442	1.0135834	0.7352816	1.1461322	0.8631363	1.0997655	0.8002342	0.4182292
S	0.7176453	0.6122013	0.7765914	1.6056134	1.8865115	1.5442385	1.3003142	1.4687729	1.9479762	0.3740191
T	1.2422002	0.4305645	0.5871472	0.9604472	0.9799671	1.3868180	1.3595668	1.9925420	1.7383757	0.5214600
V	0.4610623	0.2801336	1.1968559	0.6212712	0.4111397	0.7644430	0.6576693	1.5174236	0.8273090	0.9967192
W	0.7107558	0.5920019	0.8617953	0.4252224	0.4019425	0.4273841	1.6264666	0.4416846	0.5638832	0.5981824
Y	2.4581554	1.5039736	3.2562331	0.5490779	0.5122722	0.5106594	0.4970661	0.5051875	1.4625340	0.6916830
