##############
# B1517 PWM for 10-mers
#
# Copyright (2021) David Gfeller
##############
1.00000	169
A	0.7981749	0.9882194	0.8941995	0.6899798	1.0770420	0.8275430	0.6948804	0.7249150	0.6976534	0.2915791
C	0.5327195	0.5028302	0.5263072	0.7447342	0.7595923	0.8022310	0.7887343	0.8397896	0.6112015	0.3180376
D	0.2818030	0.4084798	0.3008408	2.8094151	2.2860274	0.8952655	0.6293051	0.2725077	0.4085787	0.3253490
E	0.3718628	0.3853120	0.4311822	1.6144373	1.2922821	0.9102375	0.9073530	0.3958706	0.7662673	0.2120309
F	0.9504640	0.3127987	2.4385868	0.6340423	0.2898972	0.6005914	1.0521151	0.9787781	1.4506023	4.7997210
G	0.4963438	0.4003404	0.2318490	0.8516189	1.7487467	1.5228806	1.5714922	0.6638895	0.6396120	0.1867215
H	0.5379979	0.3203584	1.0498535	0.7992234	1.7757403	0.9271964	1.1872819	0.7120899	0.9352468	0.5239918
I	1.4573409	0.7316779	1.9671856	0.6181912	0.4951004	0.9517043	1.2437154	1.1081864	0.7084949	1.5245795
K	1.4715800	0.4242909	0.6845975	1.2326666	1.0482048	1.0873685	1.1201483	0.5515078	1.6249835	0.2912846
L	1.2405729	0.4333674	1.4655516	0.3683462	0.3941907	0.6275224	1.2926255	3.2707911	1.4769955	1.9705947
M	1.7557814	0.5774484	1.4146667	0.6177317	0.7436728	0.5671328	1.1825510	1.9440229	0.8158885	0.9269522
N	0.3678355	0.5577424	0.2792686	1.0092389	1.1789691	0.8759638	0.7269796	0.8080554	0.5776236	0.2344751
P	0.2049838	0.3699927	0.1776599	2.2625653	1.1240110	1.1475319	0.7780608	0.1930209	0.2224373	0.1452645
Q	1.3638375	0.4899937	0.3907291	1.1377989	0.7857358	0.9454005	0.8141586	0.8230235	0.8567634	0.2411587
R	3.0048882	0.3571706	0.3612510	0.6661454	0.7139211	1.4045711	0.8950421	0.5099361	1.5553926	0.2409357
S	0.6645128	4.0463153	0.4561443	1.0392222	1.3026022	1.1697168	0.7943715	0.9910110	1.0298654	0.2361753
T	0.6595253	5.5314860	0.4900832	0.8023948	0.7468781	1.6088738	1.0991989	1.0509504	2.0145801	0.3076645
V	1.2383475	0.8169247	1.0279045	0.6931707	0.6352854	1.0488453	0.9985333	1.2733172	0.9823260	0.5876873
W	0.3546520	0.2445020	1.9831391	0.5670830	0.9152952	0.9531728	0.6397511	0.3022823	0.3349492	3.1579115
Y	2.1247560	0.3298052	6.8749783	0.4578712	0.5844622	0.4872420	1.0242256	0.6633644	1.4340462	8.5542645
