##############
# B1518 PWM for 10-mers
#
# Copyright (2018) David Gfeller
##############
1.00000	135	2
A	0.9133401	0.3806051	0.6433321	0.9057685	1.1163068	0.7486354	1.0809023	0.8207055	1.5239650	0.3284020
C	0.6120306	0.3332129	0.6699752	0.9080573	0.9153892	0.9306568	0.9383553	0.9814626	0.8208853	0.3401449
D	0.7506422	0.4508287	0.5121031	1.9259517	1.2745270	0.9550345	0.9484581	0.5937097	0.4543353	0.2110858
E	0.9942594	0.7349604	0.5051197	1.1351749	0.5521361	0.5890394	0.7040428	0.9940809	0.9149097	0.2442764
F	1.0391068	0.4016423	2.7255390	0.4224590	1.1389725	0.6957957	0.5442570	0.5242528	0.6771614	6.2475690
G	1.4893099	0.5326885	0.4915095	1.5402872	1.9458451	1.6169670	2.1848282	0.8635669	1.5093428	0.2441820
H	2.4134196	16.7272051	1.5226005	0.6701950	1.5449476	0.9917918	1.1021402	0.9517800	1.2898747	0.9853288
I	0.5583247	0.2225548	1.0303929	0.4404542	0.4584574	0.6200126	0.8547007	1.0331455	0.5145562	0.4822776
K	0.6661497	0.5999619	0.8461246	0.7681430	0.7009918	0.9635874	1.2669244	0.5446081	0.5908352	0.2747262
L	0.4160224	0.3516099	0.7578542	0.5779950	0.4634803	0.7668200	0.7765275	0.9613502	0.5962176	0.8208896
M	1.2424516	0.5806374	0.7288048	0.5774236	0.4179369	0.6571863	0.5064765	0.7574093	0.6569059	0.7541363
N	1.8191600	0.7979622	0.9850842	0.9203492	1.1627183	1.4812953	1.2725532	1.1364373	1.0125239	0.2833794
P	0.2166176	0.2766656	0.5929079	2.3615663	2.6790185	0.9546864	0.7905583	0.4555110	0.2316809	0.1370950
Q	1.5498669	1.2692147	1.0696894	1.1259570	0.8710166	1.6829043	1.3945086	1.2933680	1.8075977	0.2752364
R	1.0684946	1.1533976	1.2657518	0.8496817	0.4798329	0.8905978	0.6435928	0.9225678	0.8816937	0.2966276
S	1.7291859	0.5630420	0.6677816	1.3281394	1.0655974	1.4557492	1.1448187	1.5497547	2.0206735	0.2977491
T	1.3615857	0.3323683	0.8429308	1.0435047	0.8072908	1.4902314	1.1164010	1.5219600	1.9741682	0.3845737
V	0.4716743	0.2110196	0.9136095	0.5413355	0.6891946	0.7450620	0.8708784	1.7967761	0.8165038	0.4675372
W	0.4502083	0.4314089	2.1643740	0.3246347	1.3315611	0.8821364	0.8307870	0.8673249	0.8830882	1.3078660
Y	1.7986432	1.1416340	4.2689083	0.9140597	0.7461428	1.2704451	0.5395475	0.9878385	1.0094301	12.0168084
