##############
# B1542 PWM for 10-mers
# Model trained on 9-mer peptides adding one non-specific position after P6.
# Copyright (2016) David Gfeller
##############
1.00000	349	0
A	0.7759059	0.8617984	1.0514581	1.1559009	1.0939740	0.6337491	1.0000000	0.9859943	2.0259172	0.6389487
C	0.3804152	0.2050621	0.1892080	0.4711014	0.4885017	0.3870051	1.0000000	0.3964348	0.6023027	0.2120832
D	0.2310513	0.2525206	0.5418670	1.2146159	0.4490782	0.4737411	1.0000000	0.3751626	0.3480751	0.1380260
E	0.4252444	1.7724833	0.2387330	1.1221251	0.2480796	0.2955731	1.0000000	0.4231381	0.6021043	0.1639582
F	2.4351781	0.4695888	2.8346299	1.1943674	1.5840897	2.4147801	1.0000000	1.5693798	1.2802323	4.2112761
G	0.3757620	0.2866394	0.2388857	1.2577029	1.3647954	1.2724972	1.0000000	0.6526314	0.6840294	0.1437438
H	0.9180314	0.2252530	0.8275335	0.9492437	1.7930137	1.0194590	1.0000000	2.2703172	0.8520916	0.2918891
I	0.5798762	0.7763553	1.0571699	0.4947355	1.3057402	0.8345378	1.0000000	1.0784984	0.5821327	1.6339342
K	0.8000542	0.3126228	0.5157582	1.0536595	0.4491795	0.4559624	1.0000000	0.3512308	0.4666015	1.0841922
L	0.6807632	0.8658355	0.8238869	0.6333556	0.8833139	0.9355610	1.0000000	1.5429304	0.5913045	2.5195390
M	4.4686220	2.6421500	4.6543305	0.8502210	1.0739260	0.9851294	1.0000000	1.1908395	0.7000964	2.8850539
N	0.2901228	0.2476652	0.4515080	1.0523910	0.6799406	1.3175581	1.0000000	0.7714666	0.4845005	0.1635031
P	0.1311273	2.8150006	0.4766302	1.7037534	0.8451753	0.5803792	1.0000000	1.1567068	3.3968899	0.1105766
Q	0.2830242	1.2331611	0.2983468	1.0218520	0.4003803	0.8238235	1.0000000	0.7601291	0.5047253	0.1977807
R	3.0253504	1.3320053	2.2130831	1.1990737	1.8595284	1.6754947	1.0000000	0.6860652	0.5672238	0.7550444
S	1.0508853	0.6665428	0.3523451	1.0041508	0.7913004	1.1778259	1.0000000	1.4018016	1.3280010	0.1863610
T	0.7727375	2.2281016	0.4417279	0.7837388	1.0848339	1.7936028	1.0000000	0.8649100	1.1937879	0.2834752
V	0.6208648	1.2848819	0.6569422	0.5025436	1.0420811	0.7065829	1.0000000	0.7090581	0.9766744	1.4896384
W	1.8451289	0.7546713	3.7566718	2.2879346	2.5148135	2.8973647	1.0000000	3.2887068	0.5891061	1.4506345
Y	4.2962300	0.8966399	4.3317573	0.9403476	1.6420053	1.1609920	1.0000000	2.0287254	1.8046654	2.4846048
