##############
# B1803 PWM for 10-mers
# Model trained on 9-mer peptides adding one non-specific position after P6.
# Copyright (2021) David Gfeller
##############
1.00000	110
A	0.3969402	0.9726765	0.6942810	0.9038777	0.4428816	0.5886935	1.0000000	0.6647357	2.2073284	0.5548139
C	0.3917985	0.2623198	0.6609027	0.7517332	0.7194118	0.7573235	1.0000000	0.7510497	1.0929517	0.3587697
D	8.2365734	1.0525103	0.3164565	0.7186469	0.6377041	0.4746869	1.0000000	0.5827666	0.6003143	0.2255931
E	1.8161795	6.0877827	0.3441782	2.4862191	0.5467713	0.5692672	1.0000000	1.8061362	0.9553136	0.2583124
F	0.4107471	0.9878885	3.6549752	0.4142408	2.4294450	0.8611415	1.0000000	0.7563963	0.4594027	4.8740203
G	0.4088566	0.7705810	0.2948892	0.4863557	0.4247193	0.3103702	1.0000000	0.3193591	0.5936050	0.2376410
H	1.2653823	0.7678137	1.6531215	0.6080104	1.8695450	0.5913735	1.0000000	2.1964548	0.4291138	1.6440191
I	0.4274947	0.4035070	1.2175002	1.3234906	1.0742105	1.4275653	1.0000000	1.4152634	0.4693333	1.1171432
K	0.5208688	0.6856519	0.8328556	1.1350978	1.1251730	1.5820739	1.0000000	0.6438515	0.8573007	0.3604769
L	0.2939045	0.4289074	1.5103807	1.2550602	1.0000407	1.2411496	1.0000000	0.8772552	0.4288876	2.5448588
M	0.3204407	0.5903475	0.8804917	0.6346864	0.6086416	0.8120319	1.0000000	0.6211844	0.4864860	1.3903068
N	1.3459446	0.5676011	1.1412484	0.5613251	2.0403510	0.9630290	1.0000000	0.9266956	0.8146541	0.2894615
P	0.2818818	0.3044262	0.2049588	1.3003137	0.2377944	2.5429721	1.0000000	0.2540340	0.4488981	0.1810895
Q	0.7886572	1.2973939	0.7087556	1.3488673	1.5799238	0.8990329	1.0000000	1.4287617	1.1847098	0.2969699
R	0.4016846	0.5200897	0.8360613	0.8379839	1.4715881	1.1024765	1.0000000	1.4308279	0.8288036	0.3001420
S	0.7893354	0.6889830	0.4400414	0.4793356	0.9014782	0.4483500	1.0000000	0.7887835	2.8523045	0.3001338
T	0.5456037	0.7168716	0.5087689	0.8176560	0.7349127	1.0618070	1.0000000	0.9999976	2.1626094	0.3899123
V	0.2989341	0.3869128	1.0763853	1.5152792	0.9225490	1.5331872	1.0000000	1.8317426	0.8418674	1.1598207
W	0.2401468	0.3483011	3.0134285	0.2862338	0.4587647	0.3286778	1.0000000	0.8493523	0.2863883	0.7045161
Y	0.5004807	0.9548110	3.3387215	0.4034652	1.9957771	1.1089849	1.0000000	1.3479269	0.3978611	4.3036216
