##############
# B1801 PWM for 10-mers
#
# Copyright (2018) David Gfeller
##############
1.00000	201	2
A	0.3563449	0.3882209	1.5499411	0.8394583	1.1025502	0.9573883	0.7459678	0.9246219	1.5000403	0.3235619
C	0.6858165	0.1868156	0.5716770	0.7564897	0.8181680	0.7932838	0.7641297	0.7816768	0.8915261	0.2537499
D	5.1217099	1.2968225	0.8250100	1.9361146	1.0807576	0.8469005	0.8705879	0.5110215	0.4142566	0.1820980
E	1.8745820	10.1282821	1.0608780	2.3030359	0.6631272	0.9483256	1.0086040	1.1518919	1.0640541	0.2128120
F	0.2518185	0.1921542	2.6176194	0.6489414	1.2819706	0.7994186	1.0187880	0.4102746	0.6418243	5.4064382
G	0.4769700	0.2870082	0.4265569	1.1010979	1.1917493	1.0696760	1.8989740	0.6811354	1.1016962	0.2088865
H	2.4933048	0.4325210	1.3309831	0.7825910	0.4974766	0.8481395	1.3235568	1.5676289	0.8755918	1.1511371
I	0.2955242	0.2096553	1.2365640	0.4816593	1.2828557	1.0733309	1.0233753	1.0152968	0.9479417	0.5607834
K	0.6335620	0.6815881	0.5322433	1.0311299	0.5537811	1.4755715	1.6872285	1.6285464	1.4625780	0.2426424
L	0.3690787	0.1981300	1.0699301	0.8273068	1.3176511	1.3507317	0.7767746	0.9604704	0.5950887	0.7500280
M	0.6860499	0.2859037	1.1592594	0.6505823	1.0162280	0.7547382	0.8007806	1.0915804	0.5697629	0.6151025
N	2.7145579	0.4835968	0.7715431	1.1186119	0.9444914	0.8826378	1.0632107	1.3606669	0.7559112	0.2466827
P	0.2432797	0.2112502	0.2199358	0.9075932	0.8223510	0.8899920	0.7104125	0.3594289	0.3639244	0.1186562
Q	0.7506663	0.8067098	0.5513551	1.5102167	0.6924145	0.9013953	0.8420618	1.9959316	1.2280182	0.2433666
R	0.4482087	0.4872367	0.3744657	0.9891003	0.6938670	1.0963916	1.0505777	1.0939947	1.3718160	0.3206524
S	0.7141539	0.5137305	0.7735361	1.1180392	1.3072393	0.7856634	0.7951906	1.2013194	1.0388097	0.3055374
T	1.4298631	0.4048011	0.7140376	0.7790022	0.8457615	0.9358007	0.9213862	1.0693681	1.5732803	0.3790847
V	0.5167455	0.2133158	1.4421187	0.6188044	1.2607554	1.0339850	0.6322730	0.8137388	1.1714880	0.3564737
W	0.2603744	0.2661718	1.1631792	0.2770883	0.3283534	1.0244189	1.7672231	0.6735942	0.6917887	1.8104116
Y	0.6459718	0.2788133	2.0654817	0.4345885	0.9208813	0.6884358	1.0404489	1.0075053	1.3247393	13.7655713
