##############
# B2705 PWM for 10-mers
#
# Copyright (2018) David Gfeller
##############
1.00000	1376	1
A	1.5726279	0.0806474	0.9427325	0.8520909	0.8853137	0.8313157	0.8490492	1.1252104	0.9541352	0.2492527
C	0.0717963	0.0494143	0.1402148	0.4372603	0.4457548	0.4458735	0.4442708	0.4491800	0.4543380	0.0734494
D	0.0834325	0.0891785	0.3350656	1.6855501	0.9800192	0.7127877	0.5844398	0.5109313	0.3744739	0.0598774
E	0.1431317	0.1099051	0.0889671	1.4485304	0.9979574	0.8843322	0.9332255	1.0864633	1.0091236	0.0752065
F	0.2643637	0.0513697	3.3924909	0.7438811	1.0034486	0.7384600	1.1865842	0.8186238	0.6239627	4.8175192
G	2.6342108	0.0788965	0.3008478	1.5030684	1.4722155	1.1352297	1.3204600	0.4081783	1.7712510	0.1280980
H	0.9737034	0.1013248	1.3707717	0.8985532	0.6847840	0.5270186	0.7555602	0.9571757	0.9628945	0.4739456
I	0.3580601	0.0437898	1.6171790	0.4256457	1.0673648	1.1321645	1.0814186	1.2076999	0.2457645	0.3853408
K	2.3604177	0.2813823	0.8032654	1.7711848	0.7404587	1.3155700	1.1896097	1.2577889	1.9426909	2.8414614
L	0.1810465	0.0629275	1.8376175	0.6997793	1.3083214	1.2026324	0.8745870	1.0068575	0.9898420	2.1414949
M	0.3490834	0.1159585	1.5833085	0.2713817	0.6930293	0.5510797	0.4589588	0.6100546	0.3941842	2.7270030
N	0.2347892	0.1153974	1.1856639	0.9884167	1.0438077	1.0459448	1.1052424	1.4115473	0.9489951	0.1378305
P	0.0801110	0.0407820	0.0363356	0.7801057	1.3202087	0.9542529	1.3429114	0.7773942	0.3124548	0.0699333
Q	0.8434783	0.3261518	0.3918537	1.8611243	1.3899584	1.6792455	1.0770632	1.3307813	1.6261619	0.2088299
R	6.1808055	17.9826615	0.4356094	1.1073309	0.5867635	1.1600493	1.0639938	0.8718117	2.2993334	2.3913119
S	1.1008161	0.1399622	0.7206112	1.4948926	0.8307557	1.0078781	0.9191014	0.9560947	1.3087366	0.1769874
T	0.3540891	0.0962819	0.4847634	0.6982299	0.7437051	1.0761527	0.8300540	1.2381531	1.1125152	0.2900320
V	0.2618415	0.0527775	1.0544529	0.3361257	1.0342649	1.0604406	1.1086126	1.4717259	0.6161194	0.1892262
W	0.2104699	0.0726065	3.9775901	0.5413452	0.4129563	0.4084239	0.7477495	0.9400040	0.4098808	0.5370458
Y	0.7104544	0.1202269	1.9904977	0.8914937	1.0085652	0.6250751	1.3696374	0.7212931	0.7132042	3.5094426
