##############
# B2709 PWM for 10-mers
#
# Copyright (2021) David Gfeller
##############
1.00000	455
A	1.6200600	0.3203407	0.5529953	0.7846139	0.8669512	0.9998768	0.7032663	1.1070768	0.7294703	0.3846229
C	0.1564297	0.1047618	0.1672571	0.4635945	0.4762779	0.4857513	0.4809590	0.4887815	0.6067737	0.1901879
D	0.2366734	0.1806948	0.5156849	1.9581894	1.5485039	1.1677195	0.8623921	0.6909180	0.5311425	0.1011080
E	0.4123978	0.2668427	0.1866110	1.5171019	1.4092786	1.0492379	0.9745134	1.3189542	1.1559138	0.1122785
F	0.5361909	0.1322717	4.2565232	0.7595160	0.6665118	0.8363181	0.9485031	1.1458112	0.8572302	5.2052969
G	1.8785540	0.1711947	0.1917390	1.9092189	1.4378049	1.1265755	1.1660368	0.5910276	2.1586418	0.1083344
H	1.7471637	0.2675414	1.2009736	0.6773781	0.6045144	0.8524223	0.8575914	0.8697608	1.1283492	0.2209071
I	0.4713592	0.1273802	1.5127362	0.5445974	0.8582572	1.1424637	1.5351743	0.9843896	0.3795683	1.0320320
K	2.4826441	0.6438524	0.5282186	1.4052903	0.7292787	1.1150584	0.9085984	0.4856334	1.0563424	0.1352855
L	0.3052015	0.2089092	1.8323862	0.4679108	0.9203474	1.1089858	0.9910860	1.0061471	0.8636571	4.3572054
M	0.7047264	0.2758746	1.2482555	0.2105297	0.6604532	0.7571960	0.6881321	0.9639323	0.6500957	4.3391958
N	0.3814009	0.2733119	1.2458093	0.9506529	1.2355141	0.7929629	1.0117846	1.7679485	1.2501049	0.1595296
P	0.1349248	0.1164306	0.1684619	1.3726580	1.5437237	1.0849987	1.6436569	0.8698709	0.1666855	0.1199783
Q	1.6424928	0.9742042	0.6368079	1.6539831	1.5466904	1.5894491	1.3190685	2.0946044	1.5602691	0.2203218
R	2.4833228	13.7004434	0.3247304	0.5462658	0.3624033	0.6235124	0.5455771	0.3650649	1.2252736	0.2305594
S	1.3041525	0.2428093	0.5621871	1.4423852	1.2283715	1.0523502	0.9335666	1.1603838	1.8258793	0.2141158
T	0.4000329	0.2061142	0.5910628	0.5555377	0.5880232	1.0287507	0.7695941	1.1932175	1.4405233	0.2599381
V	0.5071849	0.1496352	1.0514234	0.3948254	0.8611173	1.0184753	1.1021949	1.1921646	0.4143538	0.8215263
W	0.6202231	0.1444628	3.6984772	0.5916344	0.3022939	0.2998246	0.6132060	0.4620760	0.3047525	0.3925564
Y	1.5057461	0.2406378	2.9102819	0.7780614	1.0698922	0.5645917	1.4412521	0.9891765	0.6196711	0.8736458
