##############
# B2703 PWM for 10-mers
#
# Copyright (2018) David Gfeller
##############
1.00000	226	2
A	0.7354702	0.2974243	0.5908785	1.2654815	1.1572978	0.8672668	0.9351398	0.9601549	1.1337698	0.4757065
C	0.2392470	0.1835629	0.3569257	0.5766124	0.6146598	0.6052119	0.5950789	0.6006811	0.6071758	0.2773695
D	0.3254715	0.2789773	0.6755902	2.1688064	1.0653516	1.0901349	0.7628572	0.8632352	0.7540646	0.1753198
E	0.5213959	0.3978112	0.2578567	0.8457045	0.9385453	1.0992339	0.7480788	1.1977712	1.2439908	0.1993559
F	1.0654385	0.3440132	4.3952342	0.5775562	0.6038534	1.0984676	1.3584897	1.2144732	1.0077706	6.1570280
G	1.9182303	0.2497346	0.3846463	2.0382378	2.1576187	1.1986809	1.7222285	0.6114898	2.7658145	0.2057126
H	3.4480323	0.3754098	0.7923703	0.6070835	0.2459724	0.4698804	0.3823667	0.8086806	0.4935676	0.5738864
I	0.2301433	0.1655413	1.5563645	0.6007981	1.2140206	1.2555020	1.0640101	1.0177170	0.3692541	0.7157353
K	2.8847735	0.9462284	0.3247209	1.0797675	0.5592908	0.8141973	0.8933617	0.5496593	0.7172331	0.6670916
L	0.3753051	0.2366210	2.0170499	0.8536805	1.3168656	1.2691527	1.1656274	1.5003067	0.9790545	1.8501542
M	0.4587154	0.3247268	1.6650750	0.3757284	0.8120207	0.9379628	1.1428274	1.6539384	0.9810890	1.5050103
N	0.7040704	0.4234929	0.5148064	0.9601880	0.5410846	1.0267956	0.7996678	1.4253093	0.7262989	0.2875576
P	0.1679274	0.1498935	0.1178909	0.9872337	1.3584655	0.9762950	1.5716953	0.8119125	0.2756641	0.1118704
Q	0.8729591	0.5776028	0.2911449	1.5940943	0.8558842	1.0204317	0.7215918	1.3129311	1.1862266	0.2285551
R	3.2582558	13.4252679	0.2365111	0.4151806	0.3482086	0.4399035	0.5437986	0.6773793	1.0348176	0.6115263
S	0.9756678	0.3968333	0.5321459	1.2165821	0.9586393	1.2221227	0.8112826	0.9109957	1.2706023	0.2870947
T	0.4891527	0.3092779	0.3616256	0.6183328	0.8240954	0.8361762	0.8088613	0.8777008	1.3425717	0.2715580
V	0.4133154	0.1975450	1.1817121	0.4439785	1.1616886	1.1268808	0.8501029	0.8706010	0.7101835	0.5845537
W	0.3374984	0.2805626	4.1447550	1.5957381	0.2789309	0.9432986	0.6731522	1.3095663	0.6406523	2.6850910
Y	1.4209653	0.4910424	2.6744049	1.2037025	0.7936949	0.6503461	1.8559331	1.1838668	1.0294376	6.3871122
