##############
# B2704 PWM for 10-mers
#
# Copyright (2018) David Gfeller
##############
1.00000	362	1
A	1.3933150	0.2541268	0.6985055	0.8681951	1.0634386	0.8507656	0.7210383	1.0242067	1.1095398	0.6697407
C	0.2046156	0.1389756	0.2697679	0.5258936	0.5339978	0.5516713	0.5536538	0.5555976	0.5657624	0.2214984
D	0.2470158	0.2142445	0.3988061	1.4068569	0.9900837	0.6997532	0.4216166	0.7403208	0.9240319	0.1347161
E	0.3217316	0.3100093	0.1949285	0.9959668	0.8830725	0.8144730	0.4798884	0.7821052	1.0916406	0.1537067
F	0.4280099	0.1430465	3.3980944	0.6005218	0.6008677	0.7547268	1.2648638	0.5489052	0.4030655	5.2286580
G	2.6158080	0.1908811	0.3092514	2.2217892	2.1483394	1.4595335	1.7248048	0.7385122	2.5276838	0.1607210
H	1.1091214	0.2840643	0.9829524	0.9425179	1.2187982	0.6397624	0.4794661	0.7206395	0.7229333	0.7158644
I	0.2746649	0.1237002	1.1873621	0.4035731	0.6891444	0.8786442	1.2001428	0.7109706	0.3984880	0.6596749
K	2.4501087	0.7593556	0.9643418	1.1417825	1.3713495	1.1309527	0.7593650	1.0652997	0.7817051	0.3228843
L	0.2035642	0.1777361	1.3099064	0.6505664	0.6980655	0.8143228	1.2620487	1.7757896	0.6633745	2.0712097
M	0.4152903	0.3303356	1.6544466	0.4353156	0.7899098	0.7404792	1.3643499	0.7979504	0.6213821	2.4728144
N	0.5167279	0.3229253	1.6066066	1.0237216	1.1016291	0.9979182	0.9103053	1.6512276	0.6120267	0.2635759
P	0.1345339	0.1145223	0.1019441	1.5978229	1.4122866	1.2295528	1.8062428	0.5646784	0.2087137	0.1996713
Q	1.1404707	0.6945539	0.4134776	1.1755550	0.9229190	1.4135100	1.0759728	1.5157615	1.3818739	0.2780317
R	4.1500451	14.9567368	0.4001393	0.8895149	0.9338333	0.7244386	0.6048217	0.8521902	1.0089025	0.5616694
S	1.6655643	0.2698767	0.8285803	1.2548833	1.1801070	1.5739927	1.0533808	1.3058590	2.6671545	0.1950274
T	0.5419836	0.2352100	0.6222994	1.0478539	0.6434088	1.3646164	0.9011365	1.1381807	1.2730193	0.3249318
V	0.2651640	0.1488853	0.7027496	0.4437734	0.7016932	1.0988905	1.0785274	0.9087631	0.7210057	0.5537608
W	0.4433335	0.2027150	3.4992059	0.8783563	0.6521505	0.4340993	0.2263563	0.4456039	0.4361387	0.9721211
Y	0.9339663	0.2112413	4.7023967	1.2093759	0.8686323	0.7338341	0.7552312	0.9450077	0.8514361	7.3819709
