##############
# B2705 PWM for 10-mers, C-terminal extensions
# Model trained on 37 peptides from deconvoluted human HLA peptidomics data
# Copyright (2016) David Gfeller
##############
37
A	1.1651562	0.5360452	1.0138148	0.9165912	0.9508290	1.2020251	0.6123818	0.9989698	0.5992584	1.7924155
C	0.7413643	0.5676777	1.0655268	0.7472653	1.0025826	0.9866498	0.9384582	0.9036422	0.9823224	1.1178491
D	0.5427295	0.5023489	0.4074851	1.4564176	0.9972523	0.8688402	0.7087630	0.6272134	0.3869444	0.6649663
E	0.6968798	0.6910234	0.3798111	1.1961764	0.9256735	0.8777150	0.7721207	1.0389455	0.4825129	0.6329947
F	0.7250502	0.3693815	3.6106779	1.1032675	2.1734868	1.2863517	1.9359536	1.1619623	0.8683735	0.5000821
G	1.0613770	0.4567681	0.4744039	1.3637753	0.9848675	0.5933895	0.4232600	1.5514656	0.3942922	1.2558215
H	1.3103427	0.6254617	0.4154267	0.9570921	0.3959831	0.8928845	0.7818090	0.4960308	0.4035284	0.4926210
I	0.3854134	0.3009646	1.5355442	0.4005297	1.3100914	0.9066641	1.7127157	0.5667392	1.3451765	0.4704906
K	2.2177129	1.6627145	0.7367327	1.3833273	0.8146456	0.6730640	0.8875861	1.8019408	1.9708517	0.6939629
L	0.5794103	0.4384375	1.9145233	0.5585651	1.3700249	1.4717536	1.5612250	0.8872212	2.8274315	0.4769426
M	0.6798739	0.6307144	1.9073200	0.6534795	1.0011148	0.9838485	1.0992137	0.7729139	1.7347671	0.6775643
N	0.7336483	0.7493067	0.9140331	1.9673216	0.7797362	1.8129298	0.7367278	0.9307876	0.4650023	1.4780488
P	0.2736702	0.2409721	0.2137796	0.2661167	0.9011778	0.4759685	0.8799946	0.5045038	0.2276108	0.5329720
Q	1.0318788	0.9614404	0.4031414	1.6557842	0.4896324	1.1440862	0.6953102	0.6887603	0.5779487	1.3406908
R	4.6060568	8.4352609	0.4760911	1.1793880	0.5032336	0.9915841	1.1508260	1.5903112	1.5735784	0.6132663
S	0.8301300	0.6186238	0.7981154	0.9990500	0.8526227	1.0785617	0.6343687	1.0350758	0.4832178	1.9927768
T	0.5886565	0.5427576	0.7712850	0.7824654	0.7915023	0.8364344	0.5932800	1.6028857	0.5719278	2.2552204
V	0.4260259	0.3526643	1.2438259	0.4171708	1.4385138	1.0097515	1.4213572	0.6608382	1.2018259	0.5683522
W	0.5665156	0.5439563	0.8742336	5.6676904	0.6468670	0.6430649	2.3421046	0.6336863	0.6463600	5.6149677
Y	0.6368905	0.5192227	1.4872608	0.7668978	0.8157715	1.0878836	0.8587578	1.0137665	0.9954590	0.6381809
