##############
# B2701 PWM for 10-mers
#
# Copyright (2018) David Gfeller
##############
1.00000	938	2
A	1.2913006	0.1109773	0.7709868	0.7651716	0.9541142	0.7385992	0.7976323	1.0968291	1.1547076	0.2677921
C	0.0946015	0.0680184	0.1670306	0.4530998	0.4664500	0.4660839	0.4630442	0.4709016	0.4750170	0.1001629
D	0.1148377	0.1050136	0.2496426	1.6925281	0.9634202	0.8763612	0.8388566	0.6996963	0.4163790	0.1344923
E	0.1572032	0.1505365	0.0905670	1.5842429	0.9873310	0.9475311	0.9863739	1.1551700	1.2707025	0.1143107
F	0.2167642	0.0706988	3.5717152	0.8917535	1.4963421	1.0717366	1.6083573	0.8459496	0.9591058	5.0285809
G	2.1031594	0.0934809	0.2496235	1.5748375	1.1767267	1.1928231	1.0674917	0.4510497	1.4950509	0.1308738
H	0.7951355	0.1397768	1.2336931	0.9494523	0.7746528	0.6131212	0.7796667	0.8401145	0.8161993	0.4507864
I	0.2432938	0.0605162	1.5260541	0.4249439	1.1110942	1.1243357	0.9737083	1.1921478	0.2439444	0.3905178
K	2.8637492	0.3600387	0.8234258	1.6361960	0.8498778	1.2162970	0.9748733	0.9639130	1.4879408	2.2477071
L	0.1819328	0.0871289	1.7570062	0.6932404	1.4061551	1.1388891	1.0285407	1.2356758	1.1175977	1.8232406
M	0.2849967	0.1206916	1.2886973	0.4180798	0.7737288	0.8475518	0.5645344	0.9363531	0.7145638	2.8429387
N	0.1998255	0.1596920	1.0786490	0.9350561	0.7548535	0.7811144	1.0347880	1.4023115	0.7684749	0.1679391
P	0.0805623	0.0563153	0.0484137	0.5704566	0.9454598	0.9310302	1.2937261	0.5030787	0.3478155	0.0487485
Q	0.5071772	0.2425422	0.4739342	1.5495854	1.1959665	1.3424285	0.9874044	1.3194083	1.5699721	0.1447575
R	7.2530289	17.5177698	0.4790399	1.2898237	0.9323463	1.2724367	1.0072825	0.9578798	2.2430562	2.3971133
S	0.9662335	0.1323126	0.5402908	1.2605014	0.8965150	0.9914291	0.7744508	0.8117058	1.1089992	0.1509139
T	0.4239535	0.1155881	0.4480483	0.6300744	0.6619199	0.9053433	0.6608930	1.0107204	0.9392771	0.2127011
V	0.2882809	0.0730190	0.9378260	0.3858140	0.8239664	1.0887077	1.0586394	1.3897527	0.6390444	0.2989600
W	0.1998193	0.0999933	5.7807995	0.8728319	0.6900847	0.8665719	1.1683285	1.4380283	0.3069996	0.5923982
Y	0.6183917	0.1042351	3.2668292	1.4841297	1.3107818	0.7009358	1.9137315	1.1143771	1.1081952	5.0287458
