##############
# B2707 PWM for 10-mers
#
# Copyright (2018) David Gfeller
##############
1.00000	515	2
A	1.6342590	0.1769768	0.6702301	0.9586040	1.1240917	1.0007463	0.7836157	1.2323003	1.0364337	0.2793635
C	0.1783302	0.1085672	0.2385485	0.4990118	0.5184923	0.5193845	0.5063616	0.5216353	0.5233296	0.2008345
D	0.1914059	0.1674529	0.4677442	1.8843516	1.4382909	0.8212994	1.2693455	1.0856368	0.6914519	0.0907343
E	0.5342961	0.2401330	0.1616990	1.2213752	1.1557373	0.8526849	1.3335355	1.3783129	1.1169701	0.0975779
F	0.4717259	0.1125548	4.1330383	0.8671890	0.8225241	0.8099025	1.3295832	0.9217174	0.9915527	6.4004948
G	2.6115383	0.1489828	0.3310157	1.6486028	1.2909423	1.4200052	1.9308253	0.5237443	2.5781969	0.1094164
H	1.4257079	0.2224579	0.7547210	0.5518436	0.4775995	0.6884932	0.3844649	0.4379882	0.8753936	0.1778800
I	0.5262387	0.0965960	1.6699237	0.5767188	1.1083375	1.2311941	1.0068513	1.2259827	0.2633441	0.7533808
K	1.5315580	0.5719584	0.4364220	1.2841464	0.4008185	0.5633200	0.5650746	0.3525708	0.4922790	0.1187738
L	0.4411328	0.1387878	1.7092565	1.1046885	1.6448009	1.3475673	1.0229039	1.0682440	1.1154494	4.5004871
M	1.2678273	0.1923728	1.7887169	0.3063665	0.7421897	0.8635677	0.7733243	1.2585217	1.0254840	3.0743659
N	0.4910781	0.2543235	0.7345227	0.7807939	0.9583086	0.8840218	1.2236868	1.1802667	1.0244071	0.1063068
P	0.1301848	0.0897588	0.1017809	1.0504620	1.5353604	1.5581358	1.2635830	0.6666120	0.1521003	0.0627399
Q	1.6172903	0.4251428	0.6067413	1.9014453	1.0285006	1.3321667	1.0767769	2.6526881	1.6643737	0.1895401
R	2.0962877	16.0942460	0.2175358	0.5309269	0.1766342	0.4623098	0.3400181	0.3552926	1.1551396	0.1600854
S	1.7303632	0.2111809	0.5990020	1.2065132	0.7416780	0.9199822	0.7248323	0.8056543	1.3411737	0.1532365
T	0.5090963	0.2125818	0.5362800	0.5795409	0.5491028	0.9751689	0.8840653	0.9559264	1.2598885	0.2285484
V	0.6036275	0.1165542	1.2936868	0.4038315	1.0348675	1.0538891	0.7918776	1.4408890	0.6250846	0.8137270
W	0.8401136	0.1591632	5.8472233	1.3070740	0.8215831	0.9765027	1.0007628	0.6615118	0.5162338	0.6077376
Y	1.3135996	0.1659947	2.0742433	0.8827178	0.8315704	0.5702802	1.2678712	0.6828786	1.2072856	0.5247146
