##############
# B2706 PWM for 10-mers
#
# Copyright (2018) David Gfeller
##############
1.00000	241	2
A	1.6967624	0.2885742	0.6426320	1.0642467	0.8883687	0.9889263	0.7936390	1.0592363	1.1279518	0.3522342
C	0.2884345	0.1783822	0.3357332	0.5681961	0.5761711	0.5941033	0.5958802	0.5971784	0.6187889	0.3191125
D	0.2918381	0.2707287	0.4884859	1.7907945	1.6469823	1.2597161	0.5845415	1.0606916	0.8498077	0.1474507
E	0.4127078	0.3855745	0.2115942	1.0204706	1.0703210	0.8875914	0.8939565	1.4017402	1.3367667	0.1571103
F	0.7697231	0.2525726	4.8220305	0.8317075	1.2036629	0.9603868	1.2023356	0.7816985	0.5700660	6.2390020
G	2.5133582	0.2418954	0.2795085	2.1799131	1.6892953	1.5049817	2.3034045	1.0995002	2.4964346	0.1784545
H	1.2845553	0.3583778	1.0996915	0.4863804	0.5667708	0.4477653	0.2600478	0.4751418	0.4798232	0.2049524
I	0.6271809	0.1986599	1.2714335	0.4729448	1.0866299	0.7859572	1.0156996	0.8363783	0.5770690	0.9767328
K	1.3004498	0.9184527	0.3315112	0.8543323	0.5111545	0.7817259	0.4128531	0.4261382	0.5477639	0.1882460
L	0.4321270	0.2289077	1.6924958	1.0287549	1.0766022	1.0899345	1.3138986	1.5238958	0.6805483	3.7798774
M	0.5823566	0.3143024	2.0006564	0.4885488	1.0895335	0.9719826	1.7880266	1.5779534	1.3719514	2.1886151
N	0.5688016	0.4108751	0.7717301	0.9072958	0.6680975	0.8017208	1.3576461	0.8094805	0.4664403	0.1724145
P	0.1628308	0.1454442	0.2235770	1.0907676	1.2343828	1.6049423	0.8724838	0.4688400	0.1710975	0.1524299
Q	1.2303323	0.5601211	0.2295471	1.8580324	1.5008572	1.1722576	1.2269865	2.2704014	1.2113036	0.2434810
R	2.5508984	13.7036179	0.4102645	0.3361539	0.4073698	0.3110870	0.5104083	0.7209520	0.5442135	0.2054336
S	1.3950153	0.3854693	0.7062749	1.2441755	0.6930868	1.0267911	0.7047691	1.1996217	2.3139537	0.2499349
T	0.5543629	0.3499515	0.5994222	0.5909979	0.5743029	1.2889038	0.9807307	1.1490011	1.6272651	0.3254903
V	0.7501757	0.1939604	0.6757375	0.4236664	0.8753046	0.9689347	1.0362705	0.7163531	0.7004679	0.9492855
W	1.2522596	0.2600029	2.1121601	1.5304958	1.2392436	1.5068337	0.6121732	0.2864424	0.3031465	1.7195080
Y	1.4861779	0.2737419	4.1016067	1.2632391	1.3908093	0.6122620	0.9081970	0.7005113	1.3371368	0.9085654
