##############
# B2708 PWM for 10-mers
#
# Copyright (2018) David Gfeller
##############
1.00000	524	2
A	1.5488094	0.1745042	0.7191442	0.8189691	0.8358432	0.8822701	0.6663200	0.8755494	1.8229282	0.6650004
C	0.1751794	0.1071840	0.2381124	0.4949154	0.5105572	0.5150987	0.5132604	0.5154569	0.5487052	0.1953959
D	0.2178588	0.1659351	0.2373202	2.0977047	1.5119114	1.0262099	0.9323792	0.8428188	0.7965644	0.0999946
E	0.5016833	0.2632767	0.1435919	1.0161330	1.2499893	1.1705742	0.9631095	1.8010322	1.9774399	0.1355348
F	0.4643189	0.1473340	4.4674403	0.8875831	1.0553119	1.1874096	1.1560970	0.9970106	0.6128812	4.2931597
G	2.8382418	0.1470968	0.2400088	1.8089785	1.6109883	1.3469340	1.7666523	0.5379661	1.2651831	0.1209103
H	1.3025431	0.2202061	0.6939039	0.4945940	0.4214366	0.3654622	0.3759802	0.3334682	0.3860487	0.5831761
I	0.5715449	0.0957950	1.7465628	0.5837161	1.2289862	1.0562098	1.1816096	0.9020288	0.5154444	0.6411843
K	1.1106470	0.5647898	0.2400048	1.1167386	0.5039356	0.5595267	0.3684712	0.3691771	0.3363713	0.1874465
L	0.3964613	0.1535173	2.0763578	0.8926964	1.4537982	1.3238698	1.2934968	1.4013572	0.7271848	4.1191190
M	1.0520462	0.1907950	1.5951111	0.4840841	0.5329703	0.8494624	1.1755310	1.1182055	0.7613409	3.8542376
N	0.3800782	0.2503604	0.6023339	0.8798244	0.7384907	0.6633425	1.0104104	1.5530135	0.3052069	0.2263456
P	0.1278367	0.0884884	0.1786650	1.1402303	1.1892812	1.3208203	1.5402208	0.8985700	0.1611475	0.0950544
Q	1.5955685	0.4582431	0.2446479	2.0259837	1.2486012	1.3982829	1.0512149	1.6876794	1.3732910	0.2077777
R	2.4655559	16.1398110	0.2021965	0.5515546	0.3027049	0.3995503	0.3244895	0.3782443	0.5396392	0.3271924
S	1.8365768	0.2082795	0.3594326	1.2406305	0.9261322	1.0809988	0.5545986	0.7451328	2.3601434	0.2189897
T	0.8107669	0.1818633	0.5514944	0.5721297	0.4853703	1.0468661	0.7613527	1.1647148	1.6835644	0.2586841
V	0.4141507	0.1150439	1.1293493	0.4510786	0.9537573	1.0289228	1.1967690	1.2521944	1.0211584	0.4709726
W	1.3129645	0.1578703	6.2981892	1.6094249	1.4533748	1.4460080	0.5187613	0.6673003	0.3387663	0.9437005
Y	1.3956557	0.1649108	2.5412136	1.0239624	0.7756951	0.5208302	1.8215338	1.2470307	1.0268071	2.8677564
