##############
# B2702 PWM for 10-mers
#
# Copyright (2018) David Gfeller
##############
1.00000	895	2
A	1.1714667	0.1159420	0.9936025	0.7556402	0.8253582	0.8497704	0.7854898	0.7527846	0.9834927	0.1662057
C	0.1169552	0.0710279	0.1791017	0.4615314	0.4711140	0.4728966	0.4736315	0.4731305	0.4868828	0.0977856
D	0.1912756	0.1097876	0.7428543	2.0219914	1.3254076	1.3145677	1.0481390	1.0396207	0.7796907	0.0805663
E	1.0804335	0.1734004	0.2407809	1.2902533	1.3915014	1.3647914	0.9683375	1.6055181	1.3314796	0.0698894
F	0.7505852	0.0732649	3.1633240	0.9708640	1.0808721	1.1157609	0.9937928	0.8791378	1.0763333	7.1073584
G	2.6577538	0.1139066	0.4965255	1.6748840	1.3042414	1.1326112	1.4610565	0.5498854	1.4068291	0.0932829
H	1.0910329	0.1454498	0.4775863	0.6128899	0.3416733	0.3701198	0.4070546	0.3126371	0.5529015	0.1549932
I	0.7189292	0.0629239	1.3441730	0.7216976	0.9932351	1.2037319	1.1308688	1.0804971	0.2780849	0.3434848
K	1.0794589	0.3732175	0.2714435	0.9266393	0.5445283	0.4918443	0.5214779	0.3699832	0.5602766	0.1114802
L	0.4494110	0.0905535	1.7920378	1.0292927	1.3326170	1.3412334	1.3119716	1.5874179	1.1600997	1.4736897
M	1.0651175	0.1670142	1.3863974	0.5718529	0.5106631	0.7631057	1.0503886	0.8543619	0.7087071	0.9939195
N	0.6987818	0.1657903	0.9064335	0.7620847	0.9508145	0.9001856	0.9908316	1.3739411	1.0086927	0.1230296
P	0.0829092	0.0919519	0.2706349	1.2385027	1.6285178	1.1358620	1.4208936	0.5578474	0.1152143	0.0547593
Q	1.3723004	0.3254338	0.5674074	1.6469890	1.1333414	1.1974294	0.8542876	1.8124171	1.8238288	0.0771979
R	1.6006353	17.3317102	0.2404681	0.5026457	0.3941849	0.3533151	0.3898009	0.3990746	0.8136634	0.0866742
S	2.0005140	0.1699435	0.8958827	1.0874807	0.7666308	1.0327707	1.0520173	1.0221688	1.7228669	0.1329983
T	1.0119712	0.1206584	0.7478995	0.7267751	0.6405739	0.8732023	1.0530279	1.4283220	1.8667832	0.0961542
V	0.6449463	0.0758451	1.2329145	0.5286348	1.0838546	1.2368887	0.9973727	1.0630457	0.7866418	0.1637807
W	1.0156109	0.1038435	3.9555892	1.2972455	1.2103176	0.5085770	0.7159097	0.9101338	1.0177976	14.4077348
Y	1.1243291	0.1080515	2.3598931	0.8537025	0.9950390	0.6597275	1.3837057	1.1193554	1.3891621	9.5211978
