##############
# B3501 PWM for 10-mers
#
# Copyright (2018) David Gfeller
##############
1.00000	421	1
A	0.3482356	1.6236289	1.1417969	0.8860692	0.8562782	1.1112520	0.7814495	0.8419074	1.2804899	0.2080395
C	0.8732322	0.3395701	0.4753589	0.8295203	0.8396920	0.8513012	0.8447611	0.8631405	0.7531325	0.1727600
D	0.3670316	0.1923646	1.1482084	1.9429016	1.8580676	1.6236942	0.9054015	0.9809960	0.6051708	0.1142449
E	0.5132230	0.2527807	1.4023155	1.8590059	1.8593890	0.8735657	0.9869441	1.2733081	1.5970367	0.1330237
F	3.0136828	0.1519704	2.3604905	0.5265375	1.2719218	0.6331158	0.7590069	0.4229453	0.5925368	5.9527561
G	0.1752562	0.2481625	0.3489140	0.7526197	1.3665188	1.3785587	1.1424343	0.7029124	0.6910987	0.1639132
H	4.9783373	0.1455969	0.8399637	1.4679550	0.9541893	1.2630584	1.3234722	1.6313754	0.8263528	0.3501226
I	0.8993325	0.1699303	1.3755995	0.4063845	0.7655048	0.6900148	1.2065535	1.1868644	0.6999165	0.2843489
K	0.2734413	0.2602704	0.3758143	1.0002122	0.7311931	0.9164290	1.5555728	0.8615266	1.0848883	0.1871027
L	1.3856550	0.1414424	0.9047194	0.5011723	0.6955291	0.8851698	0.8995735	0.8281949	0.8472489	1.0749540
M	3.0365222	0.1674650	1.3844529	0.5336389	0.7927417	1.0245602	0.5942686	0.7614341	0.8248075	2.3901069
N	1.0697773	0.1802566	0.9398473	0.8761888	1.0651888	1.1933046	1.0527788	0.9680905	0.9352565	0.1926170
P	0.0941305	11.4724385	0.4251461	2.1703324	1.0409922	1.1733372	1.0412322	0.6582740	0.2811265	0.1080132
Q	1.0098402	0.2245700	0.8906834	1.3375228	1.0483102	0.8178805	1.1838262	1.2687463	1.1984418	0.2008643
R	0.4291376	0.2080032	0.4940116	0.7939160	0.4814222	1.0249220	1.3737227	1.0307280	1.0119707	0.3102395
S	0.7112777	0.3544455	0.6179652	1.3163317	0.8996266	0.9984459	0.8397335	0.9329372	1.4252107	0.1615189
T	1.0359633	0.2333341	0.6320006	0.7400895	0.6994335	1.0666724	0.9631727	1.4034087	2.0401519	0.1751830
V	0.5901123	0.3006953	1.2178793	0.4178023	0.9155043	0.7599763	0.8039883	1.7036017	1.2249280	0.2906435
W	0.8893749	0.0981413	3.1744926	0.5725718	0.5898698	0.5789033	0.1961367	0.3800282	0.2001574	0.8536231
Y	2.8088427	0.1523094	2.2526455	1.1407701	0.9829209	0.9022310	0.7254114	0.5391033	0.7802677	14.2251618
