##############
# B3507 PWM for 10-mers
#
# Copyright (2021) David Gfeller
##############
1.00000	277
A	0.3684067	1.9882072	1.3042683	1.0397042	0.9134021	1.1500987	1.0062799	0.8113102	1.5369073	0.2572670
C	0.8177762	0.2712229	0.3813518	0.8060131	0.8196600	0.8451481	0.8291182	0.8365468	0.6785621	0.1912384
D	0.4252511	0.2400202	0.7846131	1.7556257	1.7374601	1.0218304	1.2412725	1.2398315	0.4660447	0.1939867
E	0.6791839	0.2533482	0.8431786	1.9623442	1.6971786	0.7781208	0.9131546	1.7793601	1.7341252	0.1726897
F	3.4323402	0.1570097	3.1114441	0.4182759	0.8308132	0.5816639	0.7824090	0.5416155	0.5208157	5.9214716
G	0.1916571	0.2966332	0.2167153	0.7994419	1.4108263	1.1907524	1.1136691	0.5745756	0.8111146	0.1893944
H	4.8685130	0.2087872	1.4714396	1.4485473	0.8599740	1.0454026	0.8743152	1.4373331	0.6626037	0.6096536
I	0.9502552	0.2782117	1.6459806	0.5233985	1.1226443	0.9030849	1.0618024	1.3073300	0.7502000	0.4623870
K	0.2547947	0.2885619	0.2522847	0.7485985	0.6347400	1.1604738	1.2853435	0.4437568	0.8209716	0.1924849
L	1.3313783	0.2244129	1.0683807	0.5849537	0.7444499	0.8061873	0.9186319	0.7412623	0.6961158	0.9831203
M	3.7151661	0.3215480	1.1226433	0.3831429	0.3329239	1.1355810	0.5469923	0.3774417	0.8462465	2.5742226
N	0.6890072	0.2302006	0.9047954	0.7125825	0.9235776	0.9062311	1.5547298	0.7290513	0.5134793	0.1947412
P	0.1408327	11.7754048	0.3669412	3.0217667	1.4626601	1.8095871	1.4222532	1.2500943	0.5158849	0.1154553
Q	0.7609273	0.3577241	0.4401409	1.0814402	0.8687023	0.9243142	1.1166094	1.5389947	1.0174060	0.2041342
R	0.2466343	0.2065077	0.4087237	0.6567595	0.4955982	0.8004777	0.7663781	0.5004125	0.7092545	0.1953198
S	0.7249958	0.3359336	0.6487502	1.3881087	1.2266989	0.8149062	0.9875524	0.6913315	1.7232355	0.1956382
T	0.7783457	0.3125458	0.6290528	0.7385793	0.6008944	1.2447551	0.7406213	1.5063257	2.1407442	0.2302098
V	0.5358064	0.5092899	1.3496652	0.2759647	0.8697570	1.2204824	0.7766875	1.8498364	1.3724411	0.3616068
W	0.3839866	0.1108403	4.0107549	0.4109276	0.6571556	0.1971432	0.2107219	0.4359800	0.2080074	0.7201825
Y	3.8648924	0.2007349	2.3222359	0.7740564	0.8792663	0.6224018	0.9715048	0.9761544	0.7047467	13.5558847
