##############
# B3508 PWM for 10-mers
#
# Copyright (2018) David Gfeller
##############
1.00000	105	2
A	0.6649656	2.0767072	1.1367790	0.9591631	1.1920305	1.2110062	0.8249500	0.7310809	1.3550018	0.3749427
C	0.9326216	0.5581580	0.5794193	0.8858911	0.8920816	0.8966864	0.9024500	0.9343175	0.9084018	0.3467324
D	0.7341651	0.3790041	4.2151028	2.2777962	1.8161714	2.0153673	1.3584069	0.9352193	0.5140745	0.2410141
E	0.6353375	0.3930818	1.7918790	2.1863070	1.5952193	1.6279938	1.4217225	1.6419322	1.3208070	0.3573885
F	2.3821247	0.2652713	0.7876027	0.4213958	0.5958495	0.5070876	0.8589941	0.4400436	0.7461023	4.4487140
G	0.4913811	0.5760198	0.6460705	0.8636527	1.2631504	1.5619963	1.5214911	0.3903972	0.6777986	0.2676019
H	3.7028255	0.2959387	0.6132412	0.6023202	1.1432008	1.1637990	0.4086512	1.6687691	0.9199525	0.9383604
I	0.6090633	0.5095107	1.1232298	0.5285537	0.6840300	0.3682727	0.8064819	1.3226836	0.5912406	0.5621017
K	0.4449777	0.4606362	0.5258047	0.7612404	0.9342575	0.9598680	1.1896808	0.7780800	0.9484896	0.3318748
L	1.3927780	0.4535261	0.6485093	0.4903799	0.5185658	0.6148212	0.5652649	0.6437346	0.7161710	1.1132299
M	2.4684404	0.4165944	1.0588503	0.4491377	0.4656627	0.8347661	0.5115896	0.9797340	0.7647088	2.1367605
N	1.5369416	0.3692702	0.8870410	1.0905894	1.6167931	1.1944916	1.1403024	1.2041924	0.7972599	0.3153778
P	0.1994590	7.3169802	0.5415736	1.7730422	1.6601385	0.7533360	1.1501484	0.7355828	0.4667259	0.1574674
Q	0.5635918	0.4789624	1.1990018	1.0378274	0.7637406	1.1183387	0.9821899	1.5331976	0.9849425	0.3387641
R	0.6347332	0.3538526	0.4395001	0.8954243	0.6887922	0.8130054	1.1144936	0.6993412	0.8162343	0.4461637
S	0.9820631	0.7203330	0.8387912	1.5295414	1.0900645	1.2461485	1.1507160	0.7013639	1.7625647	0.3332558
T	0.9675969	0.5027045	0.4866481	1.0433496	0.7631824	0.9346807	1.2704505	1.5239340	2.8642375	0.3574979
V	0.5465489	0.7005840	0.5978290	0.4950927	0.5795961	0.5490615	0.7916990	1.6725230	1.0912667	0.4903194
W	0.6294103	0.2321734	0.3963517	0.3179377	0.3577939	0.3986148	0.3843244	0.3971677	0.3826148	1.3847556
Y	2.4984863	0.3292123	1.1066832	0.3749023	0.7610544	1.0987961	0.7694126	0.9817188	0.4696058	11.4985159
