##############
# B3502 PWM for 10-mers
#
# Copyright (2018) David Gfeller
##############
1.00000	128	2
A	0.4699571	0.8460335	0.9212980	0.9203995	1.2718264	1.1534418	0.9667998	0.7739109	1.7360178	0.4420775
C	0.9150056	0.4572483	0.5629787	0.8778160	0.9170305	0.8772813	0.8834645	0.9375793	0.9010784	0.4717514
D	0.7843985	0.3632537	4.0885909	1.7138229	2.2076193	0.9174609	0.8586241	1.1151114	0.5106855	0.1877954
E	0.4627379	0.3672591	1.8840851	2.0057084	1.5139675	2.3341194	2.0318579	0.9108946	0.7862733	0.2086321
F	2.3378835	0.1988161	1.0445867	0.4014184	0.6471020	0.4093116	0.7686535	0.4286290	0.5750143	2.4560152
G	0.3229597	0.3763266	0.5865399	1.0939328	1.2823426	1.2654730	1.0617411	0.3529458	0.4563877	0.2249558
H	4.9443123	0.2723242	0.7355448	0.5498656	0.5291105	1.5090140	1.0192306	1.7504732	0.6588938	0.2366204
I	0.9277186	0.3749544	0.7991267	0.5758207	0.7342385	0.6054374	0.9005624	1.2070773	0.9411908	1.0843808
K	0.4087217	0.4326691	0.4956468	0.8925098	0.5763531	1.2532328	1.2230490	0.6235329	1.4936041	0.2649643
L	1.5103150	0.2628602	0.6168032	0.5577287	0.6465743	0.4261636	0.5302815	1.1632633	0.5999663	5.2138348
M	2.6002003	0.3084551	0.7998696	0.4430894	0.6399044	0.4458696	0.4928015	1.2885265	0.5658632	2.6579447
N	0.6606008	0.3387985	1.2315766	1.2405902	1.1593859	0.9515055	0.6044788	0.9508694	0.6964987	0.2154186
P	0.1774822	10.3245887	0.2190686	2.0363374	0.9171485	0.6642612	0.9102537	0.9756423	0.2413063	0.1415572
Q	1.0992099	0.4312561	1.0050272	1.4185532	1.0743768	1.2016317	1.1571312	1.4271846	0.8871675	0.2577455
R	0.5869451	0.3209383	0.5079422	0.7403862	0.6892260	1.8501549	1.9087812	1.0415723	1.3032754	0.2926093
S	0.6634633	0.5385144	0.9223823	1.2396647	1.3337540	1.2588819	1.0874163	0.7227399	1.8714780	0.2674769
T	0.9177271	0.5059957	0.9892077	0.7834245	1.3140579	0.9270731	0.8409281	0.9958122	1.9067680	0.3849137
V	0.5502549	0.3450734	0.7207571	0.6711615	0.7282411	0.5729888	0.8308705	1.8210912	1.5447113	0.9025432
W	0.6018021	0.1724363	0.3985299	0.3066643	0.3330288	0.3412648	0.8822664	0.3560345	0.3522917	0.4977679
Y	2.7038777	0.2782766	1.3278534	0.4995973	0.5267711	0.5519367	0.7309651	0.7380415	0.5627373	0.6349651
