##############
# B3503 PWM for 10-mers
#
# Copyright (2021) David Gfeller
##############
1.00000	670
A	0.3596034	1.2462186	1.4220900	0.8503107	0.9811423	1.1442207	0.7767621	0.9735535	1.4934014	0.3222549
C	0.8061273	0.1681556	0.2952957	0.7923216	0.8031900	0.8046251	0.7952201	0.8103274	0.6224721	0.1509596
D	0.2053977	0.1569589	1.8558966	1.8599601	1.7029539	1.3279419	1.2849822	0.9168832	0.3264250	0.0987327
E	0.3569789	0.1772157	1.1676134	1.8130193	1.4801434	1.3079688	1.5637669	1.3218134	1.1375901	0.0847448
F	4.1853515	0.1171965	1.3605139	0.2959724	0.5643972	0.5501017	0.7754827	0.4883124	0.3056877	2.5483042
G	0.2647264	0.1849227	0.2580520	1.0489501	1.4258306	1.2675734	1.2772698	0.3823485	0.3264853	0.0971807
H	3.4882920	0.2089069	0.9153658	0.9531839	1.1809467	1.0411531	1.4244308	1.8871566	0.6129717	0.1976934
I	0.8384096	0.3552196	1.9926264	0.4222113	0.7173150	0.6419787	0.7674474	1.0617963	1.0995466	0.9446491
K	0.1728228	0.1571298	0.1742165	0.5902671	0.5744718	0.7650116	1.1425322	0.4615278	0.8384186	0.1243405
L	1.7988507	0.2267741	0.8553728	0.4312715	0.6835598	0.5329792	0.6538863	0.9443805	0.7293972	6.0508668
M	5.3222331	0.1232498	1.1441053	0.4028263	0.7829958	0.4753825	0.4309093	0.7631762	0.5661350	4.2841119
N	0.5090562	0.1565891	1.0939426	0.9980025	0.9339832	0.8194632	1.3555760	0.8025537	0.4667164	0.1162147
P	0.0997027	13.9748962	0.5750238	3.5762390	1.2473546	2.1558224	1.4473852	1.7518201	0.7586385	0.2949670
Q	0.5406942	0.1907033	0.9120015	1.3633402	1.0119946	1.3268517	1.1779122	1.7267591	1.0163407	0.1994050
R	0.3517460	0.1575327	0.1309363	0.4944458	0.4421356	0.7207778	0.7963849	0.7170767	0.4745365	0.1739177
S	0.5095667	0.2854012	0.8901329	1.5643683	1.5035298	1.2001119	0.9065796	0.8883427	2.3875209	0.1207812
T	1.0239446	0.2840753	0.6973136	0.7809086	0.9418292	1.4685245	0.7952179	1.3536320	2.2166253	0.2447064
V	0.5083103	0.3775914	1.7788877	0.3834659	1.1392966	0.8827621	0.9523937	1.5717715	1.9213848	0.7068051
W	0.5131398	0.0589738	0.3487127	0.0943160	0.4228516	0.1022730	0.6360068	0.3212022	0.1101351	0.1498715
Y	3.0571698	0.1102419	1.6743053	0.3859826	0.6126431	0.3160121	0.7066606	0.6275947	0.5717999	0.2307251
