##############
# B3701 PWM for 10-mers
# Model trained on 9-mer peptides adding one non-specific position after P6.
# Copyright (2016) David Gfeller
##############
1.00000	547	0
A	2.5483421	0.2640998	0.8427958	0.9652409	0.3037063	1.1907261	1.0000000	1.3548955	1.1721329	0.2712788
C	0.7622660	0.2667118	0.5207442	0.6675945	0.6127669	0.6803497	1.0000000	0.6827332	0.1719113	0.1932633
D	0.1814470	8.7128735	0.4235057	0.3244909	0.1728731	0.2862783	1.0000000	0.3778163	0.3014242	0.0861428
E	0.3338531	5.8926428	0.3899168	2.5875790	0.3704342	0.4399920	1.0000000	1.0573086	1.1250527	0.0915723
F	0.3535854	0.0970772	1.3409495	0.3440197	0.1565354	1.1182013	1.0000000	1.2501035	0.7025154	7.1611975
G	0.6621976	0.1803178	0.4415628	0.5102264	0.3790955	0.6723533	1.0000000	0.5471006	2.2753386	0.1045032
H	1.4877487	0.1977197	1.8980693	0.2100920	3.6546759	2.5950106	1.0000000	1.8464999	0.8444938	0.1175014
I	0.4418396	0.1106908	0.4269380	1.0576261	0.1323950	1.2455115	1.0000000	1.0391950	0.2445547	0.8352164
K	2.2917781	0.2657625	0.3376667	0.8381609	1.5548980	1.1062523	1.0000000	0.6919865	1.3581351	0.1094891
L	0.3691806	0.0933330	2.9252364	1.5655424	0.2124646	1.0236857	1.0000000	1.3587660	0.5760052	3.7341644
M	0.4646557	0.1313163	1.9940607	1.0721342	0.1887370	0.4587618	1.0000000	1.5751167	0.3378369	2.5367115
N	0.2968585	0.3441941	1.2120469	0.4923596	0.3826604	1.2179850	1.0000000	0.8058391	1.0672120	0.1000817
P	0.1589389	0.4159551	0.4199340	1.8382697	0.5515812	0.4755167	1.0000000	0.1677070	0.2587780	0.0596446
Q	1.2188193	0.4172298	1.8938035	2.1519755	0.4871444	1.2460277	1.0000000	1.4349579	2.2885820	0.1034843
R	2.6169670	0.2347133	0.3037156	0.4716124	10.6675291	0.8159109	1.0000000	0.5747456	1.0325591	0.1193540
S	2.1306713	0.3376913	1.8564978	0.7110519	0.3030738	1.0007636	1.0000000	1.3517609	1.9380218	0.1228713
T	1.1712355	0.1843238	0.2923001	0.6329615	0.3391105	1.1756644	1.0000000	0.7230076	1.8770844	0.1684223
V	0.7503365	0.1013812	0.4726173	0.9194169	0.3265283	1.5698684	1.0000000	1.1960471	0.5289885	1.6303093
W	0.3114313	0.1176983	0.9664879	0.4559572	0.1545260	0.6349827	1.0000000	0.6582841	0.1646443	0.2759329
Y	0.5840817	0.1246254	1.2902383	0.3723534	0.2520931	0.7798952	1.0000000	1.5775697	0.6362503	0.5205231
