##############
# B3801 PWM for 10-mers
#
# Copyright (2021) David Gfeller
##############
1.00000	938
A	0.7454992	0.1392250	1.1843269	0.7133352	1.3704988	0.9418367	0.8247339	0.8344243	0.5740759	0.1484257
C	0.6416986	0.2572521	0.4646662	0.5596006	0.5730606	0.5740387	0.5703793	0.5708301	0.1000428	0.1076586
D	0.5769465	0.2152530	3.3423611	2.1805036	1.6186754	1.2333968	0.7494590	1.5492994	0.2970289	0.0538445
E	1.2358005	0.2467163	1.7081807	1.9637785	1.3765586	1.8763953	1.1362144	2.1806042	0.9145619	0.0581251
F	1.4488930	0.1936218	0.8469136	0.6420983	0.4001735	0.7988098	0.8914890	0.3303175	1.3249277	5.3871611
G	0.5221959	0.1082008	0.4263746	1.0257218	1.2057646	1.2140814	1.0498563	0.2365613	0.5076529	0.0707013
H	4.7872954	29.3197293	1.3180293	0.7616070	1.0660752	1.2472440	1.3558394	1.2283957	0.9490666	0.1160275
I	0.8391367	0.1215362	1.5888623	0.4503670	0.7109061	1.1164514	0.8487129	0.9850945	0.6299584	2.1339046
K	0.3574992	0.2309696	0.1625215	0.7976636	0.3612633	0.5160312	1.1376358	0.2685260	0.9535429	0.0847993
L	0.3056368	0.1554905	0.6079930	0.4694903	0.5339682	0.7574685	1.0191016	0.8869951	1.5364557	5.3379085
M	0.8306914	0.2338199	1.0562457	0.3897542	0.5930127	0.6118369	0.5378557	0.5796872	0.8371433	1.0670787
N	1.4199667	0.2520595	0.7555812	1.3804389	1.1989106	0.7261286	1.6008970	1.7834167	0.9410988	0.0625715
P	0.0727940	0.2153010	0.1508031	2.2360153	1.8450704	0.5601181	0.8190929	0.4105634	0.1475338	0.0454217
Q	2.5452056	1.0202782	1.0819067	1.5130269	0.8862149	1.2489929	1.4578641	2.5818425	1.4262545	0.0915877
R	0.5532175	0.3861974	0.1609448	0.5668493	0.3487783	0.4908802	0.7395183	0.3458808	1.1252121	0.0722225
S	1.1237883	0.1750036	1.7126647	1.2913621	1.6894581	1.3212082	1.1046730	0.8680303	1.3622936	0.0699410
T	2.1338633	0.1644907	0.4867904	0.9377624	1.0157423	1.4838777	1.3225138	1.2932650	2.4707528	0.1253741
V	0.4954293	0.0967910	1.1545661	0.4052764	1.0877132	1.1766712	0.9611330	1.4259419	0.9446747	0.3320579
W	1.2793238	0.1830781	0.1709670	0.3932153	0.3919105	0.5579921	0.4037733	0.2486630	0.3496769	2.7981421
Y	1.8437400	0.3469913	1.0033997	0.7744896	0.6168021	0.6647373	0.8563477	1.2921513	2.0649437	0.4285003
