##############
# B3802 PWM for 10-mers
#
# Copyright (2021) David Gfeller
##############
1.00000	571
A	0.6405684	0.1506326	1.1779494	0.6500527	1.1510193	0.7564896	0.8387230	0.8189084	0.8043153	0.1473348
C	0.6553222	0.2751693	0.5031800	0.5765627	0.5982204	0.6006776	0.5981028	0.5786317	0.1409411	0.1604617
D	0.6540634	0.2959813	3.1342845	1.8843475	1.4957797	1.0629654	0.8178091	2.7863346	0.5661780	0.0789122
E	1.0193841	0.3221451	1.5461307	1.8846531	1.1011437	1.3994170	1.0086949	2.0628911	1.2122322	0.0840477
F	2.2244196	0.1858975	0.9977821	1.0655710	0.5805963	0.7490979	1.1486109	0.5198148	1.2000429	4.7045493
G	0.4446241	0.1389444	0.5047771	1.1082422	1.3631130	1.5280054	1.1936290	0.2187257	0.6779873	0.0826052
H	4.7903709	27.5972265	1.0226150	0.6816265	1.0864044	1.1514214	1.4371848	0.8542896	0.9020799	0.1147425
I	0.6810171	0.1113260	1.9664144	0.4445676	0.9579154	1.2359946	0.9461826	0.7653700	0.9876377	2.7494908
K	0.3200091	0.2796528	0.1838366	0.7685214	0.4216252	0.7220594	0.9534335	0.2693858	1.2936776	0.1016286
L	0.3009452	0.2323092	0.6824389	0.5055353	0.6049449	0.8622420	1.2682427	0.8086646	1.4095745	4.9712804
M	1.1253856	0.2337422	0.8966884	0.4123993	0.4344945	0.8685816	0.6459870	0.3282749	0.7243976	0.8468279
N	1.3370183	0.3424111	0.4300005	1.4444985	0.8077263	0.7349140	1.6576537	2.2317564	0.8319370	0.0908220
P	0.1058966	0.1847155	0.1679249	2.1830656	1.8279678	0.5462930	0.8105392	0.3710272	0.2237234	0.0669453
Q	2.2210839	0.8966748	0.8614879	1.4278654	0.8637299	1.0178481	0.9814196	2.9150119	1.5142021	0.0985148
R	0.4174618	0.6613441	0.1783413	0.6261666	0.3423983	0.4306836	0.4386955	0.2911198	1.4925211	0.1043759
S	1.2551338	0.2375145	1.4950555	1.2788915	1.8329758	1.1913460	0.8919084	0.7686632	1.0432423	0.1016060
T	2.2429275	0.1661479	0.6004786	0.7572496	1.1391391	1.3736056	1.2381113	0.9931092	1.1411785	0.1878174
V	0.4899838	0.1421000	1.3735663	0.3989911	1.0651400	1.4107354	0.9212308	0.9477608	1.0203851	0.5335100
W	0.9056608	0.1550216	0.2652853	0.7413421	0.4876308	0.5055691	0.6373902	0.3752008	0.1533357	3.0109447
Y	2.1062449	0.5120762	1.1013111	1.0523968	0.7027835	1.0122706	1.1793724	1.1843928	1.4326864	0.4358005
