##############
# B3906 PWM for 10-mers
#
# Copyright (2018) David Gfeller
##############
1.00000	195	2
A	0.8234879	0.5839213	1.3836730	0.7699204	0.9520840	0.9564768	0.7222451	0.8009816	2.4913603	8.0992267
C	0.5029203	0.3085204	0.4277059	0.6096249	0.6523880	0.6356247	0.6293828	0.6731721	0.9049361	0.5229464
D	0.9339281	0.3536427	0.4186770	2.0325750	1.2125682	0.8996386	0.9480024	0.3824213	0.3740761	0.2793971
E	1.9236861	0.4553700	0.4708601	1.9928044	0.7364252	1.2138403	0.9856072	0.5381048	1.1963994	0.3238692
F	1.0313087	0.3009317	2.3306594	0.3880554	1.2608583	0.7114667	1.0995614	0.7659030	0.3532448	0.6034075
G	0.4850550	0.3722005	0.4929256	0.8291212	1.1793378	1.2355043	2.0646331	0.2975384	0.8380073	0.5940764
H	3.4970395	13.8296962	1.2859281	1.3982284	0.9970469	1.3602528	1.2305023	1.4488932	0.4047662	0.2550103
I	0.5571568	0.1842458	1.0040811	0.4193672	0.7529456	0.5304098	1.0573787	1.2871820	0.5771923	0.4130550
K	0.6149846	0.6549665	0.7376169	0.9320515	0.8785577	1.1839318	1.0682407	0.7142572	0.5980823	0.3764396
L	0.3835321	0.2281356	1.0861434	0.6127630	0.9690596	0.9395153	1.0048962	1.0923171	0.4464435	0.5233193
M	1.1569432	0.3523200	1.2822056	0.3813912	0.4683304	0.8206309	0.7162545	0.6695127	0.5554531	0.4260827
N	1.8453424	0.6325557	0.9338590	1.2300444	1.2400303	0.7190556	0.7890007	1.3996239	0.4107898	0.2957722
P	0.1904919	0.2269546	0.6555751	1.2348414	0.8520258	1.2266320	0.6651856	1.1521821	0.8256686	0.2989391
Q	1.7662310	1.2977897	1.1795001	1.6756053	1.4362202	1.4852519	1.3868687	1.4211192	1.2420802	0.3253757
R	0.4914403	4.2177830	0.9407237	0.6794568	0.8984434	1.2617168	1.5030916	1.2107966	0.8951401	0.4416025
S	1.7204187	0.3845902	0.6805545	1.3421813	1.3164600	1.3609004	0.9040291	0.7362664	2.4551331	0.6786533
T	1.7351381	0.2953616	0.6506911	1.0274552	1.0899673	0.7411366	0.8856678	1.0314943	1.5195930	0.5221946
V	0.4800648	0.2290394	0.8222552	0.5706440	1.0850779	0.8108338	0.6156907	2.0506388	1.3879888	0.7178938
W	0.3523595	0.3448191	2.7272223	0.3161655	0.6884567	0.3182109	0.3175521	1.0596943	0.2753868	0.2883695
Y	1.2369142	0.8208702	3.2220477	1.4360993	0.7316003	1.0274843	0.6068386	0.9546805	0.4255124	0.4462816
