##############
# B3901 PWM for 10-mers
#
# Copyright (2021) David Gfeller
##############
1.00000	190
A	0.7313722	0.2967992	1.6760614	0.8218401	1.2861947	1.0678109	0.9119208	1.2061832	1.9450365	0.4855155
C	0.4106922	0.3333092	0.4750184	0.4451971	0.4985664	0.4926881	0.4732636	0.5045467	1.0156321	0.3491938
D	0.9252908	0.4225642	1.6604983	2.3020276	1.3113729	1.0267098	0.9366989	0.5723224	0.5097516	0.1537750
E	1.5420460	0.4494971	0.9421086	2.0441740	1.1056264	0.9569740	0.9814401	1.3628079	0.9965463	0.1762496
F	0.9916551	0.3428238	1.6436463	0.4364420	0.6492661	0.3939821	0.6448685	0.7863864	0.3073578	1.4251991
G	0.6996787	0.3239660	0.4113315	0.6917348	1.5076599	1.7026367	1.1741656	0.5069694	0.4246214	0.1668792
H	5.9987077	19.8709162	1.6686359	0.6518762	1.5083858	1.2382118	1.7971950	2.5523868	0.5783019	0.2096513
I	0.4406942	0.2020145	1.6474150	0.4029103	0.6724045	1.1849543	0.8605152	1.0698936	0.7349961	1.0831664
K	0.5036375	0.5060585	0.3435517	1.2462242	0.4402282	0.8744359	1.2038821	0.4476852	0.5688254	0.2190016
L	0.2695862	0.2180013	0.7639531	0.5028548	0.5614304	0.8656876	0.8080695	0.7211279	0.5969873	6.2002997
M	0.3579296	0.3348649	0.9898193	0.4695455	0.5127593	0.6803756	0.4203392	0.9666303	0.5596834	1.8883517
N	2.0462113	0.5998920	0.6947490	1.2511637	1.2827746	0.8912257	2.1173801	1.2268897	0.5968579	0.1775312
P	0.2254158	0.1914481	0.2050983	1.8583398	1.2583970	0.9591792	0.8092246	0.8030452	0.4729519	0.1444318
Q	1.9593127	0.6867360	0.9835664	1.7325611	0.9313617	1.4884226	1.6733459	1.8056349	0.9469028	0.2209591
R	0.5239694	2.5718413	0.2946624	0.7783041	0.4430725	0.7226484	0.7657539	0.4054072	0.5874285	0.2279779
S	1.1724735	0.3907866	1.1426513	1.1837887	1.5618068	1.4024582	1.1284049	0.8329100	3.0071518	0.2126628
T	2.2261745	0.2812859	0.4778091	0.9409694	1.2600905	1.1872657	1.0642019	1.2409154	2.2332014	0.3351090
V	0.3235014	0.1933565	1.6061008	0.4552174	1.1740970	0.8093730	0.8560590	1.9916287	1.4319409	1.0607464
W	0.2876594	0.2978980	0.6459598	0.2292716	0.2471651	0.2340374	0.2450421	0.2712325	0.2316483	0.3152574
Y	1.0766101	0.8481161	1.9518369	0.7560355	0.8004741	0.4407748	0.5917640	0.9810070	0.4329291	0.5583947
