##############
# B3924 PWM for 10-mers
#
# Copyright (2018) David Gfeller
##############
1.00000	28	2
A	0.7160802	0.5655664	0.6050995	0.7236452	1.3608155	1.1847686	1.1584890	1.1667948	1.6253712	0.5546060
C	0.6629109	0.4179326	0.5675014	0.7336440	0.7370327	0.8334560	0.8040361	0.7274827	1.0948390	0.6959946
D	1.2662207	0.5961703	0.8180706	2.2858635	0.9594421	0.9825290	0.5917260	1.6978049	0.6894900	0.2637992
E	0.7735683	0.7939792	0.7224206	1.9297492	1.0754144	0.8404329	0.7239581	1.6348795	1.0418466	0.2973854
F	0.9876391	0.4618887	2.2434649	0.4667463	0.3851917	0.8013643	1.2899741	0.7870779	0.4636955	1.4421545
G	0.5969488	0.8185976	0.7706776	0.8659548	1.5546486	1.5905787	1.7946677	0.9453924	1.0294596	0.3109557
H	3.6669789	6.7333298	0.7892702	0.5609460	1.0717221	0.5216392	0.5151763	0.6469759	0.4947808	0.3224324
I	0.5652516	0.3014836	0.9916191	1.0074549	0.3943198	0.8729460	1.3853370	0.6681547	0.7192731	1.4578117
K	1.1150166	1.2408861	0.6824061	0.7993016	1.5534309	1.4772664	0.6816410	1.0731551	0.7416630	0.3865132
L	0.5222261	0.3965180	1.0123107	0.8294986	0.4560552	0.5612827	0.7472762	0.5159015	0.5834459	4.4740939
M	0.6950856	0.6046266	1.2294946	0.7341997	0.9430745	0.6813965	1.1684504	0.6738336	0.7426095	2.5899635
N	1.4970368	0.9317965	1.2005591	1.1314981	1.0670148	1.3919758	1.5088018	1.7000708	0.8100570	0.3023015
P	0.3230087	0.2830097	0.2552541	0.9480475	1.2742778	0.6555016	0.2762071	0.3213246	0.3772958	0.2057979
Q	1.4834976	1.4620671	0.8466934	1.2854758	0.8343496	0.7041540	1.0757873	2.3056081	1.1852742	0.3807272
R	0.7863575	4.3498188	1.3723929	0.9122304	2.6569122	1.0171968	1.0995210	1.0580513	0.6469504	0.4288196
S	1.1600572	0.6590618	0.7575988	1.2032971	0.9806212	1.7654360	0.7395025	0.9616545	2.2364269	0.3727769
T	1.8794145	0.5233278	0.7971015	0.9031928	0.8562775	1.2096627	1.0370357	0.6907288	2.3046031	0.5553295
V	0.7917187	0.3253488	0.8227470	0.7766497	0.4630730	0.8933933	0.9404069	0.7994493	1.2101382	1.1103300
W	0.6736912	0.5642564	1.1416300	0.4389878	0.4529975	0.4816260	4.3693101	2.3969919	0.4737324	0.6465913
Y	1.7872214	1.0292850	4.5125053	0.4940054	0.5234198	0.5724085	0.7785208	0.6434051	0.5338184	0.7414828
