##############
# B4002 PWM for 10-mers
#
# Copyright (2018) David Gfeller
##############
1.00000	1470	2
A	1.8944256	0.0936473	1.1916805	0.6863618	0.8247412	0.8173904	0.6170093	0.6592996	1.4930205	0.6544300
C	0.7000329	0.0929330	0.4676183	1.0216214	1.0282720	1.0305842	1.0325990	1.0295068	1.0381985	0.3380892
D	0.1015820	0.2432643	0.5091268	2.3724699	1.3937029	0.6877594	0.7087979	0.6004771	0.2890196	0.0519283
E	0.3089776	14.9074283	0.2311615	2.8066818	1.4241250	1.0508855	0.8874907	1.5653835	1.4039001	0.0738735
F	0.7037240	0.0459367	2.4453025	0.6059683	0.9379789	0.7999831	1.0381119	0.4948322	0.5728587	2.0172850
G	1.8748831	0.0885439	0.7254423	0.9685983	1.3801717	1.5910397	1.0827402	0.3365179	0.5069276	0.0593402
H	1.6631253	0.1266936	0.8991083	0.6270467	0.5132908	0.8054867	0.8906966	1.4622734	0.7863511	0.0885727
I	0.3999725	0.0393284	1.7373250	0.4512935	0.8754823	0.9694122	1.6458647	1.0385911	0.6396376	1.1139751
K	2.0639234	0.1539946	1.4409709	1.0226556	1.0992927	1.4006982	1.1675474	0.7325594	1.4046945	0.0651960
L	0.4251486	0.0536756	1.2793636	0.7757721	0.9698059	1.2069102	1.1490618	1.1518540	0.7742391	6.3164031
M	0.4682805	0.0685992	1.3106866	0.5448165	0.6885816	0.6160839	0.9159478	0.5951214	0.6681236	1.8047266
N	0.2145460	0.1134997	0.6392107	0.9641963	1.1778143	0.9032464	1.3123115	1.5720274	0.5225532	0.0453106
P	0.0648385	0.0614146	0.3087765	0.6934402	1.1443955	1.0311479	0.7305727	0.6178242	0.1479719	0.0404438
Q	0.6958753	0.2140367	0.3431744	1.4452606	1.2402446	1.1311461	1.0333482	2.5760542	1.5094429	0.0678670
R	3.4743371	0.1306166	0.7492785	1.3407544	0.8207887	1.2619282	1.0139295	0.8491272	1.0480184	0.0946998
S	1.5051918	0.1322971	0.6618976	1.0767173	0.9402194	0.8676761	0.7309919	0.7668795	1.9120354	0.0909176
T	0.8716469	0.0948106	0.6634530	0.6253131	0.7617328	0.8294967	0.7502151	1.1264760	1.7383440	0.3001522
V	0.3919145	0.0584281	1.0086453	0.3464796	0.7699163	0.8067753	1.0695198	1.2273985	1.4022273	1.1948241
W	1.1331524	0.0645865	3.3964995	0.8690580	1.1158958	0.8719858	1.1249864	0.9363502	0.3822577	0.2157140
Y	1.4888178	0.0676316	1.8653896	0.6402148	0.5627719	0.5843061	1.0897862	1.1053579	0.8109756	0.2393525
