##############
# B4006 PWM for 10-mers
#
# Copyright (2021) David Gfeller
##############
1.00000	503
A	2.8084564	0.2723668	1.5896124	0.9337243	1.0225322	1.0868326	0.9659256	0.9906725	2.0984457	7.8349061
C	0.6584175	0.0899932	0.4727269	0.7114440	0.7309958	0.7335292	0.7338475	0.7329057	0.9672896	0.3836316
D	0.1811287	0.4810085	0.1649613	1.9640193	1.2206860	0.4251098	0.8349139	0.5159543	0.4832655	0.1530201
E	0.2915881	12.9864924	0.2473629	2.3641531	0.9018873	0.8496769	0.7410853	0.6729503	1.7341798	0.1755711
F	0.5100497	0.1142658	2.0634821	0.6401728	1.5989676	1.1768734	2.1215939	1.0579605	0.2876362	0.3574528
G	1.4627103	0.1412932	0.5755988	0.8485865	1.3883233	1.3843700	0.6402965	0.2952946	0.4176415	0.2635509
H	1.2791130	0.2756053	1.0280121	0.5728844	0.9037307	0.9651551	1.0771858	1.8037830	0.3651461	0.2097773
I	0.3006336	0.1076846	2.7000872	0.7643518	1.0436138	1.1051201	2.0800227	1.6807192	0.9190034	0.3216679
K	2.0825893	0.3540567	0.5016884	1.1378245	0.8890489	1.5834945	0.9853878	0.9248159	1.0005646	0.1966247
L	0.3595086	0.1120922	1.2891889	0.8063210	1.1501178	1.3514531	1.1919312	0.9484299	0.4244291	0.4540552
M	0.3938616	0.1567675	1.7456847	0.7301108	0.8305332	0.4657787	1.1797356	0.5278407	0.4356099	0.3622185
N	0.3788480	0.2666840	0.4532491	0.9755483	1.0130414	0.8230880	0.6265879	1.3610425	0.2953007	0.1656196
P	0.1621677	0.1423935	0.3005342	0.8040031	1.3509629	0.6998880	1.1158935	1.3441914	0.5537014	1.4558214
Q	0.5679276	0.5141026	0.5998394	1.8622606	0.8679992	1.1934149	1.2914868	1.4180193	1.8838185	0.1780901
R	3.6191301	0.2579194	0.4168701	0.8525149	0.6151831	0.8135582	0.7025960	0.9702327	0.6714031	0.1831269
S	1.3294509	0.2469265	0.4539181	0.8895342	0.7995397	0.7545435	0.4554989	0.5901670	1.4571882	0.4942906
T	0.3479523	0.2001556	0.7776977	0.8282711	0.5073656	0.7416137	0.7049049	1.2365745	1.7630298	0.7290030
V	0.3362747	0.1363242	1.6983933	0.3737512	1.1260442	1.2046158	1.1107050	1.5225582	1.8257036	1.3587440
W	0.5507332	0.1264390	1.7178629	0.2777530	0.2869711	0.2893519	0.5696350	0.9618450	0.2682997	0.1236049
Y	0.8323293	0.1606062	1.9646476	0.8805324	0.6545429	0.8068263	0.6316368	0.7123490	0.4487958	0.1776221
