##############
# B4001 PWM for 10-mers
#
# Copyright (2021) David Gfeller
##############
1.00000	1839
A	2.0239826	0.1400982	1.4418866	0.8328200	1.1563709	0.9892246	0.7944914	1.0841887	1.4427887	0.0791716
C	0.6137792	0.0319268	0.3820971	0.6856275	0.6920628	0.6908005	0.6901656	0.6952946	0.9395235	0.2274399
D	0.0943977	0.2004921	1.3739071	1.9888182	1.3310701	0.8913483	0.8611650	1.3805888	0.4425710	0.0387408
E	0.3438940	14.5652995	1.7564279	2.8799800	2.2235764	1.7354006	1.1416125	2.2632252	1.5691038	0.0578486
F	0.4701364	0.0405386	1.4947137	0.5295806	0.4494230	0.4482426	0.8187725	0.4168438	0.4675333	0.3595222
G	1.9080572	0.1288289	0.4027441	1.0250556	1.3078677	1.1125419	1.2280175	0.4884787	0.4263310	0.0301850
H	1.4661497	0.1319699	1.0768015	0.9967432	0.8793871	0.9369458	1.1296027	0.9388770	0.9388160	0.0765161
I	0.4207759	0.0565402	1.9802484	0.4638565	1.0815280	0.7691452	0.8806460	0.9807433	0.7776942	0.7557740
K	2.3346806	0.1200137	0.3739601	0.9212111	0.5288864	1.5095077	1.6159241	0.2684540	1.0784428	0.0830762
L	0.3776196	0.1315060	1.2368802	0.7532852	0.7943072	0.7290319	0.7906039	0.7113107	0.7394990	9.1247555
M	0.3467472	0.0982518	0.9291669	0.4515633	0.4576513	0.4992639	0.5853012	0.4224860	0.5930767	0.7900549
N	0.2457459	0.1383096	0.6567270	0.8511711	1.0427744	1.0427317	1.6683116	1.1133594	0.4275831	0.0335341
P	0.0939622	0.1087463	0.4095823	1.0690815	1.3275894	0.9119469	0.8916728	0.6560292	0.1327342	0.0273263
Q	1.3666231	0.2639056	0.5512541	1.8197092	1.1455356	1.2516144	1.4036775	2.0999538	1.9361655	0.0550558
R	1.9652643	0.0877686	0.1227423	0.5851554	0.3489836	0.9803012	0.9907146	0.2773633	0.8717690	0.0622744
S	1.7711788	0.1472301	0.9107526	1.0609434	1.2560442	1.1560014	0.8985378	1.0731057	1.6128213	0.0619895
T	1.0643032	0.0980809	0.6337216	0.7747547	0.9016153	1.3826824	0.9281813	1.5018147	2.0565637	0.0919656
V	0.5605232	0.0789015	1.6987044	0.5419201	0.8334288	0.9273352	0.8835005	1.8042304	1.5285353	0.2437358
W	0.3378754	0.0436284	0.3885166	0.2520212	0.2933616	0.1705052	0.4220516	0.2952847	0.2566151	0.2230707
Y	0.6450409	0.0556156	0.7354813	0.4549423	0.4210759	0.4727454	0.8363023	0.5436530	0.6656620	0.1451104
