##############
# B4032 PWM for 10-mers
#
# Copyright (2021) David Gfeller
##############
1.00000	230
A	2.4662236	0.4576650	1.2572880	1.0980314	1.5190209	1.0653283	0.8580246	1.3747078	2.5080634	6.8505194
C	0.7250115	0.1508773	0.5315072	0.7341052	0.7589713	0.7539561	0.7788865	0.7931166	0.9945624	0.5124683
D	0.2959265	0.8261178	0.3944743	2.1614734	1.1404809	0.6465682	0.4897333	0.6561915	0.4853030	0.2717998
E	0.5603133	10.5051601	0.5646193	2.4002101	1.1685243	0.7761009	0.6511677	0.7521201	2.0301467	0.5350702
F	0.4289999	0.1877400	2.6474213	0.3426309	1.2935003	1.8742208	3.1511150	0.3102371	0.2604995	0.2600709
G	2.1894584	0.3273174	0.3152869	1.0574514	1.5769937	1.4042029	0.6036825	0.4632385	0.5089497	0.4897984
H	0.9789874	0.5595756	1.0373149	0.4642138	1.2149203	1.1946820	0.2855354	1.6314277	0.6389548	0.3779795
I	0.6118059	0.1776988	2.1956076	0.3897212	0.4663015	0.7279316	1.0598322	1.2032402	0.6369967	0.6038837
K	1.1329214	0.5729643	0.4564419	0.7728774	1.0523473	0.9645287	0.8663915	0.9075106	0.8043188	0.4347179
L	0.7141051	0.1841996	1.0814943	0.6473177	0.7351056	0.8528948	1.8544328	1.2037795	0.6083132	0.3716595
M	0.6991018	0.2581623	0.9468872	0.8766702	0.5758480	0.3901390	1.4028406	0.5690762	0.3874634	0.4693709
N	0.3694167	0.4377371	0.2623564	1.0855765	1.1173301	0.8246929	0.6335884	1.0910619	0.4400749	0.3518584
P	0.2088941	0.2320325	0.4843700	1.1469117	1.0205639	1.2537291	0.4880004	0.5150861	0.5377336	1.2750892
Q	1.3974847	0.9684182	0.5490849	1.7262498	1.0580365	1.1692433	1.2734214	1.7266485	1.4998469	0.3852451
R	1.6609205	0.4195692	0.4609548	0.6059826	0.8064197	1.3712393	0.7758656	0.6509552	0.5490990	0.3763668
S	1.2801594	0.4461981	0.6311354	1.0154626	1.1343547	1.1430158	0.9404709	1.2175635	1.9477080	0.6767408
T	0.7433953	0.3292375	0.7042270	1.0329261	0.8317787	1.0780433	1.0761578	1.8379513	1.1520702	0.6874200
V	0.6541551	0.2244855	1.3686798	0.4733671	0.5777622	0.7256370	0.8339724	1.3883864	1.4073931	0.8022438
W	0.2344027	0.2068201	0.4292261	0.2218711	0.5029452	0.5141111	1.0962442	0.4784483	0.2053184	0.2051065
Y	0.7874364	0.2650625	4.8543799	0.9516624	0.6496845	0.5937161	0.6884592	0.3256522	0.2892428	0.4783288
