##############
# B4101 PWM for 10-mers
#
# Copyright (2018) David Gfeller
##############
1.00000	91	2
A	1.9346654	0.5369444	1.3254657	0.9646577	1.6982830	1.3768125	1.2623221	1.2821481	2.6895367	6.5076909
C	0.8565660	0.3746401	0.6507070	0.7262652	0.8067517	0.7832533	0.7875829	0.8261425	0.5515748	0.7119497
D	0.4421366	1.1917444	1.3299896	2.5287626	1.0278540	0.5494213	0.9760048	0.7128862	0.7222782	0.3841522
E	0.5703922	8.4651235	2.4696141	2.8330752	1.7626131	1.2286224	1.3836682	0.9977974	0.9781563	0.4428121
F	0.6377486	0.2629685	0.4013522	0.6066720	0.5523181	0.4097122	0.5340970	0.7963091	0.3636714	0.3645103
G	0.9635628	0.3890471	0.5649843	1.2305674	0.8220453	1.6105432	1.0062310	0.4523698	0.6824409	0.8107730
H	0.8716574	0.6049847	0.9066617	0.8616858	0.8310958	0.6867762	1.2331326	0.9964556	0.3918286	0.3395185
I	0.4375599	0.2243692	1.2707612	0.6370985	0.8818576	0.3908678	0.8965743	0.6796343	0.7881369	0.4895910
K	1.7903982	0.8847358	0.7936159	0.8417060	0.8191288	1.4479319	1.2662172	1.1177493	1.0446059	0.5085439
L	0.3976952	0.2698448	0.6636347	0.5415227	0.7276086	0.5461994	0.7454343	0.7773300	0.5498280	0.6374324
M	0.5222720	0.3927271	1.0089476	0.4880693	0.5537656	0.5137335	0.5912215	0.6125587	0.6074156	0.7672436
N	0.5787285	0.6496049	0.7105001	0.7835628	1.2677283	1.3325397	0.8079020	1.1384021	0.6657009	0.4032604
P	0.2631324	0.2922345	0.3724456	0.7121212	2.0810111	1.0596162	0.8188162	1.7305472	0.5183518	0.6694265
Q	1.3792867	1.1409634	3.4612200	1.1647715	0.6777176	1.5767621	1.2067838	0.9025992	1.6585565	0.4432325
R	4.0088612	0.6789855	0.7312795	1.2075039	0.7098504	1.6224630	1.9129865	1.5353655	0.8971522	0.4173435
S	1.1936156	0.6405646	0.6927614	0.7633697	0.7698415	0.9647666	0.6820741	0.7585252	1.1548190	0.9298329
T	0.8277562	0.4768383	0.7063525	0.7699676	0.6202335	1.0881104	1.0632157	1.1893639	1.8360677	0.7249553
V	0.6079384	0.2880923	0.6201783	0.5297948	0.8182834	0.6558087	0.8813003	1.5106520	1.3523413	0.7628169
W	1.1148324	0.3705829	0.4125494	1.0554447	0.3932086	0.4397212	1.0840115	0.3741641	0.3680997	0.3642029
Y	0.8588095	0.3874129	0.8306086	0.4395840	0.9996489	1.3587918	0.6657006	0.4917491	0.4210357	0.4123527
