##############
# B4103 PWM for 10-mers
#
# Copyright (2018) David Gfeller
##############
1.00000	36	2
A	1.2714573	1.1146013	0.8895412	1.1990990	0.8747669	0.6607517	0.8564575	0.6781390	0.8660297	0.5690785
C	0.8906013	0.5199027	0.6862398	0.7887897	0.8279177	0.7853270	0.8253784	0.8586200	0.5389790	0.6672128
D	0.6367007	1.4869903	2.4373856	2.4127012	1.8153577	1.6247886	0.9235106	0.5182599	0.6489038	0.2775834
E	1.1339959	4.9460282	2.0192359	1.4924869	1.1771310	1.2193054	1.0016965	1.0300157	1.3681765	0.3060719
F	0.5081429	0.3518156	0.6417727	0.7345063	1.2966216	0.4616526	0.4379285	0.9634624	0.4693216	0.9701599
G	1.8090667	0.5704705	0.7710708	1.8338950	1.5238183	1.0205357	1.5492381	1.1583518	0.5203516	0.3162593
H	0.9475264	0.6782852	0.6162985	0.9604405	0.5069563	0.5505422	0.5430001	1.3228626	0.9262219	0.3043760
I	0.8157217	0.3673689	1.0054823	0.7781067	0.7674499	0.5673071	0.7191158	1.2852015	0.7604479	1.4920946
K	2.3006479	1.1336656	1.0279459	0.6684014	1.0370974	1.8013801	1.4030964	1.0065975	2.0620711	0.3934080
L	0.6968609	0.3815019	0.8235671	0.4563179	0.5879024	1.0749012	0.8507736	1.0984401	0.9319718	4.1372530
M	1.3360714	0.5285076	1.0478757	0.5506988	0.9954226	1.0727031	0.7207160	1.2253064	0.8127124	2.2946744
N	0.9365820	1.0474124	1.2437691	1.5300354	0.7514117	1.2653916	1.6986927	0.5721316	0.6876328	0.3061413
P	0.3224069	0.3624034	0.2983756	1.3074837	0.7979748	0.5575890	1.0573395	0.5151363	0.8328665	0.9710621
Q	0.9969088	1.1978423	1.1898778	0.8726569	1.2987377	1.2214319	1.5489928	1.2699728	1.6597430	0.3748550
R	1.1190918	0.7932512	0.6622782	0.5535633	1.0793953	1.9243227	1.1967797	1.2889443	1.1312469	0.4121641
S	1.0082050	1.1067242	0.6897776	0.8909758	1.2120941	0.8645137	1.0165728	0.5892919	0.8999964	0.3873699
T	0.6606698	0.8288698	0.6166603	0.6185982	0.6786082	1.1288364	1.0073699	0.7782011	1.5189437	0.5601011
V	0.8170509	0.5392119	0.9672346	0.5251516	1.1059365	0.6386648	0.8886371	1.6380238	1.2909686	1.2763000
W	0.5176082	0.4484923	0.5930638	0.4768568	0.5056123	0.4549478	0.4362339	0.6105928	0.4623028	0.5530546
Y	0.9097221	0.4822078	1.6342647	0.8983873	0.6444350	0.4953777	0.4900655	1.4139035	0.5633366	0.6202158
