##############
# B4201 PWM for 10-mers
#
# Copyright (2021) David Gfeller
##############
1.00000	592
A	1.6557966	0.3390197	1.1528951	1.0543729	1.2021554	0.8138053	0.8128728	0.9503875	2.0739433	0.4295878
C	0.6732615	0.3047302	0.4671667	0.5812988	0.5925826	0.5877852	0.5880929	0.5910552	0.1673606	0.1665102
D	0.1509243	0.1985498	0.3900698	1.3848569	0.7301150	0.8861938	0.6687807	0.3087119	0.3395052	0.1345832
E	0.2465419	0.1485398	0.3697675	1.5711183	0.7575730	0.6280992	0.8384101	1.4582212	1.2589266	0.0921391
F	0.4797560	0.0874143	0.7669733	0.5127825	0.7657122	0.5038128	1.0089536	0.4424032	0.6138674	3.1302556
G	0.2935939	0.1708372	0.2169541	1.0742724	1.1171169	1.1066462	1.4271402	0.2589515	0.4798519	0.0874038
H	2.0435030	0.1747213	1.1929240	0.4354124	1.0102034	2.0053223	1.0542975	2.5210842	0.5290644	0.2170864
I	0.9833459	0.1812028	0.6753204	0.3683549	0.7040443	1.0030123	1.0592261	1.1568062	0.8811952	1.0469550
K	1.4242500	0.1925437	3.9057709	0.9613784	0.9435419	1.5604624	1.1577254	0.8751707	0.8271778	0.1553217
L	0.8813450	0.1681419	0.4279471	0.5168332	0.4866541	0.8574200	0.7038351	0.6857728	0.7409890	5.6798013
M	1.8422237	0.1242223	1.3734698	0.4535191	0.5868552	0.7158202	0.5476163	0.5046306	0.5134801	2.7475361
N	0.3528862	0.1696360	1.2946176	0.8440241	0.9933673	1.0960871	0.7959257	0.8836891	0.3917798	0.0953782
P	0.2197819	15.5201853	0.9896337	3.7167018	2.8854804	1.3449850	1.7079029	1.7041048	0.7780113	0.1285877
Q	0.9612504	0.1363584	1.1081712	1.2026242	0.8838042	0.8547710	1.0173836	1.1327374	0.6161534	0.1802077
R	2.6451967	0.1451292	2.1836158	0.5036573	1.2861535	1.2221899	1.3332520	1.3326760	0.3754412	0.1382751
S	1.5812878	0.2574975	1.1606979	1.4267944	1.0979659	1.1718455	0.8355281	0.7509148	2.4455575	0.1331442
T	1.1517125	0.1787689	0.4092621	0.5607792	0.8437607	1.1191550	1.0872596	1.1412156	1.8534520	0.2448951
V	1.1979984	0.5374915	0.4689283	0.5514194	1.1502572	0.9156131	1.2424192	1.9594212	1.7682408	1.2455545
W	0.2485616	0.0578705	0.7224592	0.5843000	0.5944145	0.3600133	0.8338400	0.4775247	0.4824380	0.2885574
Y	0.7015721	0.1151437	0.9384141	0.8099554	0.7392183	0.7413998	0.6540259	0.7969578	0.4136803	0.3176176
