##############
# B4405 PWM for 10-mers
#
# Copyright (2021) David Gfeller
##############
1.00000	408
A	1.3366777	0.2667443	1.2686962	0.7116769	1.2047644	0.9107252	0.9737008	0.7839366	0.9781520	0.1611648
C	0.4977422	0.1038880	0.1835278	0.8643198	0.8848983	0.8865163	0.8892792	0.8844760	1.4612440	0.3761789
D	0.6201484	0.6605056	1.6798136	2.1348066	1.3932272	0.8595548	0.9119288	0.9999456	0.5531893	0.1034190
E	2.7573244	12.3067473	1.1650447	2.3415754	1.3171840	1.4554071	0.8255696	1.0666014	0.7610988	0.1159332
F	0.2134343	0.1347351	1.2723166	0.3065168	0.5514662	0.6272417	0.8727137	0.5677371	0.6837654	8.5055496
G	1.0810914	0.1629945	0.6974966	1.2258693	1.2101621	1.3669591	1.1983008	0.6395542	1.3003928	0.1216052
H	0.8925178	0.3900892	0.6455765	0.5878283	1.1411453	0.7262137	0.7960502	1.5828239	1.5573794	0.1943826
I	0.4149395	0.1264714	2.1860838	0.5334284	0.8628983	0.8736013	1.0059591	0.9105047	0.2888086	0.7860381
K	1.5898525	0.4666593	0.6545160	1.1226473	0.7391002	1.0360794	1.0008321	0.7759473	1.9921176	0.2167178
L	0.3426203	0.1302276	1.0318154	0.5848063	0.5667735	0.9043274	1.0313889	0.7140409	0.6720356	1.8207956
M	0.8280334	0.1815529	0.7655614	0.4492975	0.2483765	0.7191938	0.5849296	0.6494813	0.4025165	0.9730296
N	0.7259057	0.3097771	1.1540082	0.9795726	1.1713482	1.4983548	1.7887021	1.6821343	0.9146530	0.1262106
P	0.1534783	0.1640716	0.9166058	1.6443041	1.8739003	0.7159327	0.5963542	0.4072918	0.2580621	0.0710270
Q	1.9483607	0.5452384	1.0684351	1.1646535	1.4414608	1.5866882	1.2970661	2.4621892	1.8574874	0.1692239
R	1.6871834	0.2983592	0.4105369	1.1575688	0.6310155	0.7461804	1.0758883	1.6015731	1.8465487	0.2379765
S	1.2343751	0.2840533	0.7700703	0.9535746	1.4983684	1.0308948	0.8909083	1.0607579	1.3000744	0.1588332
T	1.3949533	0.2310140	0.4279037	0.9618927	0.7778621	1.0736129	1.1719776	1.2825484	1.4287199	0.1725611
V	0.4692484	0.1846977	1.0543690	0.4310395	0.7294475	0.9370988	0.9237650	1.2048024	0.5968964	0.3546024
W	0.6396152	0.1473951	0.8345459	0.3027212	0.3102075	0.4892723	0.4993356	0.3209599	0.3233826	18.9939729
Y	0.2713441	0.2505369	0.8939794	0.3789054	0.5275575	0.8485880	1.1125581	0.4865882	0.6043529	1.4086531
