##############
# B4402 PWM for 10-mers
#
# Copyright (2021) David Gfeller
##############
1.00000	1173
A	2.6393090	0.1379152	1.2604746	0.7741041	1.1156631	0.8646937	0.8350547	0.7146502	0.9383662	0.0919155
C	0.4507155	0.0462109	0.0838133	0.8635142	0.8701341	0.8745059	0.8745492	0.8643093	1.5197301	0.3088717
D	0.4368259	0.3896092	0.9995499	2.1896531	1.1954545	0.8945613	0.6530436	0.4459557	0.4712624	0.0476165
E	3.2537866	14.3267858	0.9689874	2.6364525	1.6067357	0.9651952	0.8432761	0.8549941	1.0356747	0.0931819
F	0.2032852	0.0587642	1.1745248	0.6742452	0.8195362	0.6900442	1.2994510	0.4699947	0.7794849	6.4195180
G	0.5845408	0.0833761	0.5574860	0.7895055	0.9878070	0.6868326	0.9599610	0.3208868	0.8778400	0.0541688
H	0.6588611	0.1403851	0.7042068	0.4755917	0.9247124	0.6051919	0.8376952	2.8320069	1.1678441	0.1713479
I	0.2036531	0.0944749	2.0183112	0.5419080	0.8769735	1.2090611	1.2963194	0.7151220	0.2885568	0.4593620
K	1.1625328	0.1928436	0.6043489	0.8564949	0.9185898	0.9210976	1.2886777	2.6398298	1.8261100	0.0611215
L	0.2273860	0.0579852	1.1717830	0.8264656	0.6676515	1.5362647	1.2545159	0.5169574	0.8228162	0.7666778
M	0.9543393	0.0806646	2.6843239	0.4540552	0.3656410	0.5169149	0.6077472	0.3699536	0.5814753	0.5158261
N	0.6369000	0.1372139	1.5711823	1.0965537	1.2641288	1.0087020	1.2530231	0.7306061	1.0601403	0.0614076
P	0.0710142	0.0879009	0.6367216	1.5716535	1.3631369	1.0598094	0.5967924	0.3760943	0.1071044	0.0341821
Q	2.8339134	0.3188734	1.7791160	1.5019076	1.2850464	1.5399389	1.3904833	2.4665503	1.8918457	0.1014910
R	1.0814067	0.1594892	0.2766963	0.5160842	1.1589450	1.0446259	1.0230183	2.5197284	1.4012415	0.0910469
S	1.5692349	0.1493164	0.7531722	0.8978594	1.0274211	0.9025939	0.7417908	0.8268719	1.4563090	0.0736898
T	0.8948317	0.1026188	0.5891653	0.7169592	1.0308474	1.1417916	0.9301413	0.8452075	1.4911879	0.0889059
V	0.3074397	0.0933236	0.9996111	0.4845442	0.7531667	1.0990123	1.0994609	1.1042731	0.7931076	0.1252483
W	0.1938826	0.0645477	0.6517386	0.6332072	0.2583806	0.4488219	0.3945843	0.5713191	0.5699360	19.6377949
Y	0.2470638	0.0820797	0.6598964	0.9103923	0.5850042	0.7390215	1.1088203	0.4433777	1.0339835	10.6973127
