##############
# B4403 PWM for 10-mers
#
# Copyright (2018) David Gfeller
##############
1.00000	1811	1
A	1.9781014	0.0994824	1.2918889	0.7399981	1.0819966	0.9761999	0.8970984	0.6964876	0.8993049	0.1252370
C	0.7450253	0.0370241	0.0685647	0.9674549	0.9729691	0.9780218	0.9754096	0.9686872	1.4901169	0.2814925
D	0.4301443	0.2598504	1.0069095	2.2102263	1.0761047	0.8636935	0.6865155	0.7034436	0.5333293	0.0436304
E	3.6855948	14.8405140	0.9464676	2.6791667	1.8803599	1.1647244	0.8598842	1.2122540	1.3282642	0.0725870
F	0.2126857	0.0385680	1.4432186	0.5128190	0.7759090	0.5134358	1.0198388	0.3611246	0.4792454	4.7267697
G	0.6663800	0.0988510	0.5209768	0.9304711	1.1626673	0.8454237	1.1871120	0.3974590	0.8914432	0.0845578
H	0.7307236	0.0870299	1.2288061	0.5505994	0.9614244	0.9424850	0.9444099	1.6935889	1.1998209	0.1265167
I	0.1830698	0.0556416	1.8079519	0.4201988	0.9030783	1.0581962	1.0154053	0.4948052	0.2815536	0.3479956
K	1.5969247	0.1619645	0.2952419	1.0821909	1.0484751	1.2270463	2.0461711	2.9179686	2.3054006	0.0707071
L	0.1829243	0.0504438	1.4203670	0.6637908	0.7270828	1.3387091	1.0893402	0.6865914	0.7151084	1.2113065
M	0.6235694	0.0574194	1.8914713	0.3627905	0.3496992	0.5611629	0.6227880	0.5039787	0.4324872	0.4356874
N	0.7056246	0.0944272	1.2777765	0.9501966	1.1774448	1.0445247	1.3284715	1.1121081	0.9399266	0.0669766
P	0.0406231	0.0422268	0.4501406	1.3278405	1.0290850	0.8939142	0.4850826	0.3763610	0.1128757	0.0380218
Q	2.4603850	0.2675940	0.9344253	1.4890984	1.4284805	1.3493480	1.0286862	2.5463791	2.3045974	0.0705113
R	1.6916043	0.1384283	0.2374803	1.1320935	0.8377656	1.0691914	1.1049097	2.2043440	1.8910090	0.0990275
S	1.6220427	0.1266160	0.7385304	0.9931130	0.9922320	0.8723422	0.8800970	0.7489255	1.3458301	0.0552371
T	0.9695946	0.0691954	0.5782961	0.6782500	0.9241756	1.0201480	0.8489532	0.8392312	1.3104307	0.0801382
V	0.2195848	0.0558880	1.2899837	0.4749375	0.8205301	1.0518546	0.8669706	0.8671299	0.4874073	0.0843473
W	0.1073622	0.0537213	1.5225200	0.5117624	0.2114695	0.3637292	0.7226661	0.4120652	0.6645106	22.2718181
Y	0.3394153	0.0737690	1.1805452	0.6832907	0.6547212	0.6210985	0.9366740	0.4153944	1.0592351	12.2858456
