##############
# B4428 PWM for 10-mers
#
# Copyright (2018) David Gfeller
##############
1.00000	39	2
A	2.0066314	0.6513709	1.1863290	0.8378454	1.4302662	1.0819796	1.1127161	0.9299058	1.1180775	0.4248341
C	0.9748407	0.3165870	0.5466289	1.0313023	1.0506147	1.0673173	1.0951897	1.0633504	1.3271384	0.5104768
D	1.2057686	1.4241315	1.5487580	1.0774916	1.1521579	1.3592129	1.0475359	0.6552339	0.6316926	0.2770838
E	1.7686844	6.5628241	1.3621194	1.1104205	1.6737301	1.5071091	1.0037350	1.4885536	0.9870207	0.3451499
F	0.4145111	0.3349024	1.0822558	0.5222253	0.7600990	0.4772196	1.2870801	0.5768648	0.9235233	2.0978997
G	1.3751197	0.4683996	1.4756357	1.4439177	1.0436245	1.0156006	1.6887529	0.7301920	1.9320420	0.3772537
H	0.5619848	0.7243056	0.4957818	0.5313759	1.2952286	1.2507100	0.8417853	1.6599220	1.3022373	0.7258196
I	0.6981846	0.4140075	1.0264900	0.6458686	0.8678006	1.0638644	0.8224380	1.3213031	0.4388404	0.6412778
K	0.8039363	1.0580948	0.6346886	1.8695537	0.8377494	0.9776478	0.8942109	1.1583319	1.4345286	0.5273621
L	0.6110868	0.3583092	1.1256669	0.8040874	0.7349028	0.7989726	0.9058004	0.9799876	0.5573948	0.8066383
M	0.9586678	0.5008220	2.0412059	0.6812865	0.6739242	1.0166891	0.7504359	0.8315141	0.6297409	0.7116440
N	1.1935743	0.7806120	1.1333620	0.9416656	1.1226332	1.1689960	1.1224854	1.0915440	0.9755941	0.3544360
P	0.3393525	0.3525927	0.5240170	1.2447613	1.4678029	1.0036165	0.7564604	0.5217786	0.5400112	0.1586075
Q	1.7573394	1.3620087	1.0370787	1.1103334	1.0947780	0.6997694	0.7893076	1.1161328	1.7210718	0.3905686
R	0.8718995	0.8106004	0.5530435	0.7996012	0.6118715	0.8232863	0.5786789	1.0889934	1.7827220	0.4369014
S	1.3717509	0.7685937	0.9588049	0.9022627	0.9892246	1.1209281	1.1030315	0.9128444	1.2605133	0.3766564
T	0.8764572	0.5814376	0.8008411	1.5654774	0.6437157	1.1397623	1.1337758	0.8105843	0.9679258	0.4112045
V	0.5960196	0.3928006	0.8036295	0.6560851	0.7057681	0.8760774	1.1398595	1.2607678	0.5661036	0.4966942
W	0.4487700	0.4523253	0.5106288	0.5194378	0.4936368	0.4387323	0.5099430	0.5126263	0.5004555	29.6827804
Y	0.4901644	0.4763289	0.6031988	1.1811770	0.9373678	0.5389550	0.6601425	0.9590238	0.6338244	6.0342769
