##############
# B4427 PWM for 10-mers
#
# Copyright (2018) David Gfeller
##############
1.00000	68	2
A	2.2984433	0.5830806	1.1858736	1.0367804	1.2788366	0.7784854	0.8679763	0.9993827	1.3853643	0.3810320
C	0.9650564	0.2739754	0.5031957	1.0132313	1.0346418	1.0559989	1.0659248	0.9731866	1.3932858	0.5081329
D	1.2615059	1.2967531	1.8337124	2.2444855	1.5996187	1.3842485	0.7598140	1.1597559	0.6080303	0.2419724
E	2.0208091	7.7713843	1.1715072	1.7821253	1.3048682	0.8711903	0.7803008	1.3888394	1.2205620	0.2839737
F	0.4167406	0.2864510	1.0385625	0.5907913	0.7999285	0.4917722	1.3896716	0.3984518	0.7018920	4.4696564
G	0.7692367	0.4221682	0.7520093	0.8040971	0.9456738	1.0258118	1.4450629	0.6301139	1.4042366	0.3185849
H	1.2366771	0.6570300	0.4113553	1.0023401	1.4716928	0.9328186	0.9183716	2.2407628	0.4830013	0.6561956
I	0.4630909	0.2436978	1.5742246	0.5429379	0.6027945	1.0693705	1.3883249	0.5953681	0.5418448	0.5627968
K	0.9692385	0.9605298	0.8495843	0.9745682	1.2294641	1.3160807	1.2828235	2.5252264	2.0226675	0.3155472
L	0.5988128	0.2927916	1.3156549	0.5706048	0.8082077	1.1944789	0.9897021	0.6359834	0.4620067	1.0547271
M	1.2474377	0.4263735	1.2732877	0.7797950	0.6151586	0.9718390	1.1915047	0.5895146	1.0178607	0.7301413
N	1.2714661	0.7077026	1.0293552	1.3259622	1.4113394	1.2265486	0.8538838	0.8296754	1.1144171	0.3108087
P	0.3093454	0.3179465	0.3962913	0.8585275	0.8493571	0.5466104	0.5361978	0.5702117	0.2981256	0.1442470
Q	0.6984078	1.2398631	1.1089510	1.2351249	0.9039359	1.1428122	0.6762254	1.2036055	1.3963481	0.3129990
R	0.7290587	0.7350209	0.5124659	0.8652429	0.8735181	1.0117649	1.1062041	2.1867780	1.2871545	0.3492947
S	1.3460505	0.6951771	0.7598685	1.0547520	0.8493418	0.8855020	0.9301912	0.7276031	1.6194377	0.3337473
T	1.1903392	0.5174392	0.5751301	1.1331112	0.8954386	1.1260952	0.7823387	0.6505472	1.0868660	0.3684332
V	0.6623943	0.3130125	1.2672564	0.7539826	0.8611657	1.1338247	1.0401420	0.6651442	0.7733517	0.4824464
W	0.4286097	0.4026288	0.4399850	0.4351670	0.4581815	0.4279881	1.3795481	0.4295717	0.4221763	19.7889656
Y	0.7174490	0.4221774	0.5383061	0.9405635	1.0046376	0.7121779	0.8646419	0.7743082	0.4895800	6.8099111
