##############
# B4501 PWM for 10-mers
#
# Copyright (2018) David Gfeller
##############
1.00000	268	1
A	4.7243116	0.5463744	1.9485416	0.9697019	1.8696875	1.2801711	1.2576916	1.3612850	2.5959412	7.9823948
C	0.7277215	0.1639364	0.2563279	0.6991749	0.7630291	0.7519031	0.7402089	0.7762495	0.9769032	0.5013030
D	0.4046715	0.7766015	0.9318397	2.1498062	0.7627909	0.7856015	0.7208458	0.3877160	0.3278460	0.2961485
E	3.2199294	11.0483365	2.7739602	2.6842865	1.0329538	1.1510989	0.7103708	0.9852337	1.2681433	0.2783389
F	0.1998079	0.1653476	0.2865846	0.4438025	0.9873543	0.6259063	0.7498983	0.6650724	0.2961929	0.2808454
G	0.5900719	0.2961243	0.6962022	1.1248870	1.5534316	1.2703289	1.3562446	0.4089498	0.7215295	0.4834890
H	0.4642417	0.5548204	1.3269139	0.6598973	1.2391905	1.0864641	0.8252734	2.0574378	0.4310933	0.2139580
I	0.2658549	0.1420061	0.6968876	0.3403351	0.5675572	0.5437816	0.4949391	1.2590717	0.5425501	0.3214471
K	0.5868762	0.5434417	0.8398576	1.2345813	0.8384241	1.2747802	1.4154060	0.7276055	0.9568390	0.3631857
L	0.2427865	0.1695221	0.3658228	0.3774863	0.9185806	0.9500280	0.8438267	0.8491199	0.5343103	0.3810259
M	0.8253041	0.2462761	0.9619223	0.6996646	0.5671609	0.5824775	0.9872984	1.0497009	0.5779568	0.3335703
N	0.6408012	0.4036277	1.1685324	1.0572582	0.6885103	1.0146726	1.3647004	1.0237196	0.7115341	0.2572419
P	0.1908067	0.1819001	0.1685968	1.2449696	1.7583656	0.6299542	0.4358755	0.6671970	0.3669834	1.4911131
Q	1.4686143	0.7579484	3.3094778	1.6540280	0.8679142	1.4077744	2.0780094	1.1854709	1.4000507	0.2756391
R	0.6048388	0.4187497	1.1269747	1.5574193	0.6646810	1.5423329	1.9153883	1.2395505	0.5472799	0.3648978
S	1.4968643	0.4026443	1.1051199	0.9431617	1.3019484	1.5010070	0.9814616	0.6439022	2.0691615	0.7564534
T	0.5211851	0.2981343	0.5783440	0.5047486	0.8406481	0.9440562	1.0634183	1.4372755	2.2860851	0.4356556
V	0.3954727	0.1827898	0.4114188	0.2881557	0.5540541	0.7419380	0.6055285	1.6963624	1.1425594	0.5981507
W	0.2300584	0.2309818	0.2513232	0.7921297	0.2559303	0.2595291	1.1156605	0.5507228	0.2364409	0.5082544
Y	0.2576222	0.2454527	0.6422025	0.4377385	0.6621931	0.7343520	0.8316849	0.7760220	0.3554437	0.3453668
