##############
# B4601 PWM for 10-mers
#
# Copyright (2018) David Gfeller
##############
1.00000	368	1
A	1.3003890	2.9999866	1.1255118	0.7344409	0.9362008	1.1806875	1.0571814	1.2694910	2.2948134	0.2548356
C	0.2474366	0.2974229	0.2361249	0.7634139	0.7702183	0.7951806	0.8222961	0.8196517	0.2495314	0.1876391
D	0.1593021	0.1887139	0.2111210	2.5230709	0.4965073	1.5337843	0.3846093	0.4708390	0.7988135	0.1309571
E	0.2087242	0.2125310	0.1752582	1.6005114	0.6273295	0.8776934	0.2572597	1.2275092	2.4493222	0.1817438
F	4.0385993	0.6601627	3.4300596	0.3543857	4.4766170	0.6974720	1.3346642	0.2723352	0.5917452	6.6615396
G	0.4440805	0.9081187	0.3001351	1.2266993	2.2718700	0.8783876	0.7385921	0.6770870	0.4619264	0.1843470
H	0.6456720	0.1737931	0.4224003	0.6989403	3.1024396	0.9144320	0.5438883	1.4858957	0.5863799	1.8481443
I	1.4784284	1.2942535	1.9227540	0.2969149	0.3390929	0.7638662	0.7875350	0.7383858	0.3103911	0.3357088
K	0.8488696	0.3095540	0.4784650	0.4139047	0.4342211	0.7176999	0.4954802	0.7330072	0.3433904	0.1673724
L	1.5204810	1.9706746	0.5042054	0.3650769	0.3730641	0.7892057	2.5350291	0.6902199	0.2300121	0.9310707
M	1.6057994	2.7087497	1.3622239	0.3889148	0.4475267	0.5525424	0.6793288	1.7327307	0.4320002	2.2089803
N	0.2872909	0.2234374	0.7060944	0.9635755	0.6852295	1.1831879	0.6399910	1.1429122	0.4943452	0.1757518
P	0.1394137	0.1265956	2.4783441	4.2102719	1.0486429	1.2821431	1.2413629	0.4598541	1.5524230	0.0822246
Q	0.4945557	1.5192460	0.3831004	0.8060452	0.6136535	1.2922374	0.6998796	1.2715382	1.0098100	0.1719453
R	0.5409961	0.2227452	0.5570628	0.3128362	0.6189963	0.8562678	0.6187390	0.8356416	0.3811842	0.1807961
S	0.6896545	1.5858216	0.4291339	0.9765754	0.8403923	1.3021629	0.8716313	2.0010492	2.4851469	0.1784983
T	0.5477296	0.9734041	0.3262745	0.8467891	0.5247351	1.4097576	1.2153728	1.9913192	1.4774172	0.1895638
V	1.2690174	0.9749156	1.5865886	0.5197507	0.5433175	0.8458574	0.8885908	1.1273701	0.8654453	0.3644745
W	0.3710880	0.4378673	0.5445010	0.5959164	2.6933661	1.7180222	2.8770950	0.4267576	0.4316421	0.9007656
Y	3.2961461	0.2526811	3.0195788	0.4750927	1.4363595	0.7335758	1.5519267	0.6595929	1.0088841	11.9821604
