##############
# B4901 PWM for 10-mers
#
# Copyright (2018) David Gfeller
##############
1.00000	115	2
A	1.4070763	0.4964212	0.9442135	0.7015686	1.1357300	1.5984232	0.9093440	1.0127129	0.5786364	0.6762663
C	0.8393620	0.3609303	0.6714423	0.7114144	0.7568426	0.8148732	0.8028352	0.7787425	0.4110826	0.5368890
D	0.4150879	1.0997800	1.2328628	3.2147175	1.4432303	0.4400510	0.4002148	0.7097684	0.4779486	0.2226747
E	0.5094234	9.0186879	0.6580280	3.1700309	1.6719719	0.7403011	0.4859240	1.0424625	0.8511956	0.2225070
F	0.3540358	0.2439204	2.4424036	0.5336863	1.0352063	1.2419607	1.6087129	0.3522092	0.7833466	0.8422381
G	1.5455892	0.3590790	0.7244992	0.8886234	1.3763027	1.4781953	1.6921732	0.8051411	0.7973396	0.2451067
H	0.7513163	0.5575165	0.9354902	0.6060443	0.7610799	0.5751676	0.7081990	1.1022358	1.1097040	0.2034771
I	0.5711104	0.2081550	1.6241125	0.4539757	0.5752215	0.6965346	0.9723356	0.8953864	0.6419886	4.8207635
K	2.0185042	0.8149062	0.6073255	0.9739071	1.1526946	1.0820518	1.5046653	1.3593023	1.9317750	0.2871845
L	0.4332077	0.2498421	1.2540512	0.4646461	0.8160408	1.0878394	1.0544882	0.8272276	0.6234929	1.4794859
M	0.5006032	0.3631249	1.5518944	0.4244344	0.5133932	0.9404268	1.3111075	0.7505881	0.7199365	1.1623348
N	0.6460074	0.6007200	0.8527152	0.8694087	1.9653244	1.2553805	1.1167635	1.9438855	1.1207176	0.2386846
P	0.2387779	0.2701223	0.1893530	0.9098325	0.6082532	0.3230085	0.3061312	0.4199608	0.2436658	0.1642916
Q	1.5162224	1.0515658	0.4857433	0.9654106	1.1812197	1.3364731	1.0783658	2.2359294	0.8816233	0.3600131
R	3.0617177	0.6237288	0.4707797	0.7956122	0.9912536	1.5454373	0.8855645	1.5249435	1.6507934	0.3575295
S	0.9379215	0.5908525	0.6461402	1.1723903	1.1091932	1.2540684	1.1174529	0.9188890	1.6393421	0.3162984
T	1.4473511	0.4402248	0.7619696	0.6479874	0.6581688	0.9908992	0.9719074	1.2292662	2.5568109	0.5052497
V	0.7975138	0.2671498	0.8433071	0.6141255	0.6183459	0.5852733	1.0606956	0.9682948	0.8970534	3.1514802
W	1.5188814	0.3422175	1.2114088	0.3316989	0.3657806	0.4321724	1.5756062	0.3476356	0.4437767	0.3783530
Y	0.8941748	0.3588183	3.2363021	0.5344475	0.4534653	0.9753733	0.8763393	0.4191199	1.4429713	0.4729061
