##############
# B5001 PWM for 10-mers
#
# Copyright (2018) David Gfeller
##############
1.00000	221	2
A	2.8398169	0.4570827	1.5650128	0.9024127	1.2351649	1.0753295	0.7138880	1.2864076	2.2493533	7.2661531
C	0.8338215	0.3260026	0.6163658	0.6897168	0.7183013	0.7240837	0.7443272	0.7598475	0.3535491	0.4599125
D	0.2990015	0.7956960	0.4987745	2.7826565	1.0325857	0.5729216	0.4972584	0.4604179	0.4926171	0.2615798
E	0.4950902	10.2548221	0.7464094	2.7539566	1.4521282	0.9162905	0.3806521	0.7386581	1.5320865	0.2975171
F	0.5265859	0.1822156	1.9926275	0.3123905	1.0499053	1.7048287	2.9452680	0.2843414	0.2667458	0.3510261
G	1.2906738	0.3307241	0.3882465	0.9213042	1.3604588	1.1298111	0.7017206	0.5967089	0.6467923	0.5167213
H	0.8331130	0.4140776	1.4064634	0.6447258	1.3533385	1.3431949	0.7905655	1.5458498	0.6104541	0.2431727
I	0.4238592	0.1588988	1.8524756	0.3700013	0.4185230	0.5548166	0.9641306	0.9943645	0.6557129	0.5394052
K	1.6682676	0.6551417	0.6190503	0.8441408	1.1013075	1.6267217	0.9275199	1.0448062	0.9706655	0.3444285
L	0.7060483	0.1897725	0.8228986	0.6450171	0.8133539	0.7779853	1.7406969	0.9076521	0.6378331	0.3824567
M	0.7497089	0.2775502	0.9673079	0.3468955	0.5031312	0.5250319	1.7119091	0.5709512	0.4228651	0.3807844
N	0.4367512	0.4492297	0.4332754	0.9444122	1.1520972	0.7963340	0.6554607	1.3401403	0.4619412	0.2751340
P	0.1837315	0.2575223	0.3183300	1.0107121	1.2816629	0.9436631	0.5325131	0.9515861	0.5881153	1.4030468
Q	1.0991492	1.1896613	0.4500187	1.8589546	1.2423691	1.0908781	1.0108136	1.9217903	1.9785389	0.2970721
R	2.6053706	0.4726810	0.9611162	0.8691466	1.3346141	1.7114609	1.3425330	1.1636985	0.7569337	0.3419175
S	1.0970541	0.5377241	0.5817069	1.0238693	1.1386336	1.3131380	0.8420963	1.0309212	1.9615767	0.5981907
T	0.7992508	0.3882514	0.7113993	0.8857513	0.5223639	0.9958541	1.0746665	1.7546174	1.5006319	0.6348342
V	0.5525604	0.2035378	0.9502462	0.4113481	0.6211230	0.6064478	0.6680950	1.1549172	1.2231571	0.7253319
W	0.3266868	0.2558780	0.8475203	0.2587040	0.6164958	0.6480332	2.3682534	0.2638868	0.2661951	1.6295174
Y	1.5278998	0.2692400	4.6660151	0.6797385	0.5625679	0.7169139	0.7254804	0.4278726	0.5067997	0.8199977
