##############
# B5101 PWM for 10-mers
#
# Copyright (2018) David Gfeller
##############
1.00000	192	2
A	0.3929551	2.7005323	1.0118736	1.1313367	0.8583146	1.0024579	0.7981521	0.7377905	0.7388473	0.5697508
C	1.1063964	0.3532519	0.4697897	1.0202002	1.0087031	1.0261296	1.0238302	1.0471085	1.2168408	0.4172249
D	2.4195967	0.4983241	0.7920290	0.9958793	1.0830323	0.7895594	0.7977902	0.7348375	0.5376864	0.1827771
E	0.4175507	0.3630415	0.4391243	1.3861950	1.0073878	0.5538112	0.8480451	0.5976603	0.9400840	0.1815856
F	2.1481182	0.3880787	2.5453008	0.6173750	1.3746286	0.8409614	1.5861476	0.7461202	0.9216066	1.9449914
G	0.3107908	0.5705573	0.4619087	1.0748657	1.8342035	1.8958151	1.2113885	0.8642159	0.4901686	0.3286750
H	0.7840078	0.2408860	0.7786201	0.7784966	1.0092004	0.8535408	1.0945756	1.3304315	1.4344396	0.1876574
I	1.2182288	0.3858914	0.7964025	0.6035909	0.6500232	0.7551870	1.1176053	1.0528853	1.1468881	3.9285068
K	0.3911905	0.3574675	0.3804528	0.6246015	0.7476340	1.0678882	0.8522394	0.6561850	0.9605179	0.2280998
L	2.0555935	0.4188185	1.3941024	0.6551845	0.8084242	0.8849955	1.0750754	1.2792943	1.1760001	1.5707976
M	1.5035920	0.5877314	0.7906501	0.6498862	0.6715747	0.8134203	0.7423822	0.8932329	0.9143141	1.2820079
N	0.4189734	0.2965598	0.7640959	1.5273993	1.0727630	0.6855867	1.0427265	1.2179228	0.9112868	0.2777551
P	0.2661554	7.1663397	0.7733767	2.4003242	1.6492142	2.2711785	1.6454384	1.2214866	0.3622341	0.1934108
Q	0.4336263	0.2925269	0.5319345	0.6944357	0.6636102	1.1866603	1.0355471	1.0406398	0.6023256	0.2070348
R	0.3438777	0.2779382	0.8271726	0.8097726	0.7348386	0.6944168	0.8098557	0.9421509	0.8916091	0.2841634
S	0.5537193	0.5695707	0.5885194	1.2322199	1.0989556	0.8730624	0.7424977	1.3120067	1.0869113	0.3122703
T	0.4617362	0.5069323	0.3969703	0.8062985	0.6634150	1.1221307	0.8888943	1.5507665	2.5108140	0.4522841
V	1.2706028	0.6059649	0.7299322	0.8500291	0.6926001	0.7573639	0.9637987	1.0203182	1.3713196	3.3064146
W	0.5027038	0.2095276	1.4184004	0.6630306	1.4640099	1.0228768	0.3242286	0.3137193	0.3376435	0.3657030
Y	3.5740529	0.4998320	6.7109172	0.9963109	1.5140345	0.4668693	0.6462609	0.8173533	0.9524300	0.8112858
