##############
# B5301 PWM for 10-mers
#
# Copyright (2021) David Gfeller
##############
1.00000	382
A	0.5102178	1.9911505	1.2123346	0.9626747	0.9122589	1.0644482	0.8811277	0.7997275	0.6055865	0.1870772
C	1.0615830	0.1848573	0.4920460	0.8767443	0.8893518	0.8867680	0.8841555	0.8948026	0.4839957	0.1451001
D	0.3127787	0.1954736	1.7190950	1.5200449	1.8608279	1.3793010	0.9651138	1.4173952	0.4393865	0.1456282
E	0.6030913	0.2039105	1.7767916	1.5501970	1.3811391	1.1256732	1.0907758	1.3246166	1.1123922	0.1241301
F	3.2096705	0.1319209	1.6407792	0.3340984	0.7647395	0.5439366	0.8883875	0.3976461	0.5323100	5.6415109
G	0.2286463	0.2989565	0.3722888	1.1013183	1.5810964	1.3315256	1.3575575	0.4256703	0.5823109	0.1929708
H	6.0197248	0.1690580	1.3233868	1.1366018	1.1405015	0.8208803	1.1268310	2.1112207	1.5322978	0.2302406
I	0.9476702	0.3000949	1.6950286	0.3733777	0.7171495	0.9356140	0.8098970	0.9726596	0.8417996	0.9160414
K	0.2132428	0.2343122	0.2752372	0.7519134	0.4392349	1.2015383	1.1130447	0.7059079	1.9195111	0.1315883
L	1.2691143	0.2282602	0.8107136	0.5108216	0.6521129	0.5916954	0.7381405	1.0405576	0.9118788	1.0381575
M	2.4868489	0.1883594	0.7932501	0.3874360	0.5719660	0.4974578	0.5059173	0.7807399	1.0089978	0.7234295
N	1.0040132	0.1887546	0.9057725	0.9693606	1.2859304	0.8644256	1.0826992	0.6826339	0.9684509	0.1777762
P	0.1202439	12.1561884	0.3448894	3.3501282	1.7539676	1.9875861	2.1118618	1.1284742	0.1895536	0.0695403
Q	0.5619271	0.1914758	0.7967178	1.0960583	0.6413997	0.7933982	1.0813195	1.4738223	1.0838373	0.1324978
R	0.2744866	0.2033917	0.3502551	0.6644739	0.3528443	0.7385379	0.8127826	0.6294365	1.8078121	0.1398867
S	0.8803079	0.3027283	0.9591891	1.1808181	1.0006058	1.1388834	0.8786427	0.9012828	1.0726386	0.1357078
T	1.0545049	0.3291903	0.5225091	1.0936251	0.9508201	0.9165019	1.0872942	1.3459688	2.2606564	0.1721729
V	0.8462961	0.5878579	1.2330682	0.4784765	0.9979916	1.0322717	0.8884017	1.4927867	0.9196994	0.3049491
W	0.7737772	0.0917851	1.4545303	0.3235251	0.3485992	0.3301145	0.1666626	0.3504983	0.1844525	31.1409030
Y	2.2194931	0.1650702	2.1400646	0.8064954	1.2349528	0.6826016	0.7041957	1.1803322	1.0518810	3.0797019
