##############
# B5401 PWM for 10-mers
#
# Copyright (2018) David Gfeller
##############
1.00000	177	2
A	0.4876735	1.0041125	1.1761174	0.6638909	0.8370116	1.1565234	0.8829656	0.8887099	1.9574524	5.5761221
C	2.2581294	0.4778438	0.6823459	1.2452667	1.2969144	1.2927485	1.2891756	1.3279853	1.2305813	0.6773490
D	0.3204990	0.3144623	0.3599701	1.2351148	0.8608644	0.6623486	0.4437343	0.3633119	0.4328785	0.2750040
E	0.3113411	0.3125514	0.3620780	2.5232014	0.5826838	0.6056571	0.5213099	0.6089355	1.3716948	0.3640424
F	4.0164486	0.1982589	2.4069260	1.1144718	1.1767717	1.1884700	1.6965093	1.0185591	0.5969615	1.1028666
G	0.3276031	0.5968856	0.5063214	1.1683450	1.2014317	1.4102699	1.5882431	0.6761878	0.5654012	0.5718247
H	3.1624704	0.3622468	1.7255304	0.7384171	0.7811673	1.1379514	0.7664452	1.2473342	0.2864679	0.2518317
I	0.8943097	0.4556948	1.1511926	0.4647501	1.1765504	0.8977754	1.1024660	1.8053042	1.2248554	0.7611608
K	0.3416030	0.4248436	0.5265153	0.7290473	0.7882357	0.6540920	0.8627035	0.4428513	0.6276394	0.4138825
L	1.6919929	0.3679585	1.3112132	0.8570475	1.3745750	1.2732535	1.1749954	1.0693720	0.8367279	0.8091300
M	4.0790726	0.4392240	0.9797065	0.5632202	1.2066559	1.4393516	0.6571104	1.3814714	1.1770626	0.6577553
N	0.7772713	0.3837734	1.1348046	0.9130337	0.6683953	0.5960032	0.7411287	0.8690350	0.3687490	0.2973108
P	0.1412966	9.5437272	0.5584056	1.3043342	1.5411900	2.0040836	1.6048398	1.0778679	1.1819368	0.3504574
Q	0.3754067	0.2918434	0.9731724	1.3438387	0.5678430	1.2172135	0.7273720	0.7114620	0.8683326	0.3983069
R	0.3057171	0.2834773	0.8272220	0.5399609	0.5414570	0.6226779	0.8929086	0.4474667	0.5644448	0.3784855
S	0.4835323	0.6280293	0.6907106	1.1590298	0.8017945	0.5720378	0.6547514	0.6858781	1.5625759	0.7516301
T	0.8647071	0.4464570	0.5015085	0.6368625	0.8089873	0.8589410	0.8588365	0.8300502	1.1828993	0.7133007
V	0.6008588	0.4973653	1.0983168	0.5314607	1.1228657	0.8385264	1.0991289	2.1647304	1.4445251	1.6661715
W	0.5529368	0.1692709	1.3221009	1.1630357	1.1600751	0.7247258	1.9208840	1.5359557	0.3104992	0.7256137
Y	2.3311282	0.2559255	3.2960539	1.6850314	1.5791554	0.7665361	0.8103130	1.2520388	0.7000127	0.5198176
