##############
# B5401 PWM for 10-mers, C-terminal extensions
# Model trained on 12 peptides from mono-allelic HLA peptidomics data
# Copyright (2016) David Gfeller
##############
12
A	0.9297323	0.8243589	0.6850369	0.8663540	0.5917881	1.1151276	0.7041055	1.5267008	2.7501778	0.6147145
C	1.0688190	0.8586200	0.7516766	0.9876896	0.8733708	0.9348325	0.9004140	1.2759450	1.4861440	0.9262279
D	0.3712567	0.5605307	0.5527931	1.3539338	0.4740777	0.6123132	0.4185752	0.4455081	0.4202120	0.4611321
E	0.4158827	0.5486192	0.6175570	1.4213712	0.4725370	0.9619951	0.4351853	0.4489728	0.4759212	0.7632036
F	3.4006914	0.3620745	2.8626518	0.6650388	3.0033068	0.5374544	1.0813465	0.6303140	0.7077621	4.1299127
G	0.4757677	0.5735039	0.5618566	0.5990773	0.4557647	1.9162372	1.1170033	1.2542391	0.7780916	1.1044697
H	1.4870599	0.4001655	4.8500872	0.5183729	1.7355002	0.4682243	0.5580312	0.3374797	0.3579485	0.4664333
I	1.1892404	0.5438211	0.5192932	0.8603988	1.2708797	0.7372786	1.4768416	1.4401700	1.4399296	0.9916950
K	0.4857862	0.6331654	0.6973549	0.7980040	0.8597544	0.6820778	0.5934963	0.5228878	0.5427865	0.4689686
L	1.9997833	0.4654428	0.6247145	1.5219683	1.4951325	0.9647787	0.8449764	0.9291430	1.2576191	1.8674345
M	4.7252201	0.5416417	0.7748035	1.0393178	1.1405828	1.4876227	0.8836363	0.9885051	1.1265282	1.9034939
N	0.4604038	0.5405205	0.8186144	0.7717907	1.1227017	0.5917952	0.4789197	0.4972575	0.4456268	0.4780295
P	0.2281220	6.7187033	0.2686903	0.9571492	0.2341410	2.8621782	2.1668576	1.5792781	0.3309273	0.2178896
Q	0.5174840	0.4947417	0.6826549	0.7568565	0.5284697	1.0526993	0.4775886	0.4588936	0.4862615	0.4727703
R	0.5056486	0.4718797	1.1655429	1.1431286	0.6016466	0.5625691	0.9779707	0.4474010	0.4715848	0.4597878
S	0.5646374	0.9819439	1.1974544	1.5629078	0.5434781	0.7413559	0.5596741	0.7826294	0.9127194	0.5648986
T	0.6161905	0.7228445	0.6453445	0.8434162	0.5956801	0.6667339	0.6304013	1.1790540	0.8494229	0.9342479
V	0.9803867	0.7325730	0.4912156	0.9599418	1.1091896	0.8882771	1.3807839	2.4407981	2.3172679	0.8155363
W	0.9966158	0.3102273	1.3896831	0.5536754	1.3584068	0.4953493	5.4961797	0.5097195	0.5663550	5.6305833
Y	1.3840985	0.4568099	4.3537731	0.5869365	4.0653623	0.5328082	2.6602139	0.5822891	0.6295830	1.5298075
