##############
# B5501 PWM for 10-mers
#
# Copyright (2021) David Gfeller
##############
1.00000	372
A	1.7378506	0.4508355	1.0382781	1.1946782	1.3642165	0.9213761	1.0164538	0.9386097	2.5889306	6.9249983
C	0.7034790	0.3400164	0.4981454	0.6091545	0.6254038	0.6241573	0.6265427	0.6425984	0.2398396	0.2875017
D	0.2147598	0.1999079	0.4150627	1.3057589	0.5753231	0.5377464	0.3352782	0.2884474	0.3696703	0.2221145
E	0.3162585	0.2042175	0.2633541	1.2256460	0.5129113	0.4957893	0.4426857	0.4413245	0.9668988	0.2125535
F	0.4366781	0.1250341	1.2385643	0.5422755	1.0307256	0.7656570	0.8179930	0.3525434	0.2489692	0.8782524
G	0.3080524	0.2710266	0.3222147	1.2220975	1.5671470	1.3981040	1.6977384	0.4361601	0.7224449	0.4333634
H	1.6888023	0.1692378	1.8198388	1.0757988	1.1507574	1.0647068	0.5925934	0.9785504	0.2929250	0.2675776
I	1.0655971	0.3275287	0.8370179	0.5264525	0.8690180	0.9462620	1.0075591	1.4799092	0.6511944	0.4584711
K	1.6270830	0.2695977	2.6857314	0.6009754	0.5398121	0.8866387	0.6166112	0.7099335	0.8319492	0.3059610
L	0.7394514	0.2227133	0.6347720	0.5792233	0.5918864	0.8967580	1.0380699	1.0645313	0.3880528	0.6316247
M	1.8153176	0.1789710	1.1702302	0.4872720	0.4300003	0.6157349	0.7851924	0.9834188	0.4446267	0.3889097
N	0.5491451	0.2354724	1.1503899	0.6563748	0.8609720	0.6909486	1.0365618	1.0288441	0.4740040	0.2481198
P	0.2367993	14.2208997	0.6516360	3.4003030	3.2490372	1.9186073	2.2078990	1.8796690	1.0701571	0.6458445
Q	0.8318820	0.2389243	0.7950270	1.2530561	0.6778185	1.0919256	0.9750221	0.7344420	0.7723893	0.3180028
R	2.3621341	0.2776462	2.0448279	0.6696657	0.6139566	1.1903774	1.1340204	1.1057608	0.5379989	0.4153648
S	1.5570825	0.2420761	0.9144819	1.1466504	1.2277533	1.6077188	1.0398653	1.1278547	2.8825891	0.5025847
T	1.3230303	0.2836698	0.5266549	1.0818585	0.7213972	1.3160701	1.1574102	1.5464613	1.4676275	0.5001433
V	1.1042570	0.6277334	0.8300174	0.5351963	1.0071844	0.9596776	1.2330883	2.0774720	1.6904228	1.6316827
W	0.5298350	0.0826598	0.9383441	0.8611341	0.7104395	0.5193330	0.5158263	0.8754530	0.1526113	0.3497304
Y	0.6640170	0.1606519	2.4856687	0.5682015	1.0777384	0.4494143	0.3066387	0.5833702	0.2815844	0.4542533
