##############
# B5502 PWM for 10-mers
#
# Copyright (2021) David Gfeller
##############
1.00000	345
A	1.7506546	0.5319336	1.7221266	1.2136101	1.4411279	0.8884394	0.8924500	1.3581706	2.5367403	7.6941604
C	0.7097848	0.3450277	0.5334349	0.6136322	0.6452405	0.6264088	0.6226787	0.6440086	0.2492637	0.3180039
D	0.2202658	0.2120450	0.2652637	0.8554232	0.7649643	0.4342849	0.6373301	0.5440044	0.3919210	0.2333194
E	0.2600887	0.2166035	0.2793066	1.4381068	0.5288661	0.7859708	0.5043607	0.4574441	1.0269265	0.2245335
F	0.4038085	0.1775367	1.5387185	0.5441911	0.9486879	1.0650822	1.0319154	0.6449547	0.2710741	0.4392311
G	0.3221799	0.2573684	0.3858038	1.1075780	1.3991131	0.7486336	1.5662749	0.5921069	0.6644510	0.4435184
H	2.0297901	0.2603454	1.9163337	1.4881160	0.5434002	1.4581676	0.8717606	1.2781095	0.3995415	0.1941807
I	1.0335252	0.1906363	1.0399539	0.3081639	1.1261918	1.1520950	1.3269646	2.0184578	0.7481167	0.4517355
K	1.4210804	0.2483379	0.9690850	0.8449426	0.5193598	0.7539593	0.8755256	0.5266056	0.7436252	0.2502179
L	0.8543831	0.1564895	0.9068862	0.6056650	1.0680250	1.3615355	0.9958100	0.6584502	0.3452488	0.5270065
M	2.0048429	0.1761241	1.3549615	0.3472874	0.4996600	0.7772015	1.1598436	0.8480394	0.7222019	0.4038747
N	0.5776095	0.2007094	1.3487766	0.5466258	0.8485595	0.6506089	0.8477236	0.9757939	0.5005681	0.2093298
P	0.1584346	14.4853106	0.5563742	3.0499401	2.3732069	1.7605228	2.3883133	1.9402373	0.9554415	0.2360410
Q	0.7199963	0.2506931	1.1069708	1.4452054	0.3891779	1.4057399	0.9230317	0.6011643	1.0814925	0.2809883
R	2.6508188	0.1745562	1.2382123	0.5712624	0.5210147	0.9809762	0.8923187	0.8736447	0.4906004	0.2375019
S	1.3928008	0.3206772	1.0746748	1.3075581	1.1022581	0.9837395	0.7399844	0.6827990	2.6662397	0.4884849
T	1.3543523	0.2988798	0.8034678	1.0694934	0.8826742	0.9817574	0.9355583	1.1847862	1.6627761	0.5350469
V	1.1689994	0.4958588	1.0494670	0.4917350	1.4504928	1.1659539	1.0043779	2.0449961	1.5103219	1.7540823
W	0.1815260	0.0850987	1.1868919	0.9379189	0.1815684	0.5722901	0.3652620	0.5624061	0.1680136	0.3602481
Y	0.4147699	0.1700334	1.9387692	1.1949476	0.8360937	0.9385657	0.4798019	1.0586807	0.5211491	0.3831166
