##############
# B5601 PWM for 10-mers
#
# Copyright (2018) David Gfeller
##############
1.00000	225	2
A	2.1893524	0.7495290	1.8173042	1.2852246	1.4378789	0.9913343	1.1921551	1.1484315	2.7554924	7.5784310
C	0.8648800	0.4035338	0.6197240	0.7178419	0.7541760	0.7483667	0.7575647	0.7715672	0.3826348	0.4820992
D	0.2802400	0.2816109	0.4036986	0.9587056	0.7133295	0.5369761	0.5892066	0.4145970	0.4846641	0.3145399
E	0.3020020	0.2799809	0.3097707	1.3380063	0.5702705	0.6403353	0.4820298	0.5115278	1.0598662	0.2943605
F	0.6852385	0.1542482	1.1588974	0.5293806	0.9281396	0.8820960	0.8610449	0.4634341	0.2487712	0.4072492
G	0.5566245	0.3457508	0.6491385	1.8377592	1.8165071	1.1534949	1.4804557	0.5643611	0.7408705	0.5178480
H	1.5963526	0.2094054	1.5467348	1.0187486	0.8703047	1.0932286	0.9711217	2.1309485	0.4838648	0.2246001
I	0.9467535	0.2035729	1.1030344	0.2458829	0.8718193	0.9470379	1.1510261	1.5040682	0.4690356	0.4583492
K	0.7157744	0.3314035	1.0030871	1.0708842	0.6176458	0.7967774	0.8206328	0.3224717	0.7375808	0.3829526
L	1.3640549	0.2587221	0.9863876	0.4606918	0.9702015	1.1796380	1.0390339	0.7940558	0.3632368	0.5082770
M	1.1874729	0.2371940	0.6911655	0.5581338	0.5286006	0.5736573	0.9092749	0.5707099	0.4991225	0.5348664
N	0.7493993	0.2653575	1.0914679	0.8029919	0.8170475	0.7536308	0.8820440	1.3492583	0.6841950	0.2722526
P	0.3339782	11.3786876	0.6032012	2.4299888	2.2990598	1.5843930	1.8591317	2.4878900	0.7581835	0.3777151
Q	0.6793474	0.2556552	0.8937755	1.3539036	0.6474079	1.3684447	0.8651554	0.5748741	1.0091475	0.3648168
R	1.6093589	0.2450135	1.5252260	0.7776551	0.5305900	0.9776895	0.7847447	0.5195482	0.5334855	0.2807793
S	1.7586966	0.6337140	1.1647754	1.1487980	1.1180059	1.1484841	0.9339106	0.6575822	3.0700288	0.6863862
T	1.0253406	0.3376918	0.7371533	0.8806491	0.9340206	1.1438956	1.2450504	1.3129882	1.6893826	0.4878058
V	1.1044751	0.3250509	0.8678083	0.4408565	0.8268324	0.9901891	1.0091133	1.7136802	1.2024496	1.4773217
W	0.2946906	0.1328176	2.3314374	1.9061576	1.2556695	1.5998751	0.5968706	0.9287460	0.2509121	0.2549852
Y	0.6596350	0.2145636	1.7219908	0.7170560	0.6394098	0.7610711	0.4392896	0.7576343	0.3896286	0.2982805
