##############
# B5703 PWM for 10-mers
#
# Copyright (2021) David Gfeller
##############
1.00000	1315
A	0.7377924	1.5145062	1.4438722	0.6501653	0.9525423	0.8807331	1.2042001	0.8673028	0.5372635	0.0634789
C	0.2272889	0.0988022	0.2411866	0.3403986	0.3468572	0.3537801	0.3486321	0.3516673	0.2326972	0.2178407
D	0.1201832	0.1634736	0.3998304	1.6966780	3.1151351	0.9105412	1.0742585	0.7350594	0.2922536	0.0684260
E	0.2031614	0.1713885	0.1988372	1.6945448	1.5396896	0.8938888	1.0216522	1.2838372	1.1077260	0.0911085
F	0.3382537	0.1099176	1.7531699	0.2891554	0.7383522	0.8870802	0.8304045	0.9747103	1.0250308	10.1579997
G	0.4780987	0.4103935	0.4117821	0.8313651	1.2337069	0.9382088	1.3095061	0.2907801	0.4447213	0.0693450
H	2.1447077	0.0782402	0.4235163	0.5604170	0.6361779	0.8384173	1.1320956	1.4756825	1.6911728	0.1059176
I	1.5278766	0.3338623	1.7678663	0.5489586	0.9429696	1.4245391	0.9709615	1.1612692	0.5841008	0.7696457
K	3.8865399	0.1360174	0.8118584	1.6559011	0.5497244	0.9283692	0.9230665	0.4287087	1.3767713	0.0832038
L	0.9269974	0.2841284	2.0431034	0.5569667	0.7835785	1.3019903	1.1396903	0.8797068	1.3303287	1.3468002
M	0.5826910	0.1938641	1.6002535	0.4390047	0.4798332	0.5610128	0.6334032	1.2471826	0.6434595	0.7148926
N	0.2787909	0.2260881	0.8052180	0.6869650	0.9791909	0.8301588	1.5519062	1.4695586	1.0689382	0.0829982
P	0.1104292	0.1656139	0.5339020	2.7918434	0.9471431	1.0542663	0.7518633	0.5186336	0.0835433	0.0278199
Q	1.0154356	0.1329715	0.5788333	1.3441593	0.9815289	0.9736998	1.2243215	2.5821987	1.3283475	0.1184389
R	2.5792546	0.1358453	0.5241330	1.2217263	0.2482490	0.5522249	0.8075190	0.3926223	1.1645094	0.0779219
S	0.7226885	5.5390322	0.9893957	1.1732745	1.1333125	1.0626545	0.8334961	0.7147903	1.6298329	0.0740917
T	0.9566135	6.0234153	0.6009725	0.8669629	0.7794116	1.0530278	0.7760933	1.0787978	2.5566168	0.1326653
V	1.2419181	1.0006877	1.1700572	0.5429519	1.1272970	1.7180040	0.9881013	2.1365448	0.7865975	0.1777567
W	0.1227860	0.1168216	2.1661183	0.5143698	0.3495749	0.5837203	0.5837562	1.4480490	0.5921430	23.1515477
Y	0.4242460	0.1038172	1.5618535	0.4775036	0.6261442	0.7067638	0.9144902	1.0686682	1.0935511	1.2090567
