##############
# B5701 PWM for 10-mers
#
# Copyright (2018) David Gfeller
##############
1.00000	1536	1
A	1.0450497	1.8252239	1.2810917	0.7690175	0.7431151	0.9037483	1.0429317	0.5883741	0.5869618	0.0547276
C	0.2699006	0.3005849	0.3736645	0.4369742	0.4394989	0.4458542	0.4468741	0.4395563	0.4706450	0.2507625
D	0.0960010	0.1088722	0.5526234	2.3174985	2.5584660	1.1785484	0.9312630	0.7748551	0.3004619	0.0481238
E	0.2078461	0.1004360	0.3276528	1.4471727	1.7884361	1.1718371	0.7103542	1.2953408	0.9673673	0.0624285
F	0.3068392	0.0773710	1.9419249	0.4034322	0.7165649	0.6671555	0.9354453	0.8622336	0.8408067	5.4529025
G	0.5852317	0.6333530	0.5630282	0.8250595	1.3615485	1.0661551	1.2617355	0.2072262	0.5047005	0.0624672
H	2.0983511	0.0617261	0.6017451	0.8086958	1.2352441	1.0897414	0.9268397	1.9755439	1.5431942	0.0729581
I	1.0567726	0.3287012	1.0590826	0.5116774	0.7576008	1.1068927	1.1123774	0.7964602	0.4819788	0.3083213
K	3.8654501	0.1318033	1.7413679	1.5429923	0.6968438	1.4108668	1.1059034	1.5513987	1.7288176	0.1070306
L	0.8314132	0.2712130	1.5415104	0.4417037	0.6648792	0.9217443	1.1901544	0.7276572	1.3368108	0.3696900
M	1.0396245	0.2529187	1.3350035	0.3423175	0.5824791	0.5966651	0.7051868	1.0086433	0.7325405	0.5132587
N	0.2451948	0.1266255	0.8011576	0.9501563	1.0578451	0.8415902	1.2929714	0.7862341	0.9650288	0.0587381
P	0.0517900	0.0712645	0.1679809	2.0251714	1.0618495	0.6418639	0.6000623	0.2499705	0.0908879	0.0185996
Q	1.0747434	0.2501770	0.6574053	1.3067129	0.9521962	1.1924180	1.1557401	2.0647113	1.4382250	0.0604680
R	3.0543023	0.1043616	1.6189246	1.3749211	0.6046936	0.8370919	1.0091329	2.6944036	1.5076237	0.1356664
S	0.8468997	6.1714004	1.0557274	1.3639711	1.2210160	1.1831762	1.0213661	0.6945745	1.4002880	0.0485146
T	0.7656790	5.3009208	0.4859512	0.9306030	0.6854637	1.3738147	0.8856544	0.9053323	2.0153539	0.0653351
V	1.0214769	0.9789121	0.7712790	0.3813157	0.7956127	0.9816600	1.0390325	1.2250155	0.9464125	0.0823662
W	0.1305860	0.0627060	2.4784221	0.5392009	0.9036867	0.9659036	0.7919675	1.0318925	0.7363288	53.5450411
Y	0.5305054	0.0899272	1.5400084	0.5165068	0.8067048	0.7090905	1.0754631	1.0621284	1.3416153	3.3148125
