##############
# B5801 PWM for 10-mers
#
# Copyright (2018) David Gfeller
##############
1.00000	86	2
A	0.9934112	1.7685516	0.9794361	0.6661733	0.9155844	1.0767778	0.9534228	0.6805868	0.8571522	0.3254474
C	0.5542356	0.8240701	0.6667209	0.7989249	0.7992034	0.8721644	0.8359624	0.8094275	0.8082112	0.3454540
D	0.4839160	0.4627989	0.9458966	2.2239842	3.7620305	1.4720144	1.4028263	1.3763334	0.4798284	0.2235943
E	0.6542094	0.4434694	0.3704658	2.0252618	1.7351994	1.2149958	0.9806699	1.8199131	0.6252873	0.2603301
F	0.3325618	0.4258018	2.2988968	0.4625088	0.6366991	0.9188481	0.5822207	1.2141548	0.8739131	3.0308019
G	0.4694796	0.8039164	0.4923422	0.7101557	0.8385698	0.7973532	1.6571117	0.5746668	0.8257908	0.3262365
H	0.9057442	0.3414789	0.3879964	0.4463157	0.8662540	0.8259841	0.8746264	1.1649158	2.3211337	0.4269467
I	0.5902415	0.9895148	1.8182856	0.5902214	0.7188571	1.1888526	0.7382794	0.7305459	0.7278849	0.5085075
K	4.5245934	0.5073361	0.3868297	1.1708467	0.6944999	1.0683960	1.0237908	0.6116146	1.5157762	0.2787195
L	0.4615316	0.6310391	1.5386008	0.5460399	0.6370685	1.3300861	0.9784087	0.7320664	0.7893242	0.8108867
M	0.5390149	1.0657297	1.0821051	0.4896628	0.5218691	0.9284430	0.9984660	1.2058009	1.0363217	0.5986633
N	0.7510880	0.5970253	0.7963343	1.1942045	1.2549640	1.0776032	1.7984022	2.3120895	0.7564227	0.3999153
P	0.2774848	0.2909156	0.2002092	1.9417138	0.6142215	0.2412438	0.6061297	0.3598661	0.2609207	0.1080378
Q	0.8083704	0.4667704	0.7310281	0.8913701	1.0932878	0.9085039	1.1710424	1.9756054	1.2106433	0.2750837
R	3.8080865	0.4494724	0.3700067	0.9168289	0.8504615	0.7567795	0.8944559	0.5544310	1.4459015	0.3179515
S	0.7735856	2.8531530	0.7747947	1.3553227	1.0914920	0.9748683	1.1795260	0.8479100	1.6836429	0.2897824
T	0.7211308	2.8653137	0.6296820	1.2325926	0.7332941	1.0210757	1.0266885	1.0175204	1.9293519	0.3258790
V	0.6041835	1.7040385	1.8894522	0.5407014	0.7598265	1.0005053	0.5439258	0.9345374	0.8364002	0.3843557
W	0.3950800	0.3829465	1.3424791	0.3360867	0.3571904	1.1521231	1.1384214	0.5095623	1.1717485	43.0187259
Y	0.6408696	0.4353141	2.0862306	0.3943313	0.4323545	0.7174733	0.8518908	1.5457174	0.7998217	2.9213862
