##############
# B5802 PWM for 10-mers
#
# Copyright (2021) David Gfeller
##############
1.00000	82
A	0.5749419	1.4750564	0.9139343	0.8233650	1.6732969	0.7044362	1.0347503	0.4637387	0.7086993	0.3860689
C	0.3041576	0.7246248	0.6194653	0.6162235	0.6966057	0.6590034	0.7414488	0.6283363	0.8567260	0.4689193
D	0.4626483	0.5758209	0.4453907	2.2379792	1.6161837	1.7859746	0.7288573	0.4580077	0.4518647	0.2190526
E	0.6598345	0.5468674	0.3681085	1.6409041	0.7910080	1.2325007	0.5758608	0.9956090	0.8594826	0.2358708
F	0.6925497	0.3805520	1.5516948	0.4587936	0.6876100	0.5718408	1.1280159	1.1873279	1.5300831	4.7061920
G	0.3739348	0.6017069	0.4241376	0.9659916	1.8588168	1.0483123	1.0894858	0.3365173	0.3737835	0.2343191
H	1.2477878	0.4609986	0.6658315	1.4724949	1.1632538	0.4861575	0.3995276	2.7017871	0.9757957	0.3906251
I	0.8527963	0.5492708	2.4896724	0.3792581	0.7198303	1.3976598	1.4555390	0.8029543	0.8828108	2.0726551
K	4.2926685	0.5977961	1.2049409	0.8704452	0.6061202	1.3887835	0.7360200	1.0917948	1.4064117	0.2768341
L	0.7651173	0.3995210	1.9712682	0.3176224	0.7005896	0.7252839	2.2134473	1.2678852	1.3013590	2.9200996
M	0.5980464	0.7191909	1.7080245	0.4038235	0.5024812	0.5816181	0.8864656	2.4720950	0.7181232	1.4756498
N	0.6052031	0.7796651	0.6452497	1.4783314	1.2804389	1.3121857	0.5671127	0.9487531	0.6843126	0.2589852
P	0.3161870	0.3935330	0.3909530	3.4173470	1.9168293	0.5926427	0.2570038	0.2578502	0.2952630	0.1770373
Q	1.1925606	0.5680997	0.5497661	1.2612670	0.7517006	1.3716122	0.6972309	1.6842997	0.9686400	0.2706132
R	3.0509707	0.5987077	0.5561611	0.6106968	0.5312496	0.8862088	0.9648502	2.6649714	1.4513639	0.2858586
S	0.5370263	4.6815531	0.4888411	0.7436941	1.1477898	1.1709856	0.5491768	0.6147431	1.1184538	0.2818137
T	0.8181701	2.9228938	0.5142330	0.7298928	0.6682412	0.9760930	0.9216810	0.4946649	2.0896152	0.4201801
V	0.7438179	0.5795443	1.3524327	0.6101046	0.5922250	0.8471389	1.4991115	0.7223001	1.0382985	0.9475193
W	0.3396499	0.3112071	1.0978280	0.2654487	0.3014897	1.5480158	0.4114614	1.6602813	0.4448980	4.3795514
Y	0.5123249	0.4253689	1.8439557	0.4268813	0.4488999	0.4557855	1.1402272	1.0891477	1.4361482	2.1147772
