##############
# B6701 PWM for 10-mers
#
# Copyright (2021) David Gfeller
##############
1.00000	257
A	1.4905604	0.3336560	2.1531866	0.9818627	1.3238275	1.1269156	1.1072095	1.0429854	1.9322181	0.6695997
C	0.7530568	0.3611557	0.5758486	0.6199326	0.6562416	0.6519073	0.6323459	0.6588019	0.2835778	0.2985490
D	0.2723370	0.2534591	2.5902329	1.8180977	1.7161747	1.0353751	1.0498477	0.8466511	0.5675678	0.1426188
E	0.3577914	0.2570058	1.2143075	1.8702288	0.9553107	0.8313733	1.1015405	1.5082669	1.4134953	0.1613216
F	0.4321049	0.1413079	0.6669803	0.4775211	0.4631543	0.3909506	0.4421282	0.4342001	0.2328116	1.4929389
G	0.4422581	0.2219367	0.3996389	1.5185754	1.0632264	1.5141823	1.3442340	0.3341075	0.5332445	0.2876762
H	0.7979228	0.2109511	0.5878585	0.6055465	0.5851907	1.2005620	0.6020463	1.6331207	0.7233171	0.4021179
I	0.9107313	0.2498715	1.6410241	0.3986153	0.6622428	0.9917341	0.8426871	0.8847168	0.5335345	1.1041293
K	1.1446808	0.2960980	0.3027134	0.7834792	0.4912181	0.8055170	1.4962418	0.3928564	1.0458978	0.1985900
L	1.1213843	0.1775999	0.7300759	0.4219189	0.5501566	0.6523021	0.5350779	0.6422361	0.3052178	5.4357889
M	1.9778289	0.1996890	1.2175782	0.4915308	0.9554304	0.5606950	1.0485827	0.9014165	0.5532542	3.8589205
N	0.5314583	0.2357742	0.5339064	0.8204732	1.1542923	0.7384383	0.9699546	0.9580024	0.4607729	0.1677369
P	0.1942783	14.7223949	0.1873796	2.5444966	1.7363059	1.1657914	1.6801775	0.9922663	0.6414269	0.1293061
Q	1.3821732	0.2342444	0.6944143	1.3237372	1.0171476	1.5407737	1.6351107	1.8819274	1.3903055	0.2037311
R	1.6129052	0.2055236	0.2480580	0.4982483	0.3681343	0.6408834	0.8750431	0.4900989	0.6955339	0.2009635
S	1.9666358	0.3009144	0.9777419	1.4727073	1.3980433	1.4451666	1.0849236	1.0938087	2.7978161	0.2051061
T	1.9013340	0.3518927	0.9401413	0.7861181	1.1857824	1.7966555	0.8782030	1.8522543	2.1443803	0.3958263
V	1.1501801	0.3294601	1.5907905	0.6521521	1.7033980	1.0440201	0.9761963	2.0489087	1.2667848	1.1235722
W	0.2135742	0.0943105	0.2319922	0.1816248	0.1966283	0.1996997	0.1950654	0.4612743	0.1920451	0.2665389
Y	0.3909938	0.1938394	1.2901899	0.3457323	0.6288824	0.4607492	0.4493475	0.9454417	0.2722627	0.3867458
