##############
# B7301 PWM for 10-mers
#
# Copyright (2018) David Gfeller
##############
1.00000	145	2
A	0.4554128	0.3661231	0.9346617	0.9293600	1.1761099	0.9991682	0.9872119	1.0061341	1.6174647	2.9680715
C	0.7583532	0.3573483	0.6461331	0.7392180	0.7711007	0.7597459	0.7524407	0.7806330	0.4002591	0.4321820
D	1.5498235	0.4297560	0.7983968	1.2977089	1.5908478	1.5370660	1.1861577	1.2501433	0.8167247	0.3209010
E	0.6746314	0.5000326	0.4617221	1.0289294	1.3828078	1.1839756	2.0656621	1.3338634	1.9088595	0.3413792
F	0.3842291	0.2322180	3.0618159	0.6239344	0.9820286	0.3931792	0.5476344	0.8850458	0.4541974	0.3990395
G	0.5208800	0.3094169	0.3992996	1.4966334	1.1538941	1.4874052	1.6452071	0.6706664	0.9663958	0.4473227
H	1.3802666	0.4602780	0.9611952	0.8434372	0.6584800	0.5086541	0.8371215	0.7964396	0.3572839	0.2710823
I	0.3996904	0.1993939	0.9037615	0.3802874	0.6620976	0.7888940	0.5675143	0.9827306	0.8596676	0.5670888
K	0.8990040	1.1824839	0.6197426	1.2632967	0.4521472	1.4834171	1.0421201	0.6116359	0.8109538	0.4044503
L	0.2898673	0.2864111	1.3174096	0.5733185	0.8065720	0.4819674	0.6882664	0.8248583	0.5590692	0.8399388
M	1.1097156	0.3966038	2.1460264	0.5972621	0.5029218	0.7501251	0.9176753	0.8523193	0.4792543	0.9154103
N	8.8675471	0.5277774	1.0003260	1.3689856	1.1157762	1.0825615	1.2643137	0.9171200	0.8430722	0.4116981
P	0.1987882	0.1856943	0.1644749	0.8453085	1.0620515	1.0049811	0.6137123	0.8304859	1.3548611	5.6286977
Q	0.6848031	0.7204301	0.8969031	2.5366748	1.5276099	1.5059843	1.4562794	2.0120348	0.9525613	0.4257404
R	0.7497887	12.2324859	0.6065797	1.1713930	0.3964040	1.0670851	0.8064004	0.7515427	0.5123726	0.4039564
S	1.0111752	0.4373558	0.5675496	1.4684135	1.1429897	1.5320651	1.2464920	0.7910719	1.2391322	0.5412998
T	0.5832483	0.3815541	0.5409753	0.6080422	0.8034151	0.8993860	0.9494936	1.2842124	1.7654391	0.5907098
V	0.6152478	0.2403306	1.2141145	0.6145443	1.1683212	0.8169278	0.6100159	1.3772038	1.0371144	0.7222490
W	0.2924184	0.3287585	3.8837281	1.7782880	1.3234198	0.3071067	0.3618497	0.8482843	0.3464182	0.2571434
Y	0.5007638	0.3416385	2.8891649	0.9553263	1.3781626	0.4797230	1.0686745	1.1149145	1.0573455	0.4661003
