##############
# C0102 PWM for 10-mers
#
# Copyright (2021) David Gfeller
##############
1.00000	349
A	1.3963906	1.2417919	0.7566808	1.2004508	0.8781223	1.3086011	0.8793483	0.9852462	2.8596567	0.3629008
C	0.7094408	0.4305385	0.4959642	0.6036238	0.6117647	0.6152526	0.6321772	0.6423538	0.2398009	0.2505688
D	0.2985928	0.1529759	0.5204651	2.0959871	0.7102491	1.1245587	0.2765890	0.4275978	0.6950780	0.1517396
E	0.3064241	0.1569271	0.2352931	2.7648416	1.0643334	0.8161030	0.3646923	0.6145885	2.2565207	0.1605709
F	2.3127439	0.5840463	0.2661609	0.5041083	0.8754926	0.6216746	2.0857964	0.3361825	0.4677976	0.5202076
G	0.5418849	0.8576841	0.4707977	1.2020920	2.1165246	1.2967317	1.0627661	0.5246533	0.4158588	0.1157215
H	1.4822620	0.2438728	2.2397295	0.2648760	1.5514083	0.8929931	0.7315464	0.8194049	0.7499544	0.1426550
I	0.9930513	1.8227769	0.3619929	0.2506231	0.7675972	0.5934941	0.8933417	0.6828118	0.3228987	0.9168971
K	1.0184481	0.1882408	0.2565964	0.6166403	0.8655386	1.3068244	0.4368069	0.8996714	0.3073884	0.1910955
L	0.6254816	4.5374058	0.3013397	0.4518609	0.6230988	0.5248135	1.3080671	1.0135107	0.3440334	7.4508497
M	0.7471284	0.9028584	0.2857886	0.4884733	0.4457672	0.5122280	1.1048912	1.3239108	0.2632612	1.2412748
N	0.6150749	0.2329146	0.7389355	1.0632175	0.7909532	1.1250840	0.6677060	1.1429457	0.5237969	0.1259504
P	0.2397826	0.3070900	10.2122514	1.7248330	0.9521005	2.7950361	2.0616309	0.8806863	1.1505644	0.1034108
Q	0.8303021	0.1810086	0.2759712	1.1571226	1.1597229	1.0605372	0.3737587	1.4919900	0.5848648	0.1589027
R	1.1788365	0.2119254	0.2726556	0.4099181	1.0603450	0.8839316	0.7430622	1.4770396	0.2442895	0.1640354
S	1.8409473	1.2471500	1.1124841	1.4317145	1.4648444	1.1097330	0.7834011	2.5268876	3.1739635	0.1484459
T	1.3125020	0.5179335	0.5099478	0.8736756	1.0162948	0.7920928	1.1589600	1.9242642	1.5160507	0.2394849
V	1.2153257	0.8940757	0.2690610	0.4411591	0.6330426	0.6856144	1.2219417	0.7069862	0.6911079	0.9331489
W	0.2553010	0.3796173	0.1173616	1.0951072	0.5747738	0.3506493	1.0060791	0.1722058	0.1657248	0.2083761
Y	2.3643536	0.2620595	0.4345913	0.5079327	1.4091940	0.5938954	2.7069330	0.4550779	0.4559427	0.3492411
