##############
# C0202 PWM for 10-mers
#
# Copyright (2018) David Gfeller
##############
1.00000	261	1
A	0.8610758	4.3001874	1.4290539	0.8186832	0.9312461	1.3095282	0.7247568	1.1396310	0.6920750	0.3642704
C	0.7833545	0.5411030	0.5757119	0.6925125	0.7143649	0.7335257	0.7288691	0.7437785	0.2748828	0.2510667
D	0.1854161	0.3013040	0.5241398	2.3372568	0.7545548	0.7076255	0.5517838	0.5539130	0.5269872	0.2152465
E	0.2012920	0.2801177	0.3628446	0.8981719	0.5276547	0.8960449	0.6115880	1.2696277	1.5872627	0.2638240
F	6.5860269	0.3395241	2.9158377	0.4645477	2.4020811	0.4952743	1.2374089	0.3916218	1.9766403	7.2269282
G	0.3192771	0.9004330	0.3733025	1.3889809	2.0255868	1.2610215	1.7394203	1.1073724	1.0294431	0.2338136
H	0.5224613	0.2133309	1.0411987	0.8173624	1.0773308	1.0965871	0.6180684	1.1889335	0.8645372	0.6504478
I	0.7872431	1.0816898	1.1019030	0.4184300	0.5438105	0.6993897	0.7520110	0.7316570	0.6752535	0.5415758
K	0.4586035	0.3566574	1.8189517	1.1252347	0.8683715	1.0557208	0.8339317	0.6274867	0.7684459	0.3345606
L	0.8623170	0.9760044	0.4221369	0.3440426	0.6465565	0.5249496	1.3153282	0.7202128	0.7975893	1.1193595
M	0.7712366	0.7657498	1.4456140	0.8149927	0.4586147	0.4561482	1.0484264	1.2207859	0.6118015	2.9223988
N	0.2955001	0.2904926	1.2728777	1.4252844	0.9401238	1.9454987	1.2935858	1.5184874	0.7025168	0.2041586
P	0.1635153	0.1741646	0.8712217	2.7220006	1.8332522	0.9810192	1.5965058	0.5953639	0.4414662	0.1013475
Q	0.2831544	1.3490531	0.4946247	1.0231098	0.7853601	0.8442035	1.1079938	1.3485489	0.8394444	0.2675965
R	0.8604373	0.2764612	0.9735900	0.6943585	0.7104910	1.2244809	0.6677641	0.9013836	0.7333883	0.2738681
S	0.9527310	1.4855815	0.5877578	0.9128652	1.0125736	1.5062816	1.2013576	1.6284534	1.5447091	0.2646480
T	0.4244643	1.2944651	0.6442259	0.9362435	1.2500431	1.4838537	0.8963248	1.9077796	1.3776569	0.2953894
V	0.7763872	1.5580595	0.8416484	0.5700410	0.6445199	0.9908000	0.8850212	1.0483709	1.0477768	0.7189363
W	0.9238500	0.2426726	0.9881148	1.6638591	1.1668484	0.5327328	0.5644730	0.2556396	0.6857137	1.0274292
Y	6.1280471	0.2774719	2.9809078	0.4511863	0.8526115	0.5584798	0.7766702	0.6503113	3.1053728	7.9759022
