##############
# C0304 PWM for 10-mers
#
# Copyright (2018) David Gfeller
##############
1.00000	282	1
A	0.6681647	4.5525409	1.0993413	0.5140108	0.8951214	0.8443284	0.7081726	0.9402819	1.6469558	0.5716405
C	0.4291139	0.3564736	0.2758790	0.7781111	0.8072277	0.8148180	0.8110695	0.8248976	0.4824406	0.3160941
D	0.1696060	0.2431408	1.4272673	2.0834414	1.1999494	1.2057546	1.1413959	0.6819329	0.4014653	0.1889279
E	0.2588516	0.2654680	1.2301544	2.1345277	0.9941482	1.0593072	0.8865283	0.8551605	1.3093991	0.1542531
F	7.0783195	0.3464123	1.5321179	0.8441736	0.7165781	0.6400396	1.1354113	0.7606737	1.2987318	2.6950779
G	0.2849660	0.7772832	0.2887090	1.2443956	2.3970246	1.6558370	1.7281910	0.5728226	0.4358257	0.2135329
H	1.4334057	0.2030162	0.7095260	0.8649529	1.1181934	1.3782533	1.3744246	1.6417178	0.6835091	0.1751431
I	0.9747692	0.7789508	1.7965947	0.3042601	0.4981019	0.3930158	0.7857654	0.7816916	0.6648946	0.7908798
K	0.3296755	0.3021646	0.4485485	0.5977830	0.7245372	1.0833532	1.0972380	0.8747975	0.6545792	0.2348470
L	0.9512151	0.6107392	0.9207271	0.3597704	0.5283881	0.4990864	0.9123585	1.1670371	0.7847207	5.5235950
M	1.9681773	0.4586621	1.5488621	0.3646950	0.6042927	0.5114569	0.8614796	1.1985534	0.6911099	2.9743976
N	0.3256323	0.2686885	0.9874280	0.9416094	1.4903766	1.0024492	1.4264922	1.1219522	0.6171127	0.2194004
P	0.1027678	2.5735825	0.4553375	3.3514596	1.8131264	1.3713228	1.3656957	1.1356119	0.4758085	0.1007692
Q	0.2597416	0.9236614	0.9455790	0.8772463	0.7749216	0.8670560	1.0813106	1.8563553	0.7947211	0.2460810
R	0.4123581	0.2521842	0.3125803	0.6874515	0.6793155	1.2056339	0.9027566	1.1080395	0.6440868	0.3065406
S	0.3515808	1.3862079	0.6257405	1.3105911	1.0893670	1.7214890	0.8010827	0.9995568	2.4414311	0.2406153
T	0.4321498	0.8672448	0.7612199	0.5786953	0.8873184	1.4386600	0.7507674	1.2029199	1.7550512	0.3545714
V	1.0513510	1.0552859	1.3825328	0.3954636	0.7779283	0.7473482	0.8813637	0.9390916	1.3009881	0.5830855
W	0.8620310	0.4841946	1.1730990	0.7539720	0.7881418	0.2399887	0.5160578	0.2692507	1.3700210	0.8940443
Y	5.2066448	0.2527304	2.6757364	0.5247383	1.0360357	0.7029859	0.4024813	1.0746584	1.0189398	0.6960443
