##############
# C0303 PWM for 10-mers
#
# Copyright (2018) David Gfeller
##############
1.00000	162	2
A	0.5945977	4.3211696	0.7547364	0.6730032	0.9273085	0.9940770	0.8901187	1.0419013	1.1285655	0.5002402
C	0.4852741	0.4940622	0.3672053	0.8197048	0.8479834	0.8553654	0.8348689	0.8715627	0.5364432	0.4122624
D	0.2265467	0.3252609	1.3158218	1.9495144	1.2971193	1.0834592	1.2927439	0.5890566	0.5346942	0.4167194
E	0.3058805	0.3457817	0.6801661	1.3584072	0.8322022	0.9807809	0.8431511	0.7888822	1.1874517	0.2124603
F	6.7470627	0.6900848	2.4069041	0.6524507	0.7666878	1.1223647	1.4004490	0.8623705	1.3022285	3.1664152
G	0.4695891	0.7969238	0.5114244	1.6964976	2.5257397	1.6375806	2.1663380	0.7659248	0.7820804	0.2935292
H	1.1964043	0.2791244	0.6208163	0.7328114	1.1009067	1.1199134	1.3696912	1.1311473	1.1258589	0.2282461
I	1.0745341	0.8283638	1.8924878	0.4492474	0.7597211	0.5526199	0.7140141	0.8676832	0.9671712	0.9078035
K	0.5220906	0.3993840	0.3350673	0.6215326	0.5748946	1.1006716	1.0603382	0.8729125	0.6117856	0.3098448
L	0.9768045	0.5926140	1.1135609	0.5194556	0.6491617	0.5668708	1.0082490	1.3888253	0.8972299	4.9755632
M	1.4599729	0.4802530	1.1959062	0.3808777	0.5658314	0.4301095	0.4711309	0.9915595	0.8138033	1.8667132
N	0.2819387	0.3717194	0.9652514	1.0876723	1.1332270	0.8167342	1.2141389	1.0033717	0.6737912	0.2239842
P	0.2795056	1.4579940	0.3073381	2.4027078	1.8974866	1.3403365	1.3244488	0.8996534	0.8396660	0.1324349
Q	0.4400341	0.5192823	0.7560120	0.9310727	0.6263801	0.6806190	0.6476244	1.3482438	1.0099068	0.3254430
R	0.5215104	0.4098579	0.3862844	0.6016131	0.4976695	1.0087460	0.7648534	1.3029524	0.8325764	0.2736170
S	0.4712794	1.6244071	0.6538451	1.4091247	1.1273205	1.7534309	0.7854003	1.1089199	1.5764383	0.3739999
T	0.3341792	1.3543546	0.6657305	0.8776050	0.8678585	1.1584142	0.8436699	1.0093595	1.2974256	0.4145913
V	0.8770085	0.9897085	1.5223749	0.5722014	0.8526517	0.7956373	0.5920303	0.9787017	1.2106533	0.7212060
W	1.2154716	0.7474224	1.3957443	2.0065744	0.7421874	0.7652105	0.3386576	0.3764246	2.1047049	0.9018065
Y	4.6432080	0.6236111	2.8779257	0.7375994	0.7472195	0.7930007	0.5631462	1.2960117	1.1098245	0.6311579
