##############
# C0401 PWM for 10-mers
#
# Copyright (2018) David Gfeller
##############
1.00000	232	1
A	0.8725761	0.4294600	0.3574955	0.7979602	1.4633142	1.2087683	1.1008786	0.8976261	0.7644747	0.4488415
C	0.5288151	0.2515017	0.1886739	0.6141172	0.6449458	0.6220558	0.6123224	0.6357465	0.5998078	0.3197099
D	0.4121439	0.4742935	11.1012785	2.6580714	0.5001150	1.3714391	0.7616932	0.6965760	0.6626635	0.5200109
E	0.2480738	0.2020687	1.1158995	1.4466715	0.7243690	0.6983751	1.2644925	1.3284618	1.3057086	0.2785087
F	2.8858132	7.6138409	1.0480937	0.6275489	0.5327130	0.9058021	0.6933930	0.5950875	2.2120168	6.0147646
G	0.4696198	0.3770194	0.3810471	0.8659229	1.5341312	2.0473054	1.4730515	0.8217849	0.6988397	0.2494999
H	0.9991479	0.4740818	0.3079294	0.5634066	0.9017104	0.8848218	1.0105802	1.3006640	0.8182192	0.4236385
I	1.3118876	0.3866159	0.2677963	0.7659721	0.5452237	0.7583660	0.5871739	1.0238476	0.8336388	1.0057614
K	0.8377548	0.2655957	0.3519393	0.4375101	0.8855555	1.1049398	1.0697318	0.6581036	1.0438201	0.2573709
L	1.0366320	0.7690477	0.2511480	0.9909380	0.7456682	0.8787685	0.7175264	0.9033175	1.3424503	2.9550728
M	1.0883781	0.6923478	0.5800431	1.1997409	1.4207979	0.6236741	0.7239597	1.2367347	0.9360193	2.6286803
N	0.8836011	0.3020057	0.7197477	0.7848370	1.2984395	1.3171909	1.1808210	1.3630540	0.8042744	0.2044946
P	0.1400559	0.2681127	0.4339118	1.9800408	0.9721658	0.8594289	1.2951071	0.7520168	0.2068373	0.1620311
Q	0.4042467	0.2734790	0.4947320	0.5411873	0.8222066	0.8816769	1.2710926	1.1120228	0.6851980	0.2693325
R	0.4633373	0.3432573	0.2811924	0.4656894	0.9174566	0.7457351	1.3515088	0.8574723	0.6852940	0.2797170
S	1.0336332	0.5189067	0.4355281	0.7808315	1.3618318	0.9860548	1.3324032	1.1148742	1.4616914	0.3190802
T	0.9185795	0.5195296	0.3078504	1.1137416	1.6030377	1.1704992	0.6750994	1.6981731	0.9203455	0.2915333
V	2.0743996	0.5727422	0.1874174	1.1209824	0.9413892	0.7560195	0.8392116	1.2329967	0.9052102	1.1952849
W	0.4547690	8.1728658	0.2374981	0.5730290	0.3125057	0.2846071	0.6037916	0.2937117	0.7303748	1.4366597
Y	3.1407072	6.4160258	0.8491563	0.5891677	1.5835425	0.8119933	0.9111084	1.0174768	2.4991504	0.9125110
