##############
# C0501 PWM for 10-mers
#
# Copyright (2021) David Gfeller
##############
1.00000	268
A	1.0986338	3.7214323	0.3488962	0.5704571	1.0615891	1.0157113	0.9026209	0.9086652	0.5593349	0.2600869
C	0.7138212	0.5002299	0.4467389	0.6002821	0.6304641	0.6409732	0.6292793	0.6610803	0.2257757	0.2700618
D	0.2253323	0.2318184	12.0258461	2.8885032	1.2948036	0.8407914	1.0049168	0.7041346	0.7646581	0.1861717
E	0.3150565	0.2482265	1.6982821	2.0327708	1.0944535	0.8519780	0.8847660	1.2706838	1.4708101	0.1503200
F	3.8441082	0.5676719	0.2254363	0.5325604	0.4755670	0.4322947	0.9792682	0.6291612	2.3712338	4.6669454
G	0.3414526	0.4715730	0.2735641	2.0651078	1.7700975	1.9789747	1.2949243	0.4776884	0.5121688	0.1421035
H	1.5004702	0.2219714	0.3080701	0.3934433	0.7803817	0.9950354	1.7808125	1.3625007	1.3215168	0.2045520
I	1.3804374	1.9557855	0.1772616	0.4119730	0.5260186	0.5401123	0.7912180	1.1353944	0.4600472	1.2044682
K	0.9093099	0.4424922	0.3347420	0.8351933	0.9461383	0.6380488	1.1626017	0.7229287	1.2200317	0.2179272
L	0.6964196	0.9116749	0.1430782	0.5070905	0.2833545	0.5452734	0.7687146	0.8938926	1.2939774	4.2574665
M	0.6223286	0.6407318	0.2838982	0.3698673	0.3748208	0.8082273	0.6455054	1.1026675	0.9185595	2.6029691
N	0.9731737	0.4500720	0.6357435	1.1221562	1.3776616	1.6878698	1.0053927	1.0941542	0.8167733	0.1608951
P	0.1544225	0.1952767	0.2435809	1.7947534	3.0408841	1.1904132	1.2888456	0.4555907	0.1705103	0.1153676
Q	0.3843847	0.5113637	0.3658249	0.7333073	0.5767586	1.3293583	0.9583644	1.1918203	0.9863721	0.1777885
R	0.6323936	0.2854571	0.2476748	0.5706265	0.5700742	0.8142919	1.2047571	0.4286667	1.2322322	0.1838915
S	0.8841106	1.4536718	0.4257862	0.8767479	1.2286165	2.1206363	1.0847934	0.9140227	1.1151328	0.2186651
T	0.9707152	1.4788349	0.2946016	1.0618272	1.1875374	1.0285986	1.1700537	2.3901821	1.3723278	0.3241836
V	1.7738184	1.8626808	0.2469856	0.4394659	0.7995161	0.7034909	0.8808848	1.9871613	1.1329374	1.5941594
W	0.5975205	0.6751649	0.1376848	0.1813151	0.1797968	0.6612434	0.2169775	0.6824196	0.2744387	0.5682839
Y	3.3855246	0.3806800	0.1782536	0.4130438	0.5155001	0.4465002	0.7588144	0.7518542	1.3045519	0.9969152
