##############
# C0602 PWM for 10-mers
#
# Copyright (2018) David Gfeller
##############
1.00000	107	2
A	0.9890740	0.8772486	1.1769275	0.6497774	0.8543635	1.4093939	0.7219110	0.6913070	0.6848090	0.5736436
C	0.8432207	0.3400919	0.6179763	0.5399435	0.6157879	0.6908230	0.6251579	0.5990902	0.8720420	0.4848883
D	0.3437063	0.4051048	0.5390944	3.5430551	0.6540026	0.7375308	0.7419687	0.8974973	0.5869112	0.2240276
E	0.4419404	0.6217776	0.5718208	2.4827123	0.8764469	1.0288395	0.5483399	0.9863916	0.8740641	0.2400067
F	4.1523802	0.4256632	2.4116420	0.2657916	1.4535318	0.7840537	0.8955674	0.6618025	1.5546185	3.4575354
G	0.5725154	0.6897083	0.6465089	1.5255637	2.3673481	1.0127769	0.8976367	0.6007865	0.5442912	0.3626379
H	1.3910867	0.6835119	1.1979239	0.7922847	1.1255046	0.6930158	1.2968810	1.1558499	0.9218684	0.4881663
I	1.0987748	0.4833239	0.4622092	0.4033374	0.9348825	1.3221353	1.0891776	0.8792226	1.0611754	1.6665321
K	0.7391269	1.5026390	0.9226950	0.6698538	0.9398785	0.8686011	1.0605568	1.4211503	1.1781962	0.2968925
L	0.6366886	0.7055400	0.4290223	0.3830375	0.8477230	1.1024825	0.9456591	1.0339072	1.9375520	2.7870433
M	0.8062087	0.7235822	0.8440194	0.3871618	1.2893712	0.6616938	0.6116080	0.9741411	1.6865479	1.9162792
N	0.7558258	0.5501790	1.3826007	1.1430236	1.2833922	0.6834593	1.1970340	1.5526300	0.6539908	0.2635607
P	0.2924919	0.2243022	2.5352743	1.7530091	0.8129156	1.2339572	1.4365854	0.7241465	0.2030184	0.2591001
Q	0.7225105	1.5615010	0.5447824	1.2644815	1.0052905	0.6761888	1.2718843	1.6688644	1.1246232	0.2779872
R	0.9140466	6.1698829	0.4523687	0.5850849	0.6612464	0.7408182	1.9196038	2.0832845	0.9935559	0.4041584
S	1.0158756	0.8854436	1.3844542	0.9391796	0.7233129	1.1069509	1.0176922	0.8065343	0.7391536	0.3253435
T	0.6275796	0.7287430	0.6754493	0.7289398	0.6315579	0.9508135	0.9277315	0.7464051	0.8907442	0.5203192
V	0.8728169	0.4988297	0.5700498	0.3668991	0.8790059	1.4577588	1.0272003	0.9336805	1.1100231	1.8157773
W	0.8103234	0.4644779	0.6123278	0.2982498	1.0797955	0.3639967	0.3837580	1.0021809	1.1072954	0.6283058
Y	4.2531136	1.6153043	3.1912370	0.3394090	1.3903150	0.4519627	0.6605301	0.8137750	1.4278920	1.8185160
