##############
# C0702 PWM for 10-mers
#
# Copyright (2018) David Gfeller
##############
1.00000	116	2
A	1.0619592	0.4895036	0.9659729	0.6882448	1.0479903	0.7763085	1.0121688	0.9305183	0.9523771	0.3656712
C	0.5996665	0.2920574	0.5545361	0.6393035	0.6685894	0.6659947	0.6859679	0.6595784	0.8080954	0.3735316
D	0.4753025	0.3495529	2.1749042	2.5350246	1.3102110	1.1064668	0.9255789	0.7307383	0.6724196	0.3168399
E	0.3696870	0.4766484	0.6226653	1.4646953	0.7584633	0.6689379	1.0005931	1.0960051	1.2318830	0.2552400
F	2.8929422	0.7553455	1.5171547	0.5314881	0.9964514	1.0020635	1.0333141	1.8536991	0.6719003	4.7348379
G	0.8676077	0.4297313	0.6870171	1.2281088	2.2643623	1.7874210	1.4106703	1.1301290	1.1560851	0.2521190
H	1.3305848	0.7921172	0.9876481	0.7437100	1.0798590	1.4064145	1.5631808	0.7605869	1.4032756	0.5622224
I	0.9380842	0.3281207	0.6161967	0.7738519	0.5251368	0.8032262	1.2383939	0.8469828	0.7221280	0.7264785
K	0.7841362	1.8122992	0.7694062	0.8035335	0.8690008	0.9394547	0.7501921	0.6086021	0.9349186	0.3730447
L	0.7197064	0.6321367	0.5206455	0.7281789	0.5817513	0.8546873	0.8665733	0.7401654	0.6870491	2.2230099
M	0.9348072	0.8512899	0.8331421	0.6664212	0.8253665	0.5384573	0.5834298	0.7197541	0.5567411	1.5114325
N	1.3124176	0.4955403	1.2796144	0.8920220	0.7539323	0.8383739	1.1234833	0.9059158	1.0589988	0.2807683
P	0.2959163	0.2029518	1.4366081	1.4431156	1.2564420	1.6371935	1.1512266	1.2436573	0.7007132	0.2424381
Q	0.5019591	0.7359521	0.6495886	0.9171927	1.1917359	1.0826073	0.8619265	1.4123119	0.7029614	0.2928848
R	0.6076318	5.8403669	0.8995568	0.7303259	0.8319136	0.9316428	0.5230105	1.2927187	0.6594211	0.4160739
S	1.4340124	0.7198113	0.8499450	0.9301632	1.2180552	0.9938718	0.9746709	0.9872789	1.5174290	0.3046029
T	0.8125344	0.4199587	0.7823106	0.9459360	0.8812649	1.0300689	0.7209691	1.0229987	1.7268399	0.3555530
V	0.9356878	0.3392275	0.8472084	0.7428944	0.7727272	0.7666927	1.1161253	0.6162333	1.4521774	0.6049893
W	0.7119482	0.7534482	0.5846068	1.5207716	0.4383738	0.4161848	0.9898711	2.1871443	0.4234538	1.0793070
Y	4.0755686	5.7762989	3.5606396	1.3602035	1.5728221	1.2795500	1.3023002	1.7005992	1.4117984	7.8392098
