##############
# C0701 PWM for 10-mers
#
# Copyright (2018) David Gfeller
##############
1.00000	39	2
A	0.9095737	0.8541593	1.3405472	0.9500673	1.0866837	1.0531996	0.9236843	1.0560301	0.8547933	0.4948681
C	0.6161375	0.4400709	0.6790685	0.7122839	0.7267432	0.7192497	0.7985481	0.8101211	0.8518752	0.5257644
D	0.5785766	0.5664202	0.8640515	2.2005716	1.3297000	1.1140518	0.7345002	0.4734181	1.3183324	0.5514980
E	0.7924592	1.0844017	1.0272026	1.1215565	1.4256845	1.3751126	0.6620784	0.5985733	1.2406847	0.5081136
F	1.1607493	0.4794810	1.2720106	1.0049376	0.9716844	1.1281613	1.4609397	2.6117161	1.3771661	4.5583942
G	0.5471658	0.7111656	1.5423116	1.9327927	1.7007322	1.2417343	0.5006518	0.7425411	0.7767900	0.3415024
H	0.6441718	0.6002687	1.4137778	0.5048462	1.2821992	0.5767158	2.0333486	0.8851742	1.3122232	0.5253632
I	0.7994257	0.7487201	0.6052526	0.6073509	0.5272878	0.7319879	1.6936801	0.9848453	0.7625415	0.9935166
K	1.9962771	1.3912596	0.9542262	0.7806140	1.3368004	1.4139035	0.8751413	0.6602447	1.1274393	0.5700163
L	0.5363985	0.6674347	0.7177361	0.7791372	0.7165160	0.7458420	1.0767034	0.8330717	0.6033861	2.4857687
M	0.6539184	0.9986979	0.6543485	0.6257931	0.9632905	0.9682842	0.8764647	1.1007581	1.0064280	1.5282197
N	1.1529389	0.9164667	1.3966075	0.9807526	0.7386130	1.1261061	0.8342412	0.7779152	0.9846853	0.3859098
P	0.7704728	0.2812663	0.7825314	1.6995846	0.7763670	1.4748928	1.2346906	0.9698282	0.3090392	0.1972195
Q	0.7928920	0.8823791	0.6398932	0.9991184	1.1353443	0.8963189	0.5489974	0.4911483	0.8934814	0.4038549
R	3.1055990	5.3155283	0.8229987	0.5547586	1.1228899	0.6986042	0.7664448	0.4999522	0.8745398	0.6515249
S	1.1987312	0.6822329	1.1453400	1.0692554	0.9912435	0.9646053	1.1251430	1.0551465	1.2838947	0.4074351
T	0.8158021	0.9135952	0.9639846	0.6218436	0.9383760	0.7825348	0.8187404	1.4287065	1.7888834	0.4882103
V	0.5528431	0.7637198	0.5391721	0.5971018	0.7116741	0.5573051	1.0623573	1.1177374	1.0239027	0.8819251
W	0.6734995	0.5213633	0.7325668	0.4886901	0.4945332	0.6065958	0.5733840	3.5991068	0.6189384	1.0521983
Y	2.0375386	0.8691503	2.4835808	0.8951449	0.6313940	1.6501483	1.1569892	2.0451222	1.4224853	3.0420262
