##############
# C0802 PWM for 10-mers
#
# Copyright (2021) David Gfeller
##############
1.00000	517
A	1.1128650	4.4942798	0.3029991	0.6837361	0.9931442	0.9536314	0.9314844	0.6962096	2.0344104	0.3751649
C	0.6854627	0.4064947	0.4286738	0.5794221	0.5978252	0.6030683	0.6010106	0.6129686	0.1765089	0.1856101
D	0.1774906	0.1559874	13.6783869	2.6220582	1.2611899	0.9501989	0.6406914	0.6207697	0.5717246	0.1499210
E	0.2511055	0.1924377	1.3051848	1.9253034	1.0509344	0.9219166	0.6716714	1.0670117	1.6096268	0.1261767
F	3.3269434	0.1881388	0.1044725	0.6755284	0.4609329	0.4729465	0.8314553	0.4582527	1.2275000	1.9161008
G	0.2599955	0.7962092	0.2038844	1.8877929	2.0356407	1.7692867	1.3416749	0.4609868	0.5381344	0.0941065
H	1.5881523	0.2058745	0.2582697	0.4792552	0.9575447	0.7746649	2.0744278	1.7153653	0.7836205	0.4176974
I	1.8489484	1.5558040	0.1152137	0.5779325	0.5437338	0.5950793	0.8280447	1.1531075	0.6634823	1.0938319
K	0.9850719	0.2113070	0.2150086	0.7113343	0.6908066	0.8899775	0.9163964	0.6382837	0.5464615	0.1487182
L	0.7594523	0.8213753	0.1072539	0.4762318	0.4651428	0.6961586	1.0125405	0.9694007	0.5969208	6.4932471
M	0.6003937	0.6544145	0.1197024	0.5574670	0.2550866	0.7765208	0.8061755	0.7010659	0.6162305	2.2096237
N	0.9185931	0.3630274	0.5602445	0.9988738	1.4598747	1.2011012	1.4366119	1.5786352	0.5884668	0.1411836
P	0.1026821	0.1303741	0.2175209	2.1444468	2.3936076	1.2985524	0.8150465	0.4040915	0.6780091	0.1118679
Q	0.2467688	0.7189779	0.2318212	0.7217172	0.6362039	0.9448454	1.4811037	1.4068398	0.7295877	0.1245457
R	0.5046469	0.1545494	0.1595557	0.3225694	0.5506649	0.6434097	0.8753118	0.5311838	0.4146711	0.1831652
S	1.0650846	1.6297204	0.3225785	0.9660478	1.8358940	2.1724472	1.2396564	1.4580432	2.3414378	0.1448214
T	1.0436433	1.2198208	0.2213646	1.1478108	0.7781375	1.0688726	1.1942137	2.3794806	1.7637700	0.2990063
V	2.1910626	2.0457267	0.2026406	0.4322902	0.7353527	0.8878547	1.0453568	1.7568568	1.2781122	0.8513373
W	0.7337100	0.1266723	0.0879190	0.7833179	0.1250728	0.7965546	0.1413292	0.4024656	0.2824108	0.1761261
Y	2.2375563	0.1749549	0.1133897	0.3278922	0.6448331	0.5478475	0.5786214	0.4651657	0.7464685	0.3682750
