##############
# C0801 PWM for 10-mers
#
# Copyright (2021) David Gfeller
##############
1.00000	138
A	1.0589887	5.0478477	1.0051246	0.6013945	0.9161661	0.9416195	0.8859781	0.8131558	1.9464012	1.5416474
C	0.7532541	0.6218364	0.6136170	0.6204462	0.6688330	0.6565232	0.6628694	0.6710758	0.3869504	0.4250458
D	0.3972414	0.3200760	2.1278509	2.7916516	0.8575715	1.6996339	1.3023548	1.5930620	0.6062345	0.2862561
E	0.3496168	0.3637325	0.6674546	2.3136076	0.7949372	1.3314764	1.0306701	1.4152160	1.5830992	0.2350407
F	3.4787883	0.3321375	1.1092775	0.9576298	0.5532679	1.0009287	0.8940360	0.5067581	1.0393172	1.0004737
G	0.3159131	0.5125316	0.3760639	1.1045304	2.1233166	1.1147590	1.6899102	0.7335715	0.4607574	0.2585685
H	1.2597716	0.3078544	1.8997562	0.5918838	1.3860034	1.4041459	1.8977834	1.8644345	0.7097368	0.2484393
I	1.0599058	0.9905495	1.5403680	0.3497050	0.7712355	0.6689647	0.7576266	0.9488463	0.9533748	1.2912834
K	0.9844974	0.4112584	0.4336912	0.5452310	0.7548567	1.2035006	0.9711775	0.5535769	0.5858920	0.2809097
L	1.0109782	0.5199449	1.0689061	0.4200182	0.5518860	0.5724661	0.7990488	0.9466392	0.5280582	4.9129098
M	1.1865209	0.6311648	1.5000455	0.3596954	0.5569185	0.5893322	0.6120315	0.9662209	0.6533029	1.8020733
N	0.7732213	0.3426633	0.7318823	1.1216832	1.4462579	0.6237375	1.7617241	0.8667737	0.4614003	0.2305709
P	0.2191917	2.3163383	0.6119663	2.7512246	2.9769703	1.3127632	0.9211557	1.0987974	0.7573654	0.1931172
Q	0.5798093	0.4613198	0.5735106	0.6984876	0.8043083	1.2637364	1.0382181	1.1407790	0.8524605	0.2772257
R	1.1457862	0.3940580	0.4018381	0.5254092	0.4498104	0.9800568	0.6475154	1.1475836	0.4587106	0.2732199
S	1.2000081	0.8641694	0.6346603	0.8176462	1.0566200	1.1600420	0.9938928	0.7900834	1.6913156	0.3248133
T	0.8211628	0.6820525	0.6687549	0.8708678	0.8985891	0.9708459	0.8949735	1.0316665	1.9238785	0.4175603
V	1.1775032	1.3017871	1.8726479	0.6182547	0.6406697	0.7565775	0.7719171	1.4497006	1.5180186	1.1700599
W	0.4952543	0.2416667	0.7918331	0.2744078	0.2663570	0.3043246	0.6934512	0.2885613	1.1235937	0.3320890
Y	2.8246334	0.3487254	2.2236992	0.9400178	0.8028665	1.0000534	0.5854305	0.8371752	0.8802293	0.4592817
