##############
# C1202 PWM for 10-mers
#
# Copyright (2021) David Gfeller
##############
1.00000	131
A	1.5543980	4.2589358	1.5999558	0.9961318	1.6170292	1.6466198	1.0165079	1.7585866	0.9662776	0.3788896
C	0.7622692	0.6443692	0.6026730	0.6303785	0.6831333	0.7046890	0.6882841	0.7400634	0.3545125	0.2802525
D	0.3910902	0.3181543	0.3078805	3.7533176	0.7065150	0.9696115	0.7299974	0.6139017	0.5319109	0.2199558
E	0.3575206	0.3449443	0.3379280	1.9054780	0.4306456	0.7298862	0.6618214	0.9126197	1.1709414	0.2550479
F	2.8035521	0.4130159	3.6154785	0.3040420	1.9852235	0.4715816	0.8609652	0.3974177	0.8165059	6.4594090
G	0.4018471	0.7023506	0.3361500	1.4680223	2.3944028	0.9251473	1.2802264	0.6208325	0.4367503	0.2240570
H	1.7899110	0.3018935	0.6145491	0.7752594	1.5325638	1.6121311	0.5510171	1.0837573	2.8580709	2.1708205
I	1.4258810	1.5336785	1.2781853	0.5181379	0.5210637	0.6778743	1.3337696	0.8858383	0.6819779	0.6345596
K	1.2001504	0.3909538	1.2251018	0.6928235	0.6600752	1.0497792	0.9742264	0.6103905	0.7271554	0.2778831
L	0.6900516	1.0205237	0.5729770	0.3277576	0.4866702	0.4876416	0.9471106	0.7490409	0.5030869	1.3525617
M	1.0377722	0.7593254	0.9955155	0.5035095	0.4112894	0.4450181	0.8379060	0.9843277	0.6441170	0.8039978
N	0.5792981	0.3679484	0.8347637	1.1178073	0.5470746	1.4210504	1.0174286	1.2702283	0.8140438	0.3007339
P	0.2289248	0.2919800	1.8330741	1.5709659	2.8351598	0.8747911	2.3469967	0.8734046	1.2841322	0.1651054
Q	0.5008641	0.3628280	0.4609774	0.8135134	0.4671269	0.7883987	0.9089375	1.5378358	0.6824301	0.2878874
R	1.1084840	0.3190055	0.4584636	0.5524187	0.4957336	1.3129912	0.8669992	0.4920559	0.4930430	0.3627767
S	0.6628174	1.1527790	0.5392376	0.8111262	0.7892887	1.7210798	0.9105635	1.4421387	1.7112394	0.3404565
T	0.6742990	1.3852716	0.4315545	0.8253210	0.9549584	1.4289389	0.5463541	1.9550441	2.1217456	0.3327598
V	1.5336014	1.5619499	0.9762299	0.4737723	0.5296415	0.7482295	1.1297397	1.2484328	1.4316920	0.6884876
W	0.4853697	0.2755185	2.2001611	0.2552930	1.1466137	0.7104452	0.3003576	0.2942648	0.3671913	0.9098341
Y	2.8573173	0.3784430	3.0886246	0.7575749	0.5352802	0.8513078	0.9928985	0.8362301	1.9913602	8.4535008
