##############
# C1203 PWM for 10-mers
#
# Copyright (2021) David Gfeller
##############
1.00000	173
A	1.1398176	5.1700583	0.8153251	0.5875524	0.7177032	0.9126111	0.5727195	0.6342922	0.7981532	0.7581126
C	0.7354893	0.5948521	0.5681455	0.6133764	0.6414432	0.6713923	0.6712789	0.6936136	0.3551211	0.3055936
D	0.2564847	0.3116151	0.2472563	3.2593247	0.3823329	0.9873416	0.7396502	0.5174027	0.3462868	0.4431677
E	0.2800013	0.3552747	0.2613141	1.5643838	0.4765171	0.8184006	0.6689711	0.6164433	0.6720945	0.3652526
F	4.8009496	0.6929229	5.5968756	0.7394849	1.9929851	0.4489725	0.7548396	0.7416746	1.1687242	3.1589428
G	0.5058850	0.5955191	0.5443054	1.5293797	2.5176773	0.8166013	0.7823569	0.4897650	0.2518631	0.2836670
H	1.1270908	0.3049041	0.8433886	0.7860987	0.8882781	1.0260032	1.5718385	1.1644448	0.8638719	1.1000345
I	0.9941498	0.8176681	1.1089107	0.4501034	0.9836213	1.6493791	1.7459976	2.0729361	2.5161322	0.9485318
K	0.7615100	0.3920167	0.6163989	0.4618378	0.9237503	1.3459513	0.7174740	0.8816675	0.4852947	0.2811267
L	0.7348649	0.7377083	0.5480593	0.4401856	0.8970185	0.9629750	1.4080392	1.3698534	1.5238893	2.6312350
M	1.5677876	0.8702321	0.8967870	0.4487975	0.7074554	0.4837680	1.4728109	1.3799966	0.9221894	0.9686548
N	0.5671569	0.3623241	0.5469110	1.0011057	0.8538599	0.8083951	0.7638567	0.6892985	0.3180541	0.4363086
P	0.1867793	0.2759883	0.8130156	3.0990769	1.7819125	2.0666852	2.5392047	0.2841105	0.3596126	0.6679013
Q	0.3962337	0.8604938	0.3633379	0.6610696	0.8375459	0.7320111	0.8622860	1.2792502	0.4868235	0.4487906
R	0.6995192	0.3823957	0.4099441	0.3833499	1.0414348	0.9010295	0.9841914	0.9370642	0.4187326	0.4665871
S	0.9463482	1.5990141	0.9145846	0.9227749	0.4227696	0.8527541	0.5469715	0.8229867	1.2944263	0.3393051
T	0.7009294	1.1527800	0.5635568	0.8308504	0.6098388	1.0486150	0.5211963	1.5446073	1.0894342	0.4807610
V	1.0902098	0.9166442	1.3208460	0.3079090	0.8124810	1.1081910	1.3437328	1.7009320	2.5924528	1.2848290
W	0.5460047	0.2531245	1.2399268	0.5747535	1.6471357	0.5838276	0.2513491	0.6423635	0.6697657	2.5945270
Y	4.3657897	0.3603859	4.6446253	0.9262190	1.0719900	0.7136422	0.5145661	1.3682100	1.6637237	3.6775431
