##############
# C1204 PWM for 10-mers
#
# Copyright (2018) David Gfeller
##############
1.00000	31	2
A	0.5568507	2.2166583	0.9238190	0.7655296	1.0869770	1.4256434	0.8935526	0.9580660	0.9004335	0.8055907
C	0.4903006	0.6907963	0.7275954	1.0159671	1.1013611	1.2205879	1.1809359	1.1937924	0.6361031	0.4703618
D	0.6562382	0.4060016	0.4080711	4.9763072	0.5655849	1.1605457	0.8731199	0.6813448	0.9885584	0.3234871
E	0.6003110	0.4476716	0.4258455	1.0895231	0.6852121	0.8262247	0.7040287	1.0015025	0.7994956	0.3790253
F	4.3468923	1.7612558	3.0880654	0.5456400	0.7695620	0.4563100	0.5991373	0.4764894	0.9503822	4.6726696
G	0.3894306	0.9127379	0.4657696	1.4479906	3.8778820	1.2242732	1.9326529	1.6938767	0.6709195	0.4033469
H	0.8170778	0.6534138	0.6883846	0.6216471	1.3940923	1.8579143	0.9477325	1.4309777	1.0472392	1.4368607
I	1.0856232	1.1145123	1.3810112	0.3845641	0.3811501	0.6646300	1.1006140	0.9188703	0.7610622	0.6990513
K	0.6277317	0.5193292	0.6920278	0.6706432	0.6303635	0.9078871	0.5928843	0.7168504	0.6735281	0.4238681
L	0.8684828	0.9111463	0.9040619	0.3587169	0.5184540	0.6279267	1.1134973	0.7057190	0.6888561	0.8943008
M	1.2240228	1.2128998	1.5933810	0.4602159	0.5318459	0.6712406	0.8213858	0.7508429	0.7275669	0.8379316
N	0.4689429	0.4842303	0.7546913	1.5735154	0.6869233	0.8196726	1.4810570	1.3031000	1.6784080	0.4298752
P	0.2226824	0.2982312	0.5344021	0.8704407	2.2715008	0.9105817	1.1373265	0.6025639	0.6316326	0.2165518
Q	0.4631597	0.4858742	0.4824165	0.6387112	0.7752978	0.6785313	0.7774121	1.5785369	0.6463179	0.4240763
R	0.4825815	0.4756238	0.7533527	0.7762570	0.7566180	1.1256252	0.5315035	0.6493377	0.6101566	0.4458451
S	0.6247993	1.0354316	0.8501870	0.8912228	0.8813495	1.7453489	1.0214201	1.2801078	2.3617375	0.4853571
T	0.5405187	0.6941703	0.6254911	0.6124167	0.7578058	1.6864944	1.2196540	1.8208185	2.1943006	0.4812275
V	1.0824668	1.3114358	1.1935872	0.4939791	0.4158844	0.7190797	0.9566434	1.0256276	0.8857495	0.7343339
W	1.4909664	1.0318913	1.1483680	0.5463078	0.5149665	0.4613917	0.5157701	0.4761248	0.6114607	1.8064264
Y	6.3250965	4.1304660	4.3810476	1.6567789	0.9761795	0.6000173	0.9512196	0.5832227	1.4840361	8.5176384
