##############
# C1403 PWM for 10-mers
#
# Copyright (2021) David Gfeller
##############
1.00000	414
A	1.4315713	0.2412989	0.3586965	0.5262990	0.8321954	0.7098723	0.9903106	1.1214815	2.2526253	0.3819201
C	0.1896175	0.4558683	0.1631054	0.2992164	0.3217701	0.3262308	0.3472964	0.3494563	0.2041313	0.1822714
D	0.2130156	0.1112884	0.1514635	4.5665807	0.7983766	1.1987591	0.4096027	0.4824791	0.7042720	0.1134501
E	0.2187624	0.1275046	0.1733771	2.4742750	1.0286754	1.1063538	0.3497265	0.7451820	1.8621653	0.1308035
F	3.1875555	8.5670854	2.7598128	0.5788386	1.5148540	0.7658159	1.0515339	0.3095143	0.7313876	5.1739831
G	0.3803429	0.2027251	0.2520898	1.0392953	1.7101104	0.7429607	1.1096527	0.7904340	0.3738562	0.1194900
H	1.0550811	0.4376210	0.9072176	1.0222105	1.7458578	1.5007527	0.6945405	1.3592260	0.8154044	0.9580666
I	1.0789407	0.3684082	1.9436820	0.4230124	0.7037143	1.0882908	1.4348451	0.9657969	0.5342810	0.6936067
K	0.4599726	0.1401740	0.2535049	0.3863141	0.9334619	1.3664058	0.6009485	0.6589120	0.4181474	0.2996000
L	0.6341455	0.7036198	0.6932943	0.2741415	0.6663623	0.7542823	0.6250281	1.1823832	0.4087121	2.9512132
M	0.8972857	0.7573423	1.9342252	0.3430946	0.4062121	0.5676749	0.4328260	1.1181575	0.4809894	4.2036097
N	0.8592976	0.1479777	0.3016466	1.4954343	0.8565710	0.8191976	0.7020762	1.2922505	0.6710888	0.1856255
P	0.1236601	0.0851671	4.3567573	1.6123290	1.4179033	1.9585459	2.6201178	0.9171113	1.1096930	0.0914574
Q	0.5742918	0.1424440	1.1440120	0.7892589	0.8421771	0.9499976	0.7210333	1.7235187	1.1166939	0.1582279
R	0.9734894	0.1764438	0.2709884	0.2813266	0.8335315	1.1235334	1.2183442	1.0478679	0.2213928	0.2244994
S	1.6626057	0.2037234	0.2698580	0.6631437	0.7724459	0.9122947	0.8911292	1.7589859	2.5880914	0.1798135
T	0.7051784	0.2066626	0.3182835	1.2960115	0.9223223	1.1727176	1.8299551	1.4776169	1.5646265	0.1995323
V	1.2481793	0.2643537	0.6486563	0.4069270	0.7305424	1.0236667	1.5225901	0.9955977	0.9567033	0.6850004
W	0.4667137	2.3140370	0.2995396	0.3041102	1.5205894	0.3256855	0.3283294	0.1556364	0.1718959	1.0046955
Y	5.2732295	12.4740955	6.0315558	0.6367654	2.4390954	0.9288374	0.9309450	0.4744449	1.2617358	5.4379592
