##############
# C1402 PWM for 10-mers
#
# Copyright (2021) David Gfeller
##############
1.00000	516
A	1.1381223	0.1867115	0.3912642	0.5329111	0.8923762	0.8705034	0.9360820	1.1277689	2.0669547	0.3233449
C	0.1570485	0.4440932	0.1398606	0.2853546	0.3064845	0.3096051	0.3239887	0.3256712	0.1740993	0.1532541
D	0.1461507	0.1268742	0.3222049	4.0060090	0.6086211	1.2372250	0.4725368	0.4442969	0.7331165	0.0992877
E	0.1828762	0.1109156	0.1858486	2.2716443	0.8614806	0.8030895	0.4228986	0.8281081	1.8114441	0.1369923
F	3.5974730	9.1412734	2.3293641	0.4825411	1.1315331	0.7456611	0.7951882	0.3389881	0.6505163	6.1677904
G	0.2402755	0.2186545	0.3362229	1.2582348	1.9455196	1.1583710	1.2204394	0.7994689	0.4503542	0.1259104
H	1.3641300	0.4223412	1.4589457	1.0915022	1.7424528	1.4259889	0.5817120	1.4342878	0.9726924	1.1060365
I	1.1788093	0.3125117	1.8351160	0.3855797	0.6886419	0.8598229	1.4129625	0.8077179	0.4517372	0.5819736
K	0.5381587	0.1455440	0.2524674	0.5563695	0.9373574	1.0724614	0.6076897	0.7293591	0.4005147	0.2276733
L	0.6587800	0.5929756	0.7159922	0.2652119	0.5714282	0.7398572	0.6232358	1.0493632	0.5081077	2.9493335
M	0.7077333	0.4556833	1.4426028	0.2944891	0.5894872	0.4746072	0.5544156	0.9378400	0.5973853	2.8793448
N	0.8255407	0.1294031	0.5214457	1.6068515	0.9386036	0.9079442	1.0585837	1.5532397	0.6714744	0.1968298
P	0.1336224	0.0727750	4.6870766	1.6840418	1.4558804	2.1935887	2.3455746	0.7604160	0.9350651	0.0779024
Q	0.4859302	0.1598673	1.2848142	0.9378648	0.8264038	0.9090032	0.6510735	1.6097993	0.9680751	0.1703108
R	1.1029298	0.1792627	0.3789301	0.3883507	0.8689873	1.1015806	1.1607539	0.8525157	0.1891515	0.1883520
S	1.4653546	0.2440461	0.2870079	0.8163701	1.0561925	1.1032231	0.9634584	1.7938818	2.7518591	0.2006506
T	0.5321558	0.2344906	0.3909193	1.1258770	1.2133468	1.1934614	1.8255743	1.8750160	1.7302454	0.2550438
V	1.3777355	0.2899735	0.6979129	0.4576282	0.6614542	0.9455754	1.6191239	0.9689193	0.9106204	0.6643913
W	0.5397985	3.1105629	0.2190892	0.5198129	0.7070817	0.2675255	0.4025405	0.2704880	0.1504743	0.4491044
Y	5.7576706	11.9820604	4.5480054	0.4841677	2.2713057	0.6693014	0.7171626	0.6138193	1.4115436	5.7039839
