##############
# C1502 PWM for 10-mers
#
# Copyright (2018) David Gfeller
##############
1.00000	72	2
A	0.8082313	1.2958038	1.0730873	1.1016711	0.9596636	1.4718707	0.7480834	0.8494454	0.5693877	0.5205881
C	0.3921518	0.6182724	1.0559580	0.4304043	0.4682515	0.4886163	0.4877578	0.5075238	1.5702253	0.5847318
D	0.7351636	0.5996911	1.0043504	2.1455847	0.8554874	0.9007944	0.5597143	0.7828857	0.7019417	0.2385622
E	0.6713245	0.5230714	0.5433986	1.3998249	0.5687353	0.7985722	0.6091862	1.0690779	0.9081336	0.2609843
F	1.2833444	0.4132272	1.6168234	0.7839958	2.0229216	1.1177467	1.7152269	0.9130245	1.5797605	2.3165894
G	0.8536421	0.9163992	0.5993149	1.3376906	1.8248589	1.7468138	1.6370497	0.9864693	0.7688871	0.2767454
H	1.2843503	0.4269086	0.6787890	1.1967382	1.3790369	1.1335474	1.1029926	0.8955289	0.6217970	0.5277985
I	0.7011624	0.7462215	1.7231748	0.7620510	1.2271737	0.9609609	1.2737871	0.9365684	1.6807625	1.5941956
K	2.4787925	0.5865757	0.7794040	0.9825300	0.7893493	0.7562937	0.5001005	0.9219873	0.7724809	0.3207085
L	0.6195433	0.6221673	1.0617170	0.9097276	0.7136583	0.9331072	1.4828667	1.9365471	1.5747896	3.3405384
M	0.6087608	0.6340900	1.8712078	0.5966389	0.6630377	0.6610010	1.4827999	1.3294785	0.8932162	2.1697194
N	0.6056616	1.6331438	1.4003258	1.2761268	0.5472189	0.7024846	0.7908179	1.1306585	0.7537519	0.2775072
P	0.2566405	0.3129166	0.3737245	1.1092140	1.0788583	1.3941046	0.9242803	0.5277787	0.3568833	0.1766196
Q	0.6891791	0.6778678	0.6007953	0.8699509	1.0125270	1.0658417	0.8636376	0.8081510	1.0032865	0.3117208
R	3.0157275	0.5218478	0.6033743	0.5480767	0.4767970	0.7612566	0.8345921	0.5243131	0.6016233	0.3417663
S	0.8430945	3.5727938	1.0932945	1.1689922	1.1744554	0.8992030	0.7141658	0.8501279	0.6776872	0.3427699
T	0.7392109	2.4682568	0.9054426	0.6726537	0.6618398	0.8786213	1.0598942	1.2154313	1.0606858	0.5121196
V	0.6883238	1.1674559	1.0466754	0.4853862	1.0308093	0.8675514	1.0382814	1.1705067	1.4761931	2.2345446
W	0.6516627	0.3910978	1.3938735	0.4394841	2.2309806	1.2915100	1.3449998	0.4705635	1.3412923	0.5918560
Y	2.6441451	0.4468742	1.5380718	0.9545846	1.1950057	0.5811777	0.6819008	0.7776212	1.0831566	0.9969054
