##############
# C1601 PWM for 10-mers
#
# Copyright (2018) David Gfeller
##############
1.00000	221	1
A	0.7432030	4.5782733	1.9386032	0.6684872	1.1628217	0.7247387	0.9408734	0.5648825	0.9877520	0.7839685
C	0.8072221	0.5581001	0.6566775	0.7010506	0.7280802	0.7100178	0.7247126	0.7127238	0.3327749	0.3064123
D	0.3543232	0.2925944	0.4236771	3.1553099	1.0403902	1.3973339	1.1099637	0.6527432	0.5844770	0.1807944
E	0.3456275	0.3102444	0.5069361	1.4448187	0.9163833	1.3619861	0.9883369	0.6621843	1.4616214	0.3002908
F	4.4735126	0.6141753	1.5524393	1.0275917	0.9091621	0.6400709	0.8986698	0.6175886	1.4927047	3.8632447
G	0.3097906	0.8322778	0.6215997	1.1434511	2.4204269	1.2432109	1.4410406	0.8103169	0.4128959	0.2157940
H	1.1829166	0.2417098	0.5179123	0.5117247	0.6787217	1.0485513	1.2395115	1.0361849	0.8142187	0.8046239
I	0.7477390	0.6344610	1.1494622	0.3898000	0.7944535	0.5224591	0.7857309	0.6943218	1.0551053	0.6056670
K	0.5396008	0.4984569	0.6110198	0.5334360	0.9326137	1.3909561	0.8829138	0.8751047	0.4255201	0.3882294
L	0.7817900	0.4796416	0.5857752	0.4156177	0.5495679	0.4600213	1.0426133	0.9935011	0.7739722	2.2979035
M	2.2368790	0.5086705	1.0493927	0.6760909	0.5961667	0.4692756	0.7751792	0.9046635	1.0570543	2.8520731
N	0.6327003	0.5347474	0.8441500	1.4201194	0.7785574	1.1117876	1.0661020	0.7029061	0.6376184	0.2226145
P	0.1362478	2.0091820	0.2299561	2.0619653	2.1573409	1.4531048	1.1624743	1.3734960	0.8402448	0.1216491
Q	0.5590263	0.7340978	1.2556116	1.1430421	0.4709012	0.8984239	0.7840962	1.0864589	1.4178206	0.3151604
R	0.8771299	0.3023538	0.8117507	0.5082357	0.8499234	1.4001712	1.5887341	3.6069038	0.6276940	0.3177235
S	0.8650534	1.5505557	1.8260712	1.1940902	0.6807050	1.3290465	0.8014980	0.5943966	1.6865519	0.2646173
T	0.9079703	1.1279966	1.5365900	0.9974814	1.0765985	1.1600361	0.9786040	1.0226812	1.5143783	0.3960001
V	1.2691865	0.8825710	1.1697390	0.5954267	0.7614802	0.6535318	0.6717135	1.0688840	1.5526507	0.7296818
W	0.5870542	0.2483419	0.3806473	0.2597879	1.2647443	0.6266227	0.3141516	0.3170814	0.3296227	1.3704689
Y	4.6671255	0.3030685	2.1525585	0.6172744	0.6281685	1.2332090	1.2605026	1.4437921	1.1140219	7.2501930
