##############
# C1701 PWM for 10-mers
#
# Copyright (2018) David Gfeller
##############
1.00000	48	2
A	1.3847998	2.3422005	1.5102774	0.9812851	1.1028877	1.4494247	1.1534029	0.8820867	0.5756475	0.6284003
C	0.9473807	0.8163854	0.8063957	0.7991586	0.8424589	0.8757162	0.8714356	0.8498677	0.5332525	0.5816467
D	0.5782691	0.4536421	1.3874224	1.4946519	0.7661007	0.9532338	1.1174716	0.8765105	0.8426735	0.2862588
E	0.4064174	0.5059995	0.5050052	0.9777809	1.2051418	1.1301015	0.7386737	0.7656631	0.7636548	0.3160980
F	3.6890527	0.5997541	1.6776123	1.1847451	0.9522882	0.6856071	0.7051092	1.2775520	1.2128809	3.1359550
G	1.0650458	1.2129072	0.9151980	1.8542114	1.6489034	1.3169130	1.1351900	1.6234380	0.4068073	0.5306135
H	0.5006530	0.4246478	0.4925314	1.1272969	0.8002303	0.4666314	1.4372093	0.4639049	0.7990703	0.3550210
I	1.0143008	0.9119249	1.1764283	0.6849348	0.8916976	0.7426417	0.7181126	0.9727854	1.4084592	1.2010282
K	0.6104876	0.5646226	0.6275803	0.8648604	0.6589965	1.0930965	1.1708881	0.7354253	0.7230364	0.5487768
L	1.0201757	1.1165405	1.3170365	0.7892206	1.0007385	1.0849041	0.9046856	1.2302553	1.8945662	3.5420998
M	0.8381570	0.8531133	0.8677122	1.1819144	0.7323859	0.7595721	0.9891858	0.7994698	1.8636399	1.9475025
N	0.6709814	0.5438274	0.7571013	0.6617124	0.7974990	0.8195992	0.8867934	0.7788555	0.9191191	0.3433285
P	0.2398169	0.3064160	0.2644842	1.4426588	1.4499483	0.8810911	0.8803238	1.0416252	0.2358327	0.1967074
Q	0.4257460	1.0334631	0.6423632	0.9290249	1.2978425	1.3444859	0.9682088	0.8834532	1.0756109	0.3788236
R	0.7984248	0.5063965	0.4761974	0.7321441	0.9017727	1.1667718	0.9945290	1.0511491	1.0806500	0.7860947
S	0.9130302	1.5565046	0.9818832	0.9808243	0.8032060	0.9523672	1.3862116	0.9606461	0.6543401	0.5096600
T	0.5932651	1.0352538	0.8968163	0.7123256	1.1388630	1.0456665	1.2205704	1.0099157	0.9976723	0.5112215
V	1.3312212	1.8475493	1.1136271	0.5140606	0.7946280	0.9706560	0.9415064	0.9159257	1.1863826	0.8817236
W	0.8597255	0.5189263	1.8848728	2.8747036	0.4973536	0.4489593	1.6366566	1.7427330	2.9899730	0.7082947
Y	2.5296081	1.1229214	2.2080635	0.9669753	0.8704038	0.5171927	0.6098697	1.2282432	1.3143251	0.9716662
