##############
# G0103 PWM for 10-mers
# Model trained on 9-mer peptides adding one non-specific position after P6.
# Copyright (2021) David Gfeller
##############
1.00000	587
A	0.6895667	0.5019236	0.7812134	1.2365764	0.7675201	1.1631884	1.0000000	0.7393428	0.5602485	0.1705530
C	0.6430908	0.3475197	0.4828332	0.5800465	0.5803094	0.5874491	1.0000000	0.6194177	0.1314086	0.1725300
D	0.1743523	0.1276322	0.1353204	1.7982547	1.2289125	0.2254138	1.0000000	0.1465549	0.7595727	0.0742641
E	0.3186409	0.1604630	0.1564196	1.3555444	1.7867346	0.2226096	1.0000000	0.1680732	1.9215741	0.0851047
F	0.1270273	1.6157964	0.1717209	0.3757057	0.7118254	0.9336253	1.0000000	1.0831622	0.5218768	0.9467581
G	0.2317384	0.5314717	0.1477238	0.8386215	0.9629029	0.7350745	1.0000000	0.1968645	0.3018221	0.0779525
H	1.1327846	0.9467024	0.3284762	1.1315752	2.2231380	1.6222756	1.0000000	0.7094375	1.2559832	0.1002130
I	0.3568795	3.0940294	2.4122169	0.4184936	0.5875634	0.3567882	1.0000000	2.8060463	0.8204614	0.6971659
K	5.1144958	0.4281922	0.1552817	2.2045816	1.8220111	3.5211072	1.0000000	0.2083691	1.8888020	0.1069979
L	0.3269007	1.6351004	0.2966189	0.4777328	0.3584567	0.3279197	1.0000000	1.6766137	0.9916432	8.1682898
M	0.6402590	1.7231213	0.1977979	0.3499581	0.6399889	0.2428558	1.0000000	1.0460142	1.0309418	1.6463873
N	0.3858305	0.6369803	0.4219088	1.0576840	1.3570400	0.9917822	1.0000000	0.7072065	0.8211175	0.0856863
P	0.1454936	0.1189263	9.9126066	2.0432494	0.7122474	1.6140709	1.0000000	1.8236155	0.1358033	0.0700337
Q	0.7962457	1.2978121	0.1311447	1.2301188	1.3178699	0.6845272	1.0000000	0.6539227	1.6430918	0.1083191
R	4.1293154	0.4996809	0.1164905	0.6451194	0.7743946	1.5492773	1.0000000	0.2012195	1.6548750	0.1127204
S	1.3447520	1.0411014	0.3601433	0.8862008	1.1773766	1.0631148	1.0000000	0.5345687	0.7049283	0.0993831
T	0.7705860	1.2372521	0.5040814	0.9714260	1.0053189	1.2916768	1.0000000	0.9987720	1.3694445	0.1633608
V	0.9369275	1.6872718	1.6209642	0.6004136	0.6895009	0.6098317	1.0000000	2.9859625	1.4741654	0.5138226
W	0.1149611	0.2821188	0.0806877	0.1133212	0.4947953	0.6284061	1.0000000	0.3757297	0.2545327	0.1517652
Y	0.2107759	1.6865409	0.1854954	0.5830440	1.2346018	1.6416990	1.0000000	0.9074879	0.9461283	0.2102377
