##############
# G0101 PWM for 10-mers
#
# Copyright (2018) David Gfeller
##############
1.00000	318	1
A	0.8192587	0.3800825	0.9709189	0.8990927	0.6714388	1.0358412	1.6831031	0.9234631	0.7490711	0.2759973
C	0.7501269	0.4237252	0.5563666	0.6949137	0.7150609	0.7047768	0.7052744	0.7583611	0.2661232	0.3041026
D	0.2678248	0.1700334	0.4137821	1.0167200	0.9166392	0.8910485	0.4270909	0.4131019	0.6104434	0.1206312
E	0.4345920	0.1808902	0.3100489	1.3258079	0.8960216	0.7824293	0.5466262	0.4429685	1.3416509	0.1702389
F	0.4650941	2.7820332	1.1848572	0.4270973	0.8374738	0.5537987	0.9431848	0.9351634	1.0968592	1.0134186
G	0.6622257	0.5887169	0.6865863	1.9419288	0.9003036	1.2963912	1.4720055	0.4396564	0.3381096	0.1384675
H	0.8115369	0.6810248	0.7496722	0.7839636	0.7638284	1.1737282	0.7024375	0.1745194	0.7869119	0.1405771
I	0.3635896	1.6191622	1.0808776	0.6672781	1.2833312	0.6195128	0.5840797	1.9269757	1.1780106	0.9770025
K	3.6760858	0.3034133	0.7233864	1.3157892	0.9376901	1.3599182	1.3478783	0.2988097	0.8592303	0.2509586
L	0.4619427	2.6706445	0.7633126	0.6034485	2.0827316	0.8511789	0.5231702	2.2739321	1.9430418	7.2096726
M	0.7577090	2.2828390	0.5927789	0.4752256	0.5342725	0.7867766	0.3875101	0.8840364	1.1134768	1.3582211
N	0.5556885	0.2616315	0.6220944	0.8487767	0.8386072	0.5088792	0.6971965	0.5702655	0.4239991	0.1369492
P	0.3109255	0.6418281	5.2597938	2.1445761	1.3940572	2.4879901	2.8503491	1.2249855	0.1678945	0.1335744
Q	0.5648933	0.5336204	0.5660459	0.8516272	1.1328436	0.9500958	0.7677377	0.6428789	1.0597514	0.1686108
R	4.7404127	0.8001461	0.6479378	0.7041329	0.4466034	1.1120362	1.0993364	0.3432742	1.0054642	0.3272906
S	1.6807459	1.0840786	1.2234397	1.5397348	0.7729779	0.7898079	0.7943250	0.4711063	1.1463099	0.1676913
T	0.8786768	0.6042926	0.5408971	0.8323025	0.5286724	1.1051649	0.6939293	0.8639280	0.9591346	0.3270972
V	0.3938140	0.9016224	0.5689584	0.5295407	1.0029530	0.7819711	0.5667573	2.2154085	1.4901682	0.4964390
W	0.7132019	1.0770786	0.9334662	0.7011239	1.2226533	1.2030205	3.4318485	1.2326716	0.5314382	0.2775202
Y	0.4911147	1.8040314	0.3596492	0.7016990	0.8287582	0.6543605	1.1438859	0.8370203	1.4828306	0.3183961
