##############
# G0104 PWM for 10-mers
#
# Copyright (2021) David Gfeller
##############
1.00000	60
A	0.7946334	0.6620173	1.0227354	1.0919648	0.8477150	1.0462354	1.6658090	1.2044853	0.8530708	0.4532645
C	0.6929324	0.6199995	0.6468272	0.6899915	0.7490498	0.6934687	0.7431662	0.8421867	0.4546961	0.5135761
D	0.5733564	0.3271342	0.7153678	1.0525220	0.9932443	0.8688050	0.4738443	0.3555564	0.7817504	0.2241198
E	0.8528650	0.3327345	0.4315722	0.9608433	0.9559943	1.1451712	0.6260031	0.3791205	1.0898711	0.2562781
F	0.5243777	2.0409785	1.2764341	0.3780859	0.7921943	0.8190025	0.4432108	0.8773366	0.8554353	1.6221791
G	0.6101901	0.7380263	0.6790661	1.7203943	0.9682843	1.1359602	1.0284805	0.3714245	0.3703839	0.2346836
H	0.5956039	1.0307014	0.4074757	0.8371651	1.0963262	2.3268702	0.7751198	0.3553376	0.7817726	0.3221551
I	0.3796814	2.3626783	1.4539745	0.5519574	1.2640074	0.5327294	0.9065541	2.0459631	1.3251056	1.5576097
K	3.9391830	0.3983097	0.5107195	1.4127998	0.7559461	1.1039289	1.2869550	0.5379933	1.0556356	0.3206240
L	0.3803873	2.0271715	0.7937060	0.4595056	1.6309441	0.6627256	0.7933950	2.1994647	1.9691516	5.0920015
M	0.5158552	1.2647249	0.6150477	0.4971124	0.8146177	0.5671423	0.6032085	1.0465694	1.4192421	1.7852589
N	0.8924498	0.4164531	0.4523697	1.1650598	1.2374276	0.8132399	0.8590822	0.7235816	0.5155531	0.2599028
P	0.5612269	0.2540200	5.2390039	2.4269014	1.2747501	1.8435145	2.9867230	1.0385899	0.2952085	0.2100117
Q	1.0606075	0.3832234	0.4232586	1.4078324	0.8533730	1.1140718	0.7284760	0.7142995	1.0761294	0.3229698
R	3.0774701	0.4977491	0.7843197	0.8865809	0.6184699	1.2608345	1.3710151	0.3976137	1.2490540	0.3388351
S	1.2024966	0.8927106	0.7930801	1.1024427	0.7338364	0.9021005	0.7275577	0.6061021	0.8807426	0.2975222
T	0.9923166	0.9529145	0.5721805	0.7351906	0.8313184	1.0602912	0.7150243	1.0984502	0.7324367	0.4860705
V	0.4299523	1.7082987	0.8946334	0.6586867	1.2236702	0.7818415	0.9057468	2.1472242	1.5795362	1.1057817
W	0.3437816	0.5408291	1.1449570	0.3247231	0.3794731	1.1598335	0.3290204	0.3724027	0.4099152	0.4931062
Y	0.4787267	1.7685302	0.8168308	0.6839869	0.7975033	0.6174227	0.7069208	0.5438880	0.8236865	0.9292826
