##############
# A0101 PWM for 11-mers
#
# Copyright (2021) David Gfeller
##############
1.00000	829
A	0.7293447	0.4459647	0.6265973	0.6012691	0.9547724	0.8393442	0.9680709	0.9028780	0.9803012	0.6891079	0.1656400
C	1.5063260	0.5904577	0.3044729	0.7011237	0.7042951	0.7057758	0.7033980	0.7077066	0.7112975	0.7070761	0.1558334
D	0.6628475	0.2686628	7.5840360	1.8157688	1.3576415	1.5936115	1.5367954	0.9933182	0.9950815	0.5572647	0.1753113
E	1.1006034	0.2095357	4.5674584	1.2479654	1.1048898	0.7767513	1.2314666	0.7645201	0.6699720	0.8872494	0.1467299
F	2.0207339	0.2390854	0.2428628	0.4988441	0.6033190	0.4307952	0.7830601	0.9667189	0.6826332	1.1664696	0.7507313
G	0.5882367	0.1705026	0.3159743	0.8811799	1.2125032	1.5632473	1.1837472	1.6306729	0.9566274	0.7522627	0.1948469
H	1.0668535	0.1498652	0.1903891	1.2647595	0.9502208	0.9144554	1.1513773	1.0244050	1.1482070	1.1677033	0.3900647
I	1.0354159	0.8683168	0.2555774	0.8166535	0.7892489	0.8194935	0.8208754	0.9535983	0.5971511	0.5319308	0.2532637
K	0.4635919	0.1728892	0.2748397	0.7744940	0.6365460	0.9897019	0.9441216	1.0476033	0.6628101	1.2490293	0.4111176
L	1.1960381	1.3298323	0.2067567	0.8435306	0.8562442	0.7235665	0.7380956	1.0177848	1.7046369	1.6823758	0.3628475
M	0.6458464	0.9556064	0.4499743	0.7050938	0.6656307	0.4935263	0.5400294	0.5082432	1.3742202	1.0435908	0.2457095
N	1.0221383	0.2226189	0.4000207	1.0468030	1.3232589	1.2399173	0.8795601	0.8218804	1.3171883	0.7171266	0.2013667
P	0.3987013	0.2378722	0.1097953	2.1132976	1.4244966	0.6210423	0.6205162	0.5352001	0.2438109	0.1799543	0.0821546
Q	1.0775102	0.3685625	0.5669820	1.1662330	1.2617206	0.8766312	1.6608485	0.8951256	1.6735809	1.5087877	0.2992371
R	0.5806217	0.1205421	0.1331536	0.7536722	0.7111274	0.9801132	0.8531762	0.8450081	0.4884545	1.4274428	0.2403710
S	0.9648296	4.3473125	0.7625538	1.3722442	1.4187142	1.7050379	1.3124562	1.3399127	1.4775407	0.9086516	0.2117188
T	0.9578021	5.7396339	0.5125477	1.1543701	1.1730606	1.3891997	1.2111105	1.5731994	1.0987399	0.8989468	0.2262042
V	1.1978435	0.8751772	0.3510043	0.6538243	0.8554114	0.8391833	0.8100441	0.8514717	0.7963684	0.8573972	0.2043293
W	0.2299149	0.0943712	0.1665773	0.6114724	0.2690254	0.4452973	0.7080622	0.6242826	2.0151780	0.3065591	0.6550721
Y	3.6033859	0.3702708	0.4173994	0.6550457	0.8621779	1.1042721	1.0124684	1.0495025	1.0934651	2.8619591	25.3697893
