##############
# A0202 PWM for 11-mers
#
# Copyright (2021) David Gfeller
##############
1.00000	279
A	1.5170834	0.3628289	3.6739596	0.5676987	1.1937222	0.9255504	1.4091272	0.7985690	1.0474631	1.0234350	0.9673763
C	0.7677973	0.4068763	0.7761229	0.8805464	0.9436798	0.9287573	0.9499378	0.9437512	0.9294422	0.6872006	0.5043415
D	0.2313310	0.1333977	0.3396635	4.0970629	1.9576448	1.5029554	1.1537181	0.8229441	0.8865783	0.4478932	0.1901895
E	0.2550666	0.1548297	0.2933281	3.3461552	2.0494217	1.5151785	1.2043793	0.9022843	1.8491051	1.1366306	0.2003005
F	2.8987859	0.5168476	2.5384011	0.1732685	0.6292867	0.3559029	0.9786605	0.4242696	0.6652585	0.9336070	0.7188470
G	1.0581706	0.1378104	0.5774503	1.0647035	0.7152497	1.4570666	1.2459984	0.8867164	0.4787162	0.7846985	0.1992655
H	0.5757453	0.1708647	0.5676901	0.8892913	0.9621765	1.2492830	0.9371849	1.1407240	3.5265309	2.1599828	0.1667257
I	1.0098634	1.1253615	1.5008027	0.2261183	1.1739588	0.6033618	0.9447146	1.0016667	0.6912695	0.4059824	1.1770185
K	1.4837501	0.1905720	0.7936238	0.5699635	0.7009320	1.2493438	0.9799539	1.0350941	0.7129921	1.6447438	0.2717682
L	0.7477522	6.3541584	0.4264197	0.1701133	0.7616797	0.4988647	1.5844408	1.6964693	0.4549689	1.1079002	4.9560450
M	0.5696251	2.9364414	0.8534913	0.4123129	0.9244684	0.5878309	0.6001572	1.0961502	0.7154468	0.3715567	1.9822251
N	0.4104950	0.2111576	1.0778150	1.3542242	0.8140737	1.2351584	0.6008779	1.3466471	1.7928570	0.8610414	0.1608649
P	0.2215652	0.1211408	0.7240521	1.8826007	1.3136629	1.0884652	0.5969981	0.5940122	0.8738539	0.3380072	0.1843358
Q	0.3493900	0.4346953	0.5671360	1.0069668	1.1414978	1.1348171	1.3918895	2.1736445	1.9427679	2.4830368	0.1938045
R	1.3339409	0.1947018	0.2968837	0.3854634	0.6982904	0.6785916	0.5581206	0.6266614	0.6356932	1.2318989	0.1914179
S	1.5373723	0.2173475	0.9216731	0.9267755	0.8816014	1.4996546	0.8577356	0.8584148	0.5209569	0.7376145	0.2449887
T	0.9639682	0.3750931	0.5299383	0.6278286	0.8263203	1.1057027	0.6335567	1.1768874	0.9050824	1.3088199	0.3064591
V	0.9050941	1.2153406	0.7950224	0.2441822	0.7474804	0.7509509	0.8000799	0.8788301	1.1664771	0.5979824	2.5823984
W	0.7477334	0.2351220	0.2708791	0.3800891	0.4184274	0.1900148	0.4391490	0.2068761	0.9079206	0.4747201	0.2266593
Y	2.1888334	0.3137627	1.6806249	0.2207862	0.4489081	0.5966294	0.6439787	0.6216311	1.3732106	1.6149741	0.3169376
