##############
# A0203 PWM for 11-mers
#
# Copyright (2021) David Gfeller
##############
1.00000	121
A	1.0131595	0.6926046	1.4344844	0.5642025	0.8793617	0.9194809	0.7643743	0.6512129	1.4848564	1.0633246	0.9147568
C	0.8085012	0.5372410	0.7699469	0.8694092	0.9413390	0.9503435	0.9507054	0.9884052	0.9949404	0.7716741	0.6512363
D	0.3733490	0.2058936	0.2956814	3.5099092	1.0117804	1.0236401	0.7728577	0.7127140	0.4051683	0.5406440	0.2213153
E	0.3942496	0.2407014	0.3278533	2.3919634	1.5934315	1.1583232	1.0959142	0.7185359	0.7034691	1.0257093	0.2526958
F	2.0204501	0.7417874	3.8989622	0.3879747	1.0020642	0.4842260	1.0207445	0.7494896	0.9037548	0.5458205	0.7018169
G	1.0492782	0.2219804	0.7072480	1.0553748	1.4875722	1.2918337	1.3907036	0.6032430	0.7704249	1.2993073	0.3196044
H	0.6115186	0.2623499	0.4432784	0.4547348	1.4634216	1.1297398	1.0898451	0.5169470	0.9349878	0.6182032	0.2257993
I	0.7169115	1.7866031	1.8294798	0.3904440	0.9475821	1.2177786	1.0825473	2.3718307	0.9344952	0.6890523	1.9779680
K	1.1804453	0.2952171	0.9404014	0.6730670	0.7983117	0.7886646	0.9354174	0.8235654	0.8773772	0.8172106	0.4286581
L	0.9426128	4.5812543	0.6596914	0.4246825	1.4338056	0.6925773	1.4504682	1.9239788	0.8954974	0.8434050	2.0371430
M	0.8839529	3.7016901	1.3912685	0.6753137	1.3708833	0.6596487	0.7693038	1.2280527	1.1950059	0.7000060	1.0674059
N	0.9843129	0.2370923	0.5546385	1.5522840	0.9966217	1.2507613	0.7635541	0.5060466	0.8718730	0.8326464	0.2529209
P	0.2505681	0.1878251	0.9625580	2.3723841	0.9844863	1.2130855	1.0839418	0.9699983	1.2135148	0.3800981	0.2044760
Q	0.6537517	0.5055893	0.5660037	0.9729286	0.5887514	1.2050898	0.8601944	0.9098947	1.2621628	1.7290603	0.3893478
R	1.5181988	0.2936754	0.8618054	0.5839550	0.5676331	0.9236513	0.8216164	0.6262963	0.5894478	1.1180476	0.2802241
S	1.3427796	0.2943417	0.4810643	0.6973926	1.0581551	1.4765071	0.8141565	1.1251589	1.4832248	1.5756864	0.3385766
T	1.5193830	0.5170277	0.5912678	0.7671384	0.5514243	1.1454523	1.0069403	0.8884998	1.2387962	1.7897628	0.6087114
V	1.0697802	1.4854981	0.9151450	0.3998391	0.6496738	0.8295912	1.0442988	1.2091344	1.2276094	1.1794229	5.3351988
W	1.3032908	0.3474350	0.5347933	0.2339517	0.3066235	0.2814224	0.7580029	0.3078041	1.2110108	0.3338201	0.3005034
Y	1.6501679	0.4656887	2.9061987	0.3210800	0.4643844	0.5501924	0.6196780	0.5845670	0.9302824	1.1738359	0.4482701
