##############
# A0204 PWM for 11-mers
#
# Copyright (2018) David Gfeller
##############
1.00000	137	2
A	1.5737713	0.4493848	1.1281321	1.0150950	0.9970891	1.3533112	1.0454848	0.6655276	0.7680363	0.8453973	0.7761848
C	0.9074023	0.6180738	0.9076448	1.0354195	1.0846023	1.1151310	1.0882026	1.1393223	1.1387117	0.8934486	0.7118943
D	0.3610523	0.1876680	0.2727909	4.1541729	1.6361699	1.2654264	1.5505639	0.7669363	0.3093728	0.4409095	0.1939728
E	0.3785530	0.2163165	0.3371485	2.6966504	1.6508282	0.9791996	1.2328914	0.8471701	0.5793967	0.7478360	0.2105179
F	1.7477138	0.8083609	2.7303611	0.3675387	1.0149006	0.6580360	0.6777352	0.9110175	1.4695771	0.7725084	1.0450185
G	1.4589040	0.2160684	0.5571177	0.5902719	0.6014062	1.7626520	1.6658499	0.7855566	0.3846171	1.0433934	0.3202930
H	0.8028225	0.2121333	0.2928170	0.9848138	0.9511636	0.4852936	0.6675129	0.5954259	1.5027931	1.4458407	0.1998654
I	0.7581830	1.4393814	1.5052598	0.3223807	1.0990461	0.7553175	0.6183946	1.4157597	1.2521651	0.4928308	1.7217218
K	1.3431960	0.2724598	0.3194556	0.5883325	0.8494934	0.6384430	1.0823586	0.6011512	0.6442269	1.4555285	0.2637028
L	0.8200886	5.6632713	2.8790559	0.4358823	0.8175450	0.6230430	1.0561390	2.6166345	2.0884639	0.8440450	4.0614086
M	0.6928070	1.5294130	1.3262297	0.3650167	0.6734252	0.6076579	0.5195153	0.9504636	1.2264428	0.5250058	1.0778929
N	0.6536825	0.2117488	0.8675101	1.1119985	0.8322700	0.6658664	0.9834552	0.8487633	0.8151499	1.1947754	0.2175491
P	0.2137716	0.1438758	0.1612476	1.5241939	1.7493558	2.3205682	0.6970036	0.5046215	0.6584014	0.2997472	0.1516017
Q	0.4321984	0.5418578	0.7614007	0.7408511	0.7369461	0.5971166	1.4036347	0.7501950	0.9208599	2.1177143	0.2483509
R	1.6993849	0.2932688	0.3171280	0.4292384	0.6600741	0.5441311	0.8746199	0.8658609	0.7057777	2.0449371	0.2723175
S	1.6271024	0.2630729	0.6749285	1.2096365	0.5332719	1.3749783	1.1137365	0.5973167	0.5071517	1.5096777	0.2973247
T	1.4118097	0.3930203	0.5568833	0.6704328	0.7811854	1.1098290	0.8788687	1.1347088	0.6397083	1.4808384	0.4341947
V	0.6999127	1.2314998	0.7491912	0.3450190	0.9014952	0.6559587	0.6444390	1.0024906	1.6623525	0.6323575	2.6743374
W	0.9380544	0.4055515	3.9173243	0.2851889	1.8463463	0.3458454	0.8522040	0.3848537	1.4295436	0.3889807	0.3924422
Y	1.3720804	0.4551220	0.9542174	0.4759448	1.1630240	1.0680205	0.9568897	0.7204006	1.5400009	1.0153995	0.4707580
