##############
# A0201 PWM for 11-mers
#
# Copyright (2021) David Gfeller
##############
1.00000	1075
A	1.4239145	0.5188048	1.4286062	0.6680913	0.7580454	0.9795535	1.1517828	0.6789039	0.9182152	1.0694063	1.2912338
C	0.7109298	0.2484118	0.6705482	0.9093142	0.9193277	0.9248369	0.9255570	0.9285110	0.9369216	0.6437646	0.3580369
D	0.1249079	0.0554567	1.4170281	4.1667353	1.7656331	1.2024656	1.4549634	1.1695919	0.3249863	0.3020540	0.1067274
E	0.2068827	0.1174903	0.2623165	3.1291898	2.1088588	1.3657146	1.4936876	0.7776184	0.6920045	1.1422307	0.1202903
F	1.7947161	0.2419836	1.9915724	0.2548798	0.4701945	0.3067417	0.5919870	0.4195991	0.8067320	0.8271941	0.2598210
G	1.2660512	0.1289788	0.6027869	1.0632523	1.1879020	1.4641856	1.7055381	0.9691370	0.5183500	0.7591368	0.1508183
H	0.6618032	0.1296431	0.3423242	0.5769447	1.1227986	0.9337497	1.0956124	0.7462949	1.2699043	1.0137710	0.1904033
I	1.1825143	1.4314446	1.5934702	0.3198458	0.7598658	1.0040515	0.7577553	1.5076183	1.7696774	0.3492774	1.6046161
K	1.8101383	0.1441243	0.1973620	0.4260103	0.7484400	0.8156522	1.0700509	0.9364780	0.5480203	1.4710772	0.2674904
L	0.7538349	6.3414450	2.4155161	0.3251835	0.7880367	0.5228973	0.7300147	1.8938091	1.5648329	0.9287808	3.8828350
M	0.4808466	3.0473553	2.0459307	0.2655209	0.5612906	0.5583944	0.6301893	0.6009922	1.6233101	0.5097096	0.8595503
N	0.6075315	0.1207314	0.3617822	1.2299080	0.9983074	1.1283845	0.9650498	1.1324641	0.7446009	0.9057948	0.1444353
P	0.0648787	0.0976776	0.3496900	1.5123740	1.6240231	1.8375873	0.7350307	0.5486627	0.6786787	0.1829509	0.1189459
Q	0.4673639	0.6841643	0.7944693	0.9477082	1.3055405	0.8669529	1.3280708	1.1029737	1.6167721	2.2514212	0.2660974
R	1.4115541	0.0912682	0.1266521	0.3449123	0.4053573	0.8490995	0.6188765	0.7721582	0.5300930	1.1576311	0.1653307
S	1.6200720	0.1895081	0.7145867	1.1860943	1.1425999	1.4096515	1.2636433	0.9962983	0.8582172	1.5084766	0.2160691
T	1.1548392	0.3588749	0.4222029	0.5947307	0.8091167	1.2415877	0.9966015	1.0224277	1.0267330	2.0011191	0.4195737
V	1.1298401	1.2998477	0.7368733	0.4198675	0.8460515	0.8887088	0.6194048	0.9927426	1.8496790	0.8199313	4.2761327
W	0.1651222	0.1550768	2.6983099	0.1328583	0.3435671	0.1364495	0.1438746	0.3524903	0.4947355	0.2925114	0.3576458
Y	1.6827040	0.1170180	1.7288997	0.3631692	0.4613651	0.2351863	0.5473943	0.8803322	0.9808216	1.2828337	0.2547203
