##############
# A0207 PWM for 11-mers
#
# Copyright (2018) David Gfeller
##############
1.00000	353	1
A	1.3373832	0.4020659	0.3674126	0.5415791	1.2629977	0.8559916	1.3231923	0.6922315	0.8538301	1.2494506	0.7661536
C	0.8342112	0.4635050	0.7441794	1.0348082	1.1080871	1.0953040	1.0893393	1.0954940	1.1016040	0.8585713	0.5476053
D	0.1965845	0.1203465	5.3917361	3.8944357	0.9217716	1.5428737	1.2087854	0.6579664	0.6308663	0.6901555	0.1714553
E	0.2099720	0.1331491	0.3814639	3.7875878	1.4627786	1.2121153	1.2591067	1.1803786	0.8948208	1.1699196	0.1733208
F	2.4937960	0.4539336	0.6668342	0.1986574	0.2518508	0.7294162	0.3186871	1.3392307	0.8344088	0.8340878	1.6537294
G	0.4768646	0.1759019	0.2254872	0.7871963	0.7892954	1.2979016	0.7903059	1.2321026	0.6789694	0.9112300	0.1940544
H	0.6536331	0.2017335	0.2609423	0.3103271	0.5533414	1.2231612	0.7210492	0.7080408	1.5727973	0.8218830	0.1341206
I	1.6237982	1.8480161	0.5464699	0.2477055	0.7603710	1.1671286	0.9334526	1.3687315	1.3423359	0.4267838	1.4682498
K	1.3529879	0.1683241	0.2476421	0.5998227	0.4487842	0.6516419	1.2574016	0.9428483	0.3647682	1.0804747	0.2104401
L	1.1717489	5.2244570	0.5608469	0.2737789	0.6868678	0.7202860	0.7716692	1.3707884	1.4367872	0.9184249	3.5247805
M	0.9949334	2.6536411	0.5705376	0.7208742	0.5636688	0.9962489	0.6554821	1.0574774	1.8384767	0.9173717	1.9636782
N	0.8595477	0.1367882	0.4711836	0.8912502	0.6585981	1.0782483	0.9612795	1.2187663	0.5828243	1.3648220	0.1961729
P	0.1161672	0.0911657	5.6728413	2.4315323	2.6919812	0.6106738	1.2410420	0.4517734	0.7074385	0.2821351	0.1328966
Q	0.4884361	0.3644198	0.3202133	0.6517725	0.6145640	0.5710390	1.1399629	0.8070373	1.9433995	1.6090110	0.1643011
R	1.3320022	0.1755040	0.2369242	0.3119143	0.4832066	0.6199933	1.1051619	0.6645196	0.4480216	1.4531851	0.3817773
S	1.1239379	0.2087485	0.3372866	0.8780931	1.4931684	1.7796556	1.2238287	1.0302786	0.7902241	1.5444031	0.3286296
T	0.7661858	0.4077914	0.2457998	0.7139001	1.3078892	1.3025415	0.8110596	1.0210391	0.8677557	1.5288726	0.3483686
V	1.1119858	1.9829853	0.4321762	0.2805818	1.4791232	0.8608863	1.0040082	1.1051282	1.4058190	0.6205078	3.3412187
W	0.3111361	0.2386186	2.3832031	0.3854423	0.1818449	0.6682461	0.8699535	0.4600567	1.5796766	0.2458796	0.2513862
Y	2.1938396	0.2714563	0.3558355	0.1879841	0.3574761	0.8933130	0.7254883	0.7090567	1.2815066	1.3234257	0.3208118
