##############
# A0205 PWM for 11-mers
#
# Copyright (2021) David Gfeller
##############
1.00000	378
A	1.3745686	0.9338570	2.4511341	0.8554848	1.5135646	1.0988845	2.2000775	0.8599134	1.0869643	1.4263703	2.6487528
C	0.7426915	0.3659591	0.7469698	0.9087522	0.9317444	0.9278012	0.9645396	0.9749237	0.9494033	0.6822655	0.4793673
D	0.2524092	0.1702595	0.1647150	3.6121064	1.4047950	1.6194532	0.9141046	0.4885575	0.9706822	0.6024993	0.1372519
E	0.2992134	0.2238592	0.2675756	2.4325225	2.5795334	1.7520546	0.9846425	0.4965852	1.3582378	1.1910444	0.1857574
F	2.3219343	0.3246967	1.8265055	0.3118911	0.3707543	0.4385308	0.5682879	1.3692910	0.5439791	1.2986308	0.6301575
G	0.9583041	0.2526656	0.2559002	1.1992425	1.0888965	1.3243044	1.3293980	0.8004816	0.3420728	0.9049824	0.3674331
H	0.8583754	0.1780972	0.3451177	0.3919304	1.0697001	1.1488232	0.7333589	0.3345808	1.5222405	1.2411781	0.2264633
I	0.7838189	1.6360879	3.2956642	0.4193412	0.6383650	0.6524417	0.8669220	2.3905157	1.0339752	0.4567719	1.4704698
K	1.6036061	0.2997908	0.4191199	0.5363858	1.0549966	1.2628193	0.7840352	0.5233735	0.6571441	1.5378988	0.2136085
L	0.6217280	1.4529383	0.3572558	0.3114727	0.4417377	0.5725223	1.3696704	1.3622888	0.8557846	0.5773771	3.4009637
M	0.6049485	1.0682935	0.7403457	0.2876493	0.3207907	0.4105256	0.6334443	1.5662354	1.0244369	0.5152427	0.7416152
N	0.8110303	0.2473708	0.2276324	1.0635330	0.4807080	1.3532307	0.6648681	0.6634247	0.9921896	1.0618155	0.1546055
P	0.1852478	0.1304040	2.1729209	2.1255127	1.9794314	0.8123366	0.8921593	0.7497200	0.7221103	0.2346346	0.2546260
Q	0.7954718	3.3396480	0.2330976	0.6365635	1.0889022	0.9755138	0.7303032	0.4442374	1.7259723	2.0427780	0.2223205
R	1.7350486	0.2856769	0.2060271	0.4414165	0.5801497	0.7281988	0.4719277	0.4389030	0.8528325	1.2235212	0.2367547
S	1.6358754	0.3917824	0.6060915	1.0735247	1.1975995	1.3367921	1.0740132	0.6453293	0.6824285	0.9416823	0.3817133
T	1.1801057	1.6796337	0.7500983	0.9857137	0.7830608	1.1077259	1.0015778	1.3948671	1.4667732	1.6461714	0.3505268
V	0.5975129	4.6102468	1.8601236	0.4657112	0.5596972	0.6473034	0.9453909	2.2877796	1.8313421	0.7769738	2.7729891
W	0.5810958	0.1655682	0.2115632	0.4839025	0.1474369	0.1597070	0.3348004	0.1887025	0.3543984	0.1940561	0.1775137
Y	2.1211939	0.2399812	1.9070193	0.3877048	0.2798053	0.5529913	0.2958302	0.7422316	1.0562056	1.0777990	0.3200242
