##############
# A0206 PWM for 11-mers
#
# Copyright (2021) David Gfeller
##############
1.00000	379
A	1.3279880	0.7434190	1.6288527	0.5408488	0.8172178	0.6828826	1.4969099	0.7613848	0.7403186	1.1365054	1.6044523
C	0.7425079	0.3506875	0.7456960	0.8902152	0.9144672	0.9229541	0.9381460	0.9559073	0.9519381	0.6850055	0.4811439
D	0.2132117	0.2205249	0.3764820	4.3066891	2.3614666	2.2729935	1.6536247	0.5767021	0.7763404	0.4945415	0.2045614
E	0.2428896	0.2614248	0.2829632	3.1638556	2.9757402	1.5826173	1.5332513	0.8149406	0.7933898	0.9698375	0.1746705
F	1.4705688	0.2647480	1.2699718	0.1440990	0.2654880	0.5876376	0.4995606	2.0398764	0.8156097	0.9030245	0.5847695
G	1.1342078	0.3421264	0.3433851	1.1612004	1.3392641	1.1832512	1.5765615	0.7030185	0.2909410	0.9720676	0.1524454
H	1.0757941	0.1990764	0.2445344	0.5507085	0.3155923	0.9023595	0.5967717	0.3445874	0.9645486	1.0925413	0.2112151
I	0.9783899	1.6150541	3.5561388	0.2565831	0.5996892	1.1181286	1.0172050	2.2813073	1.8446695	0.4126055	1.5212800
K	1.9006062	0.2633150	0.1800138	0.6131776	0.7946393	1.1501516	0.9544176	0.5838598	0.7226482	1.5150638	0.1672930
L	0.4502980	1.5329146	2.2355424	0.2454109	0.4102584	0.7592904	0.6429821	1.7697366	1.6058644	0.6307920	3.0109485
M	0.3646192	0.9831687	1.6267707	0.1889188	0.3855569	0.7376558	0.5098763	0.8675143	1.5478858	0.6664474	0.8353977
N	0.6356601	0.2146492	0.2088175	1.0830459	0.7256645	0.9866394	0.7372737	1.0639086	0.7758907	1.3933088	0.1439355
P	0.1465557	0.1304930	1.2402497	2.2404362	1.8352285	0.8014288	0.5577226	0.6571669	0.5422401	0.2365154	0.1601535
Q	0.7589482	5.1909062	0.4129371	0.7098979	1.0359952	0.6695343	0.8951357	0.7844579	1.7325434	1.7556545	0.1620284
R	2.2116864	0.2368921	0.1573978	0.4162446	0.3868815	0.8159017	0.6617894	0.2646338	0.7995203	1.4779409	0.2267600
S	1.5764888	0.3584435	0.3288159	0.9252161	1.3232484	1.4503807	0.9779803	0.5986538	0.6741664	1.7823334	0.2340207
T	1.1094156	1.3031536	0.4760171	0.7955291	0.7415840	0.9214335	1.0600979	0.7284615	1.1296539	1.4868826	0.4667948
V	0.9672428	3.9684067	1.3689118	0.2093517	0.6814944	0.7282617	1.1636842	1.7428062	1.6599130	0.6541234	4.9089422
W	0.2136594	0.1656309	0.7186518	0.1282886	0.1411628	0.1550448	0.3336120	0.5412255	0.5287884	0.1849756	0.1730345
Y	1.8116437	0.2386118	1.0172793	0.1738796	0.2558337	0.2875622	0.5478225	0.6357515	0.7957879	0.9901087	0.2534168
