##############
# A0211 PWM for 11-mers
#
# Copyright (2021) David Gfeller
##############
1.00000	316
A	0.9768623	0.5590997	1.2152651	0.6844077	0.6960787	0.6844619	1.1885116	0.5519546	0.9053849	1.1876370	1.1843126
C	0.7467495	0.3892875	0.7233506	0.8861334	0.9456836	0.9208374	0.9366167	0.9466225	0.9482296	0.7089025	0.4998194
D	0.2359613	0.1391086	0.6052034	5.3363211	0.7600690	1.8025493	1.5682466	0.6278622	0.6613448	0.3782644	0.1369550
E	0.3152728	0.1673202	0.2265504	2.9422231	0.9450682	1.4844057	1.3853239	0.6988685	1.1481341	0.9379965	0.1515227
F	1.6006785	0.4935791	2.8581448	0.3402641	0.6668398	0.2579570	0.6318399	1.6057187	1.0033710	0.8633507	0.5050475
G	0.6043499	0.1421405	0.2892448	0.6582660	0.6432780	1.5928443	1.1069273	1.3811077	0.4197310	0.8159647	0.1932855
H	0.9773831	0.1685444	0.2287146	0.5511180	0.7328161	0.6114216	0.8733977	0.4946431	1.5050248	1.8299304	0.1489614
I	1.0680745	1.7401298	1.3342160	0.3318424	1.6690856	0.5329152	0.8122567	1.5026319	1.1107787	0.4604536	2.1152576
K	2.6680593	0.1965783	0.2738801	0.6574122	0.5062640	1.0366749	1.5673004	0.8824928	0.8420943	1.3750707	0.1813383
L	0.7066494	4.9361412	1.9951516	0.2621087	1.5068921	0.3680619	0.6293963	1.9521248	1.1786623	0.7504693	2.9667549
M	1.2309054	3.1673385	2.5772606	0.3904523	1.0861399	0.3425842	0.5706165	0.9524959	1.6224703	0.9659927	1.1259299
N	0.6618689	0.1610574	0.3496617	1.2560089	0.6072636	1.1331922	0.8528350	0.9925592	1.0187405	1.3993431	0.1557122
P	0.1618752	0.2179234	0.7975753	1.6566203	3.9875577	2.1273547	0.8417112	0.5750186	0.5890784	0.3667337	0.2735689
Q	0.7642959	1.0243067	0.6933448	0.7503132	0.4661037	0.5956658	1.0925388	0.8087998	1.9047928	2.0918551	0.1757760
R	1.8340503	0.1912906	0.1899717	0.3910947	0.4210395	0.8890558	0.6283161	0.9886999	0.6081764	0.9157875	0.2094421
S	1.2860543	0.2930311	0.4221313	0.8501765	0.4320360	1.8908337	1.1138743	0.7888120	0.7568307	1.1843786	0.2164211
T	1.0519363	0.5718539	0.3033437	0.4554739	0.9825554	0.8981502	1.1729238	0.8211007	1.2078907	1.5482247	0.6027713
V	0.9234762	1.7793570	0.8413093	0.2389334	1.0727019	0.7015834	0.9202578	0.8486414	1.0149504	0.8026903	4.5972991
W	0.4470878	0.2105969	9.6067066	0.1503458	0.1729658	0.1655716	0.3906857	0.8212091	1.8574241	0.4346898	0.4012565
Y	1.7906113	0.2878824	1.6380063	0.3573806	0.4876868	0.5976499	0.7944404	0.6244863	1.5634287	1.5759547	0.4364326
