##############
# A0216 PWM for 11-mers
# Model trained on 10-mer peptides adding one non-specific position after P7.
# Copyright (2016) David Gfeller
##############
1.00000	99	0
A	1.2390466	0.5434282	1.4065979	0.6333637	1.1163280	0.6360633	1.0000000	1.0000000	1.3878621	0.6413277	1.5016088
C	0.6457737	0.7091219	0.3646397	0.5705284	0.9006606	0.6454636	1.0000000	1.0000000	1.7342235	1.1431711	0.7562031
D	0.6216172	0.2787114	1.4989655	1.9644033	0.9790436	0.7253668	1.0000000	1.0000000	0.5957915	0.9006859	0.2786732
E	0.4159540	0.4063106	0.8604726	1.8797406	1.0220169	0.8022683	1.0000000	1.0000000	0.4899758	1.2721812	0.3213263
F	2.2795462	0.7202364	1.1151458	0.5372698	0.7899341	1.1518808	1.0000000	1.0000000	1.4116615	1.2436854	0.9255900
G	1.2274216	0.6269560	1.6681847	1.1046481	1.4799687	0.9733357	1.0000000	1.0000000	0.5632137	1.2688906	0.3262720
H	1.0753436	0.5179267	0.4333678	0.4649404	1.0392641	2.0059064	1.0000000	1.0000000	1.6384366	1.8785929	0.3033014
I	0.8714662	1.4454516	0.9745415	0.6850296	0.7141256	2.1760479	1.0000000	1.0000000	1.2911919	0.6089075	1.6569302
K	1.0120517	0.3845043	0.6917570	1.1421349	0.6004627	0.4385839	1.0000000	1.0000000	0.6002041	0.7457916	0.3717096
L	0.7956555	3.4676331	0.9965469	0.6598569	0.7893570	1.3304666	1.0000000	1.0000000	0.7030139	0.8306404	2.0149857
M	1.2830719	3.3646093	1.2843851	0.6572946	1.0699022	0.8827971	1.0000000	1.0000000	1.1053020	0.8921609	0.8823688
N	1.0742905	0.3248683	0.7188731	0.9256103	0.6191570	0.7022614	1.0000000	1.0000000	0.8978120	0.7508434	0.3216896
P	0.3886127	0.2166363	1.0147722	1.6564362	1.1428535	0.3670022	1.0000000	1.0000000	1.7607551	1.1364365	0.2427193
Q	0.5666542	1.0796476	0.9181895	1.5353852	0.9619640	0.7870774	1.0000000	1.0000000	0.8904515	0.9850672	0.6994756
R	0.6356412	0.4592474	0.3984824	0.8017356	1.0023931	0.5738201	1.0000000	1.0000000	0.4903319	0.7348953	0.4294426
S	1.2841601	0.5093406	0.5891024	0.8576287	0.9996161	1.1336947	1.0000000	1.0000000	0.5870461	0.9101108	0.5337416
T	1.1599986	0.9403495	0.8428367	0.6809614	0.9614721	1.0558455	1.0000000	1.0000000	1.2108220	1.1163582	1.3586285
V	0.7073840	1.6438020	0.8583952	0.7234672	1.0044339	1.0463494	1.0000000	1.0000000	0.9141759	0.8306029	3.1670158
W	2.1228210	0.3772405	2.0357825	2.4777765	3.0863270	3.0985478	1.0000000	1.0000000	3.1307310	2.5910261	1.4596917
Y	2.3097912	0.6739634	1.7684581	0.7998017	1.4210919	1.1650259	1.0000000	1.0000000	1.8927022	1.8628772	1.0627752
