##############
# A0220 PWM for 11-mers
#
# Copyright (2018) David Gfeller
##############
1.00000	152	2
A	0.6400595	0.4325247	0.9454566	0.7237703	0.8492796	1.3778197	1.6376157	0.7521635	0.9082721	1.3423059	1.2940499
C	0.7718667	0.6113649	0.8788039	1.0269351	1.0465427	1.1060191	1.1121011	1.1383717	1.1391342	0.9151327	0.7195811
D	0.3918734	0.2158287	1.3607162	3.0629469	1.6987675	1.6855807	1.0100914	0.8872316	0.4267329	0.5259451	0.2006911
E	0.5485832	0.3060883	0.3122757	2.2322450	2.1519842	1.1526294	1.4292097	0.6472814	0.9599480	1.0912814	0.2210007
F	0.2426115	0.5874359	2.1939651	0.2374453	0.5330836	0.3765469	0.3038908	0.4552450	0.7379903	0.9078882	0.5540949
G	0.5097337	0.2305494	0.5104365	1.2798536	2.0726145	1.7943887	1.5223474	0.6824632	0.4652045	0.8643759	0.2664883
H	0.5360388	0.2184323	0.3070830	1.3435766	1.4624413	0.3222233	1.1777838	0.7018500	1.8175223	1.0825939	0.1951839
I	0.4224219	1.5776264	1.5125890	0.2395691	0.3099036	0.7146552	0.5462410	1.8846524	1.4087697	0.3567685	1.8081553
K	5.3774657	0.2976441	0.3151459	1.1308894	1.3787659	0.9595959	1.4823304	0.9998303	0.6012718	1.6562294	0.2703880
L	0.4658692	3.7008321	2.5860705	0.2401694	0.3501357	0.6551843	0.7722080	2.0600288	1.7223367	0.6668882	2.8715988
M	0.4311671	3.1891044	2.5304774	0.3335560	0.5078292	0.4380323	0.6117053	1.0063828	1.2591632	0.4809900	1.3617575
N	0.5129541	0.2475631	0.4962292	1.2999593	1.0782203	0.8445796	0.8601459	1.0802239	0.6476029	0.9550229	0.2228582
P	0.2218460	0.1524250	0.2297837	1.7040651	1.1067363	1.5495988	0.4462250	0.5506914	0.5563394	0.2235662	0.1588220
Q	0.8616370	0.8192767	0.9123742	1.3239385	0.7080648	0.7874113	1.5513689	0.8092613	1.3618860	2.1083537	0.2540046
R	5.0308124	0.3036231	0.3076916	0.5527867	1.0967041	0.9500269	0.7340415	0.6983916	0.7001424	1.1679471	0.2669988
S	0.6516531	0.3213590	0.4027592	1.1480116	1.2044358	1.4257568	1.5176608	0.8544083	0.6671271	1.7127775	0.3367704
T	0.5500409	1.0958290	0.3826194	0.7659551	0.9607081	0.9267187	1.2003367	0.7048431	1.4216952	1.8260662	0.5228089
V	0.3891861	2.3605036	0.7924272	0.3953440	0.3767782	0.7482343	0.5174073	1.2944054	1.3397508	0.6018307	3.6735090
W	0.3071188	0.3671875	2.7379374	0.2735146	0.2998929	0.2829302	0.3153820	0.3377712	0.3774824	0.3790427	0.3501525
Y	0.3426989	0.4157916	1.7526834	0.4557506	0.3637992	0.3160751	0.4900100	0.6414828	0.9764477	1.0894539	0.5368410
