##############
# A0301 PWM for 11-mers
#
# Copyright (2021) David Gfeller
##############
1.00000	2598
A	1.7398466	0.5531174	0.9633709	0.8566069	1.1553034	1.0190543	1.0567923	0.8553069	1.0777355	0.8425750	0.1207145
C	0.5461729	0.3232038	0.6129875	0.8002348	0.8048254	0.8056570	0.8058264	0.8050501	0.8099605	0.9432671	0.0616523
D	0.1285733	0.1089428	0.5382212	2.3044201	0.8691796	1.1653117	1.1576492	0.4340177	0.2670064	0.2174075	0.1072906
E	0.1634944	0.1306507	0.3668748	1.8508454	1.1890483	1.2510653	1.1862884	0.6854571	0.4018003	0.7753826	0.1283440
F	0.1712363	0.1630319	2.6189567	0.5456312	0.4992519	0.6123960	0.5622807	0.9515381	1.0087183	1.1070344	0.2433289
G	0.7113056	0.2300431	0.3352898	1.0805038	1.1674615	1.0929177	1.1079206	1.0090078	0.5631690	0.7817819	0.1141416
H	0.8830420	0.1019340	0.5755777	0.6748689	0.6858245	0.6601563	0.8780774	0.6836374	0.6000179	0.8623684	0.6788227
I	0.8122660	2.0191994	1.0063735	0.3392006	0.7537484	0.7453907	0.8512292	1.2790049	1.3976186	0.4339732	0.1751092
K	3.6548526	0.1857377	0.8758501	0.9688236	0.8784581	1.1355043	1.2645591	0.8623055	0.8565052	1.6476642	12.1372417
L	0.3160365	2.8958949	1.5697476	0.4755878	0.7830934	0.7250972	0.8299470	1.4058593	1.6920154	1.5306061	0.2512000
M	0.4683009	1.8648550	1.4735415	0.3834353	0.6349403	0.5130460	0.4695032	0.8562286	1.3199427	0.7164452	0.2357105
N	0.2275934	0.1332000	0.7499588	1.1899781	1.0494333	0.9790260	0.9783833	1.0683006	0.8587371	1.0256173	0.1160212
P	0.1033785	0.0690437	0.4515477	1.8654932	1.7182044	1.3253029	1.0138416	1.2347953	0.5796544	0.9788658	0.0855146
Q	0.5430187	0.7529860	0.7357405	1.3449278	1.5169828	1.1135684	1.1780123	1.4740007	0.8824015	1.9453595	0.2311666
R	3.9043063	0.3509639	1.2078237	0.4588050	0.6345874	0.7820083	0.6311039	0.7370535	1.0198593	0.9718290	1.3744514
S	1.5514671	0.9299834	0.8030669	1.5135424	1.3683808	1.8568088	1.7220499	1.1900586	1.2033189	1.1431502	0.1360159
T	0.5809637	2.3542268	0.3184852	1.0381760	1.1283335	1.2066132	1.0900332	1.2209062	1.5796726	1.0538738	0.1565500
V	0.9346417	3.3656857	0.5036627	0.5305658	1.0567314	0.8340180	0.9118398	0.9891512	1.5476081	0.6918601	0.1503872
W	0.1223287	0.0658637	1.6617080	0.3862656	0.5651531	0.3886709	0.3011940	0.4798940	0.5693623	0.4818370	0.2170376
Y	0.2430995	0.1244064	5.0744160	0.5707208	0.6102439	0.5255203	0.7466020	0.8714316	0.5078531	1.4684327	1.4510621
