##############
# A0302 PWM for 11-mers
#
# Copyright (2021) David Gfeller
##############
1.00000	262
A	2.6615580	0.8518738	1.3785951	1.1191147	1.7146551	1.4433314	1.2914694	1.4992129	1.6559366	1.0594569	0.3247972
C	0.6938706	0.5443388	0.6978117	0.8404086	0.8716329	0.8765200	0.8706394	0.8781827	0.8988388	0.9725681	0.1857741
D	0.2710547	0.1979005	0.7809335	2.2525021	0.6911001	1.0528271	1.1635271	0.8712852	0.3962299	0.5184449	0.3301458
E	0.3164370	0.2081928	0.8443008	1.6435774	1.4178786	1.0712631	1.2832296	1.0012924	0.4327502	1.1156059	0.4872960
F	0.2451545	0.3672962	1.5987810	0.2719987	0.3079424	0.2331576	0.3827477	0.4872716	0.5412719	0.6223995	0.1821573
G	0.9278130	0.2834871	0.3922514	1.3494927	1.1788826	1.3583196	1.1836078	1.0853673	0.4494380	0.9458799	0.2578157
H	0.6754235	0.1823507	0.4719374	0.5001132	0.6811700	0.4813121	0.4923109	0.2746929	0.7571924	0.4058981	0.4439010
I	0.9728565	2.0087745	0.7729137	0.3275067	0.6069047	0.7138414	0.7811184	1.2624239	1.7850667	0.6617008	0.2110557
K	1.6733133	0.2393164	0.3821829	0.8502357	0.6687417	0.6312337	0.9194538	0.6491844	0.6663300	0.8162183	10.6110903
L	0.3904898	1.5281849	0.7061733	0.2908576	0.3842367	0.5146842	0.5263949	1.2170322	0.9646979	1.1816177	0.2879930
M	0.6619712	1.2656360	2.9133652	0.3705136	0.6243665	0.6309989	0.4428531	1.3158161	1.8523045	0.7075261	0.2936680
N	0.3451846	0.2461691	1.4911819	1.0233488	1.1277009	1.1614254	1.3999594	1.5266489	0.7000782	1.1740917	0.4106920
P	0.2045063	0.1651839	0.1796544	1.8265641	1.6529566	1.3268766	0.6474197	0.4635752	0.7374719	0.5190132	0.2257043
Q	0.7949215	0.5462385	4.6372005	0.9907923	0.9639533	1.2134534	1.2258933	1.3168412	1.2216522	2.6512754	0.5886164
R	1.8812238	0.2143166	0.3356496	0.3532156	0.4311569	0.3861189	0.3549744	0.3779775	0.5051276	0.7499588	1.3429558
S	2.1325400	0.7788770	1.3681598	2.0755237	1.4089474	2.2705775	1.7817531	1.4774019	0.9022086	1.3234446	0.3555695
T	0.7881607	2.9448131	0.4095435	1.5017737	1.8708984	1.4835927	1.7517059	0.8908567	1.3971191	1.2048484	0.3239679
V	1.5100723	4.3689754	0.5164567	0.4210153	1.3043460	1.0484600	1.2810195	1.2352086	2.1968137	1.2889458	0.2210856
W	0.1931983	0.2062814	0.2864666	0.1783839	0.1919572	0.1817234	0.1972472	0.2018319	0.4629038	0.2239315	0.1929635
Y	0.2702041	0.2931527	2.0616319	0.4137281	0.5250266	0.2496340	0.5295332	0.3634553	1.0143658	0.9088799	0.5288495
