##############
# A1102 PWM for 11-mers
#
# Copyright (2021) David Gfeller
##############
1.00000	539
A	3.4630284	0.6497266	1.1265263	0.9568845	1.6988496	0.9236942	1.1353292	0.9184857	0.5618462	1.0503325	0.2210948
C	0.6646012	0.4141387	0.8537813	0.7548763	0.7731907	0.7717016	0.7668318	0.7856724	0.7817361	0.7256473	0.1285761
D	0.1799238	0.2343791	0.4773732	2.0948500	1.1708492	1.5990350	1.3160725	0.4902435	0.1967784	0.3521493	0.2042817
E	0.1974670	0.1544268	0.3240706	1.8044182	1.4854068	1.1823268	1.3494468	0.9049484	0.3323631	1.0584321	0.3009044
F	0.2549098	0.1962893	2.7567690	0.4699977	0.3817302	0.7584994	0.5362854	0.7286975	1.8625852	1.3660566	0.1078826
G	1.2085454	0.2320895	0.3094864	1.4014605	1.2325591	1.0049998	0.9409828	0.9305884	0.3233351	0.5976080	0.1823116
H	0.4530593	0.1265443	0.4151186	0.5216449	0.8563617	0.4625899	0.9220047	0.4015598	0.9539702	0.7637367	0.2141110
I	0.4024191	1.5405891	2.0623549	0.4631057	0.6330977	0.7704093	0.7164704	1.6955004	2.2266248	0.6047964	0.1515464
K	1.2611852	0.1709789	0.2377014	0.7189736	0.9521671	1.0232831	1.3669723	0.9548579	0.6213694	1.2575766	11.6439065
L	0.2308209	0.5134103	1.5698804	0.4406038	0.5335430	0.8603902	0.7170329	1.4867875	1.6105084	1.6057296	0.1428927
M	0.5033873	0.5376779	3.5038841	0.3009263	0.6868315	0.8864561	0.4536817	1.0088949	1.6284755	0.7520182	0.1797651
N	0.2642529	0.1924497	0.4310032	0.9914562	0.8347735	1.0852418	0.9851330	0.9168444	1.0787845	0.9903723	0.2568934
P	0.1346749	0.1152883	0.4624265	2.6359444	1.6406080	0.9995924	1.0612949	0.8792542	0.6410218	1.4405905	0.2006679
Q	0.5467865	0.9053525	1.8683416	0.8091748	0.9159887	0.9876409	0.7784995	1.5829140	0.6039962	1.4472810	0.3673461
R	1.5518410	0.1492349	0.1514166	0.5321633	0.4839179	0.5682571	0.8511581	0.7883066	0.7223707	0.9409954	2.1070257
S	3.3641490	1.5148736	0.7288316	1.4197195	1.2709613	1.6848664	1.7537584	0.9157343	0.5048926	0.7427746	0.2439984
T	0.8483205	5.0073689	0.3390166	0.9549986	0.8532740	1.1334266	1.1853349	0.7141015	1.1070790	0.8191377	0.2021278
V	1.0674063	4.6658268	0.8664649	0.5471189	1.1670823	1.0698028	0.7307804	1.2269852	1.9707086	0.8527793	0.1363835
W	0.1214586	0.1243057	0.4664546	0.4979988	0.8901804	0.7697560	0.3887097	1.0495285	1.1912043	0.5483329	0.1178231
Y	0.2163453	0.1763593	3.0111319	0.5127224	0.6280216	0.5879891	0.9337088	0.8608553	1.6559893	1.4985274	0.3123853
