##############
# A1101 PWM for 11-mers
#
# Copyright (2018) David Gfeller
##############
1.00000	739	1
A	3.8484741	0.7585911	1.1335622	0.8313652	1.4301697	1.0064751	1.3699855	0.9640173	0.6850407	1.1339860	0.1830475
C	0.7276398	0.4310575	1.0739697	0.8914918	0.9062329	0.9045239	0.9026209	0.9120611	0.9190068	0.9176311	0.1112113
D	0.1676592	0.1676664	0.7336414	2.5591287	1.2709401	1.4315126	0.9894218	0.5378483	0.2942366	0.3498342	0.1629977
E	0.2686316	0.1419068	0.4397240	2.0710892	1.5132560	1.6104353	1.4859084	0.7295141	0.3760995	0.9649056	0.2526622
F	0.1055154	0.1427342	2.5012549	0.4709715	0.4646027	0.6305166	0.3575028	0.8956844	1.7455099	0.9697199	0.2195799
G	1.3041792	0.3078895	0.2562738	1.3589061	1.1447715	1.1043887	1.2634917	0.9558554	0.3082806	0.7328847	0.1628597
H	0.3982454	0.1327040	0.4075331	0.2143420	0.6723079	0.5613480	1.0702088	0.5143956	0.8983531	0.6844288	0.4299118
I	0.2497843	1.0661492	1.9184027	0.3057483	0.6040723	0.7340590	0.3956325	1.4366337	1.8739016	0.3919778	0.1559841
K	1.4045856	0.1476658	0.2896696	0.7737780	0.8729719	1.0097500	1.5882689	1.1498375	0.5782339	1.5687749	12.2308058
L	0.2120124	0.4114893	1.3861146	0.3853503	0.6150105	0.7876752	0.7123816	1.3382669	1.5446321	1.5493907	0.1761670
M	0.3583800	0.3793110	2.8848499	0.4356624	0.5115513	0.7613439	0.3657122	1.0431810	1.5080219	0.5484179	0.1511874
N	0.2606432	0.1587552	0.6052175	1.2828930	1.0176600	1.1841741	1.0806015	1.0496780	1.0530898	1.2152153	0.2024479
P	0.1482214	0.0986766	0.2785364	1.8725656	1.5761647	0.6231130	0.8394914	0.5198757	0.5130249	0.9519125	0.0920129
Q	0.4305292	0.6177475	1.7334834	1.1704481	0.8721051	1.0760618	1.0287138	1.3958512	0.8937128	1.8670648	0.2822566
R	2.4622014	0.5417275	0.1554413	0.4570319	0.4730358	0.5258529	0.8570410	0.7688719	0.7224874	1.1065758	2.2227834
S	3.2086207	1.7460235	1.0879225	1.7316071	1.6668133	2.0158839	1.9663251	1.2238703	0.7059072	1.0479914	0.2428835
T	0.8321977	5.5729497	0.4101717	1.2349428	1.0080155	1.2188130	1.0102043	1.0852812	1.1005191	0.9777283	0.2200764
V	0.8701806	3.9172808	0.7725361	0.3407131	1.0273760	0.8127708	0.6805541	1.0561654	1.7767805	0.6397346	0.1125317
W	0.1140102	0.1193509	0.4267738	0.2262238	1.0483527	0.5917808	0.5870124	0.8382575	1.3249669	0.3775043	0.2343408
Y	0.1273386	0.1764300	3.0032435	0.3168228	0.4854286	0.6431083	0.5628504	0.9281520	1.3480710	1.2759852	0.3283371
