##############
# A2301 PWM for 11-mers
#
# Copyright (2021) David Gfeller
##############
1.00000	441
A	0.9505180	0.2345139	0.4260168	0.6745086	1.0144204	0.8288721	1.0031147	0.8253952	0.8794816	0.4962375	0.1589331
C	0.9905778	0.2663147	1.1467214	0.9931236	1.0044185	1.0003396	1.0205954	1.0162784	1.0208419	0.5748989	0.1618694
D	0.3747453	0.1111154	0.3229658	2.4533475	1.2023194	1.6368521	1.3498306	0.5695234	0.3203782	0.3987492	0.0995499
E	0.8058928	0.1916813	0.6033765	1.9869391	1.4325946	1.2906689	1.1464906	0.7260147	0.5379977	1.1672957	0.1310259
F	0.5995319	4.4737458	1.1694409	0.3227090	0.5254981	0.6565214	0.4632784	1.6466638	1.1473038	0.7889081	11.7843289
G	0.3050965	0.1673716	0.2118959	0.8468565	0.9148974	1.2252081	1.2713698	1.0052934	0.2662623	0.6227394	0.1346136
H	0.8744563	0.5718862	0.3665526	1.1502166	1.2036748	1.2024972	1.5601686	0.9327617	1.6105835	1.9740445	0.1789962
I	1.3964881	0.3434384	2.6304974	0.3711966	0.9898087	0.7680930	1.0222271	1.3472491	1.0206901	0.6466050	1.2123323
K	1.8669511	0.1502587	0.4303090	0.7029905	1.3385151	1.1595223	1.2639377	0.8936339	0.9765346	1.6810217	0.1699669
L	0.5415451	0.3530848	2.9605043	0.3138368	0.5975037	0.7076437	0.9670423	1.0927899	1.9269753	1.1257083	2.3338321
M	0.5601314	0.5505179	1.8884359	0.1898542	0.4474462	0.9306175	0.6173331	1.1247370	1.0339722	0.7070407	0.9785973
N	1.0775428	0.1509968	0.6475850	1.4486814	0.7734022	1.3404442	1.1148753	1.3806575	1.2082049	1.1491389	0.1192572
P	0.5638054	0.0872742	1.0488994	3.7859682	2.3995637	1.4564897	0.5691084	0.7309930	0.5138512	0.1315024	0.0724182
Q	0.6904745	0.2458234	0.7805258	0.7353373	1.1974272	1.1028983	1.8137227	0.9461792	1.6751240	1.7029368	0.1075445
R	2.1577304	0.1820085	0.2301866	0.4342185	0.7689303	0.6030443	0.5562158	0.8999235	0.7230664	1.3509813	0.1214368
S	1.0428633	0.1745974	0.6962278	1.1117213	1.1201284	0.9951996	1.2110840	1.0502388	0.7084899	1.1105915	0.1257579
T	1.1864596	0.1665058	0.5878669	0.9473997	0.6919098	1.1309090	0.7326580	0.9750997	1.0005818	1.9236368	0.2033697
V	1.9635984	0.2847907	1.2562631	0.3629614	0.6948822	0.6633448	0.7156127	1.0989400	1.1131285	0.9194408	0.4180940
W	0.3099165	4.2652803	0.1770965	0.2760051	0.5948772	0.5973113	0.3067141	0.7799500	0.9538370	0.1749864	3.5644233
Y	0.8700639	18.6704036	0.8999311	0.4778603	0.6196852	0.5635735	0.7506311	1.0242965	2.0899135	1.1958977	1.2183945
