##############
# A2406 PWM for 11-mers
#
# Copyright (2018) David Gfeller
##############
1.00000	88	2
A	0.8069053	0.3950211	1.5433431	0.7760994	0.8942163	1.1605461	1.3379086	1.0731859	1.0880248	1.1268124	0.3633652
C	0.9271514	0.4544451	0.8468898	0.8480880	0.9074394	0.9194023	0.9470712	0.9352627	0.9251136	0.8329697	0.4497900
D	0.9435575	0.2643660	0.3520297	2.5101221	1.1416202	1.5827289	1.3145647	0.9157859	0.6521453	0.6951434	0.2285260
E	0.8339195	0.2995114	0.3825870	1.4647702	1.4032681	0.8698570	0.9358427	0.6996404	0.9836395	1.1150466	0.2341703
F	0.5945094	3.4657776	1.7345950	0.3159496	0.4070152	0.8029625	0.4126764	2.0451885	0.9993635	0.6712810	9.4621829
G	0.7718227	0.2927410	0.5486967	1.0593411	1.2521296	1.2851284	1.5040394	1.0156821	0.7043996	0.8521730	0.2806612
H	0.6146264	1.0495438	0.3254837	1.0579371	0.6342415	1.0146455	0.7936307	1.2222278	1.8920812	1.7027923	0.3694716
I	1.3346811	0.6201256	1.4433517	0.3984572	0.9554698	0.8412338	1.3870983	0.8793393	0.7682146	0.5520982	0.8938807
K	1.3176850	0.3446073	0.7924922	1.1929273	1.2754446	1.3152390	1.1370589	1.0317754	0.9565597	1.7654328	0.4333898
L	0.6796317	1.0551868	0.6560621	0.3935057	0.7081174	0.7500728	0.7452831	0.9063925	0.9065250	0.5654055	1.9428310
M	0.8450278	0.6893153	1.2666605	0.8185352	0.7873277	0.7699826	0.6179108	1.0484704	0.8525358	0.9749078	0.9311717
N	1.0620338	0.6013599	0.3855462	1.5734236	1.0810226	1.3679319	0.8164522	1.0360900	1.6049565	1.5391767	0.2737208
P	0.5903186	0.2852725	2.6968173	2.5976303	1.4188835	1.3039592	1.0696779	0.6971313	0.5957221	0.2695403	0.1352963
Q	0.7940926	0.3500402	0.6348519	0.7090891	1.4241540	0.7672224	0.9955787	0.4805329	2.0259100	1.8543947	0.2344622
R	1.9085121	0.3639904	0.5272692	0.6586712	0.6809191	0.6549427	0.6263008	1.0538177	0.9190670	0.8026742	0.3075617
S	1.1146041	0.3567117	0.8467487	0.9449894	1.1243145	0.9403234	1.1452982	1.0288064	1.1512356	1.3110468	0.3020452
T	1.1303983	0.3771038	0.6511476	0.9919517	0.6516662	1.1945980	0.8414779	0.9994007	0.9387254	1.6179986	0.3626675
V	1.4969290	0.5559178	1.8236607	0.4180240	1.1470914	0.8199835	1.0458497	1.1167366	1.0849457	0.9138039	0.6064334
W	1.1192098	4.3516296	0.4303280	0.3282717	0.3845083	0.3760385	0.3735967	1.2112704	0.4363955	0.4191074	3.1059518
Y	0.8547972	12.0574960	0.7835271	0.5819160	0.8035733	0.4766526	0.6153077	1.0671027	0.7746603	0.7203158	1.8491270
