##############
# A2407 PWM for 11-mers
#
# Copyright (2021) David Gfeller
##############
1.00000	165
A	0.9888464	0.2825512	0.5209826	0.8633929	1.1428384	1.2048152	1.2618206	0.8942298	0.8836009	0.6510379	0.3113354
C	0.8079593	0.3701032	0.5805955	0.7608199	0.7984603	0.7944867	0.7762284	0.7997358	0.8159511	0.7360977	0.3215693
D	0.4141962	0.1846279	0.5106589	1.9712399	0.9686492	1.2081142	0.9579892	0.8651299	0.2798162	0.3567426	0.2475295
E	0.6953483	0.2162830	0.3177842	1.1376001	0.7450340	0.6414776	1.3508055	0.7213807	0.4882842	0.9099189	0.1794648
F	0.8058214	6.4182150	1.0587435	0.5254159	0.4428302	0.4952516	0.9860561	1.3551417	1.3648106	1.1780236	11.8494197
G	0.4161821	0.2563736	0.2648846	0.7093516	0.7518304	1.2546868	1.0066278	1.0885701	0.4339759	0.5230293	0.1958648
H	0.7959874	0.6544151	1.3331772	1.2259115	0.9360740	1.3598562	1.1251220	1.2324134	1.4696530	1.2404883	0.3223804
I	1.6776439	0.6167805	2.2738228	0.4249667	1.0506628	0.9069903	0.8400006	1.2678001	1.2745413	0.9132004	0.9941313
K	1.0774281	0.2376361	0.6380656	0.6732873	1.0942228	0.9821706	1.2531119	0.8806984	0.6359702	1.3114860	0.1886022
L	0.7000771	0.7750396	1.9873154	0.3042011	0.6077114	0.5971416	0.6092702	1.2025149	2.7314255	1.4357302	1.6120397
M	0.6562804	0.6551180	1.4832681	0.3348540	0.7106997	0.4144188	0.5590427	0.8003990	1.5195458	0.9727800	0.8043410
N	1.0618351	0.2465556	0.5251200	1.5031688	1.3471725	1.6443959	1.8003223	0.9242796	0.7347342	0.8304786	0.2127082
P	0.5517069	0.2254875	1.5514530	3.7741294	2.3806292	1.6359898	0.9809314	0.6330093	0.6861273	0.2207692	0.1206745
Q	0.6699390	0.2447849	0.8538451	1.0235842	1.1706119	1.0010876	1.5691875	1.1706786	1.4396608	1.7187611	0.1735555
R	1.7889896	0.2426629	0.5261668	0.5663777	0.5180750	0.5152070	0.6962932	1.1145095	0.5378780	1.3037277	0.2025914
S	0.9811756	0.2456167	1.4797780	1.4801373	1.2019216	1.6787459	1.0744171	1.1179941	0.4499657	0.8293780	0.2204397
T	1.4830443	0.2870976	0.8447212	1.2247871	0.9108567	1.1153014	0.8935077	0.8211189	0.8408673	1.7779444	0.2853217
V	1.9273799	0.4880455	1.1341143	0.5340315	1.3661007	0.8261247	0.6705389	1.0684689	1.1172792	1.2143982	0.5350947
W	0.3112300	4.4385495	0.2978109	0.2093968	0.2549513	0.5851154	0.2799689	0.3093345	0.3347155	0.3213625	4.1416660
Y	1.5159111	11.7119199	0.9481184	0.3352218	0.9691571	0.4831097	0.8960322	1.0727925	1.2210389	1.1946841	1.4896029
