##############
# A2402 PWM for 11-mers
#
# Copyright (2018) David Gfeller
##############
1.00000	446	1
A	0.7060891	0.2020931	0.7340094	0.7103652	1.0695459	0.7809791	1.1917051	0.9126481	0.9527884	0.7369186	0.1888991
C	0.8319510	0.2830849	0.6609697	0.8117292	0.8275831	0.8258056	0.8334529	0.8416770	0.8430311	0.7182356	0.2422298
D	0.4063533	0.1832598	0.3446995	2.4454377	1.3169457	1.2872607	1.3739010	0.6750634	0.4344931	0.2840686	0.1013152
E	0.6786177	0.1436625	0.2890481	1.3712649	1.1476043	1.2525620	1.2754510	0.6390622	0.7272229	0.7567253	0.1029315
F	0.6256968	2.4006009	1.4405023	0.3948313	0.8735591	0.8821149	0.8919716	1.7848189	1.1934936	0.9643777	11.6021364
G	0.4256984	0.2199322	0.5122816	0.9082868	1.2835265	1.5770568	1.2397611	1.2085177	0.4250772	0.6186155	0.1550351
H	0.6650913	0.5474351	0.3453048	0.9160940	1.2054038	1.2049739	0.9838673	0.9614511	1.5669846	1.4661400	0.4060043
I	1.6525286	0.2636828	1.6570531	0.3048950	0.8464469	0.8204494	0.6529710	1.2470765	0.9284497	0.6206230	1.1951436
K	1.5907593	0.1632625	0.4623212	0.8324928	0.9384958	0.7922675	1.0634172	0.8795245	0.6859172	1.2477873	0.1731500
L	0.6467797	0.4431593	1.9281465	0.3728758	0.4955867	1.0250605	1.0628648	1.4785059	1.8053723	1.2517285	1.9711581
M	0.5246779	0.4188403	2.3870289	0.2771890	0.4681473	0.7749930	0.6374056	0.9035406	1.0641000	0.6000981	0.6312247
N	1.2682581	0.1569982	0.7997509	1.6097970	0.8945435	1.0977779	1.5129444	1.3035254	1.2933795	1.1336356	0.1211690
P	0.3484128	0.1693684	1.5999077	3.1349817	1.6314843	1.1424510	0.4478393	0.4351356	0.7085223	0.1398002	0.0603979
Q	0.5392275	0.4229686	0.9941169	0.9259503	1.2519546	1.1669369	1.5679993	0.9278009	1.3986613	1.7781221	0.1042046
R	2.4526756	0.2047431	0.3311426	0.4732226	0.7817104	0.7436366	0.6275267	0.6631973	0.6673377	1.4011749	0.1303188
S	0.9927636	0.1625601	1.6379707	1.2780632	1.2287738	1.2270463	1.4640184	0.9863602	0.8169428	1.2703805	0.1345048
T	1.2208754	0.1652266	0.7225007	1.2474146	0.8061936	1.1140050	0.7517299	0.9242935	0.9545640	2.1663695	0.1656582
V	1.8851832	0.2671354	0.8859229	0.3887319	0.9852601	0.5290109	0.5489718	0.8858085	1.1474870	0.9249574	0.3599486
W	0.2004882	3.8793221	0.3957749	0.5215389	1.0958262	1.0982637	0.9290757	1.1368519	0.9575364	0.4056914	5.4004978
Y	1.1570289	21.3553352	0.9602746	0.5977484	0.7540992	0.5798225	0.8181070	1.0949022	1.6126528	1.4853660	1.2308341
