##############
# A2413 PWM for 11-mers
#
# Copyright (2018) David Gfeller
##############
1.00000	41	2
A	0.8181323	0.6008503	0.7376928	0.8874932	1.3314872	1.0886952	1.2775303	1.3561080	1.0227384	1.0529892	0.4544847
C	0.9672538	0.5369024	0.8764268	0.8521706	0.9563968	0.9171017	0.9203680	1.0195462	1.0303351	0.8956035	0.5433830
D	0.4780984	0.2905004	0.4235834	1.8736293	0.8088004	2.0039860	1.1393599	0.7903976	0.4191136	0.8311649	0.5068756
E	0.5625864	0.3419127	0.8429365	1.4359208	0.8710648	1.6670368	1.2882724	0.7552461	0.4920398	0.6062662	0.3079076
F	0.7727022	4.4179421	1.7653822	0.3481027	0.4099195	0.3994092	0.7219074	0.7681893	1.4479892	0.4997218	7.2611329
G	0.9134161	0.3489206	0.3894787	1.2635691	1.6720953	2.5263245	1.2628275	1.2471249	0.4624773	1.0164046	0.3395372
H	0.8081690	0.9637191	0.3953923	1.3077823	0.8240742	0.8545862	1.3114519	0.8396360	1.5203476	1.2415437	0.4162300
I	1.4591463	0.7152243	1.5839693	0.3482812	0.8886206	0.7096068	0.6858718	1.0303239	1.1947020	0.8273743	1.1601538
K	2.0457146	0.3937779	0.6323401	0.9108905	1.3727012	0.9536829	1.3104331	1.0764857	0.9856327	1.2811987	0.4725319
L	0.9179710	1.1564177	2.0773606	0.4545623	0.6176493	0.5565634	0.6041951	1.1179203	1.6712004	1.0809094	2.0881413
M	0.8448983	0.8695080	1.4220132	0.5027285	0.6364607	0.5863111	0.9419574	0.8326367	1.0288126	0.7981996	1.1573096
N	0.6197372	0.3852825	0.4080537	2.3513375	1.0821096	1.0117370	1.6203407	1.1061586	0.5222577	2.0207413	0.3517855
P	0.2882462	0.1999574	1.5803618	2.0857137	2.0866995	0.5315801	0.7576783	0.5274071	0.7107895	0.5171421	0.3998857
Q	0.6809353	0.3940858	0.6647890	1.1070943	0.8178497	0.8838178	1.6887613	1.3748620	0.9092926	1.0293667	0.2986869
R	2.1637689	0.4169367	0.4719122	1.0436304	0.8571446	0.6032805	0.7495764	0.6546935	0.7845104	1.2921989	0.3772959
S	0.9048091	0.4269113	0.6134787	0.9073547	0.9786575	0.9065142	0.9225162	1.3597794	0.7442088	1.0007475	0.3764618
T	1.2607704	0.4528408	0.5933106	0.9280368	0.8019882	1.2173330	1.0927859	1.1652319	1.2312592	1.2872120	0.4550560
V	1.3901314	0.7166839	1.4080681	0.3878429	0.8932645	0.7290345	0.5469215	1.0053403	1.5073722	1.1343082	0.7790165
W	0.4840676	1.8005683	0.5927226	0.3832396	0.3992883	0.4262971	0.5061492	0.4769875	0.5905027	0.4524833	1.0403183
Y	0.5903955	9.6928576	1.0799473	0.4830086	0.4817851	0.4590818	0.9257908	0.5819787	1.1096602	0.5571179	1.7568769
