##############
# A2501 PWM for 11-mers
#
# Copyright (2018) David Gfeller
##############
1.00000	78	2
A	0.6093069	0.8496389	1.9579025	0.9318248	1.1986861	1.0352300	1.3963611	0.6979437	0.9531665	1.2102898	0.3702507
C	0.7232590	0.7650552	0.8281921	0.7523349	0.8125910	0.7625133	0.9053276	0.8988134	0.7880724	0.4659231	0.3281922
D	4.2743670	0.3352995	0.3710493	2.5765410	0.9552328	2.0188437	0.8583666	0.3443795	0.8376460	0.5256257	0.2673424
E	4.2491759	0.3426039	0.3822242	1.5012899	1.3566382	1.3904412	0.8090026	0.4392673	1.0766996	0.6739674	0.2976561
F	0.4942419	0.5569947	0.4916379	0.4669024	0.7396132	0.7340070	0.4398161	1.4062304	0.4192599	0.7734939	3.2282700
G	0.5972654	0.3695403	0.7242072	1.6579826	2.0246843	1.1258489	2.0063522	1.2562993	1.3958420	0.9173185	0.6047602
H	1.4497314	0.2608244	0.5380152	0.9029455	1.3354937	1.8317260	0.3462069	0.5629639	1.6286157	1.8505511	0.4999640
I	0.2710429	1.7713122	2.4966815	0.4774094	0.6418261	0.6499128	0.9702168	1.7598997	0.4959834	0.8587254	0.4544190
K	0.7178368	0.4035832	0.7485363	1.1046368	1.1438646	1.4752425	0.7788874	0.5310010	1.6594851	1.6211968	0.3324144
L	0.2899586	1.2219795	0.8196363	0.3384383	0.8849320	0.6719368	1.0050958	1.6672238	0.5292998	0.6112304	0.8447858
M	0.4024663	0.9335889	0.7922109	0.4472726	0.6018664	0.5647639	0.6978965	1.5489910	0.5536493	0.8299685	0.6238566
N	0.8370207	0.4118305	0.6837658	1.0057770	1.0288186	1.1004823	0.8163666	0.4169576	1.2361503	1.2047505	0.6043613
P	0.2834947	0.3641291	1.2849784	1.5678556	0.6481050	0.5224837	0.6451762	0.3395939	0.4034559	0.2688976	0.1296921
Q	0.8455756	0.5037540	0.5392249	1.1415942	0.7126946	1.2923306	0.4719158	0.5260775	1.4541813	1.4155576	0.4479104
R	0.5747743	0.3794647	0.6711838	0.8182273	0.8043767	0.8857532	0.5818230	0.7719134	1.6861940	1.4301252	0.4800986
S	0.8339750	0.8408094	0.6750320	1.2523771	1.3778322	0.8124761	1.1514064	1.1291703	1.3545798	1.8369512	0.4212235
T	0.9086118	2.4840683	0.8996721	0.9632665	0.6744567	1.0319645	1.4140037	0.6769992	1.3954334	0.9386208	0.3611324
V	0.3097338	3.6520916	1.9405039	0.4432118	0.8143519	0.5866259	1.7830448	1.9593300	0.7043926	0.7905308	0.3959483
W	0.4041661	0.4027605	0.3756913	1.1345377	1.2118160	1.2261434	0.3830663	1.2924971	0.4525541	2.0514192	33.3388019
Y	0.8624451	0.4835217	0.4610698	0.4300969	0.7286076	0.9655991	0.4196163	1.0319865	1.1205133	1.0231945	3.7791556
