##############
# A2601 PWM for 11-mers
#
# Copyright (2018) David Gfeller
##############
1.00000	120	2
A	0.4754360	1.0214043	1.8712695	0.6564756	1.4416226	0.8816130	0.9604231	0.8834782	0.7300312	0.8891892	0.4224848
C	0.5449546	0.8028851	0.8428226	0.8490214	0.9144650	0.9035747	0.9475176	0.9587895	0.8994018	0.5341630	0.3589199
D	3.5775556	0.3883642	0.2833387	3.2566061	0.7910027	1.9067280	0.8694098	0.6476637	0.6524621	0.8316390	0.2313757
E	5.4841816	0.3675972	0.2939595	1.4001101	1.6617348	1.2862756	0.7529381	0.5007778	0.6710029	1.0033540	0.2792537
F	0.5274577	0.4687494	1.9881891	0.3900999	0.6857812	0.9347767	0.4247275	0.9172030	0.5058994	0.8618805	4.0310938
G	0.3958600	0.3313040	0.5534339	2.3009257	1.5106612	0.9579211	1.7203900	1.5210970	1.7590282	1.3044052	0.3539607
H	0.9893604	0.2231991	0.6253837	0.8726564	1.5309008	1.0473249	0.6564545	0.4891465	2.5341008	1.7393985	0.9367418
I	0.2559325	1.6140516	2.6913844	0.2786007	0.6248174	0.8282267	1.0385380	1.5339437	0.4721888	0.5799479	0.5421170
K	0.6584124	0.3473776	0.5024329	0.6490816	1.0368224	1.1027701	0.9665162	0.6459245	1.0558613	1.6621571	0.4105203
L	0.3212000	0.9595605	0.7998810	0.3264245	0.7640774	0.7938373	1.3943212	1.2971365	0.8210058	0.8184202	0.7602707
M	0.5420000	0.7812759	1.2113052	0.6957398	0.8413001	0.8660565	1.3100121	1.6849044	1.3537734	1.3968139	1.7780557
N	0.7894214	0.3536150	0.3217288	0.9581858	0.9398856	1.0981559	0.7813752	1.0444671	1.5017098	0.8493301	0.3140862
P	0.2487312	0.3880271	1.1074975	1.9502164	1.0493594	0.5010494	0.7564205	0.6498927	0.5828757	0.3134259	0.1543394
Q	0.8893737	0.3234986	0.3176688	0.8969028	0.9387599	1.0245093	0.7410393	0.7942626	1.0167908	1.5750701	0.3355337
R	0.5249800	0.3224588	0.5085085	0.5182282	0.8578818	0.9529831	0.8960982	0.8481692	1.5139401	1.5003048	0.6228838
S	0.9040159	0.6539539	0.5390109	1.2162383	1.2323399	1.2914541	1.0401169	0.9278909	1.5283960	1.1817536	0.3307936
T	0.8407078	2.6635316	0.9450561	0.9318680	1.0342329	1.5801956	1.2608679	0.8757286	1.1207997	0.7215240	0.3410688
V	0.3371886	4.2820408	1.5890548	0.3973170	0.5796621	0.6094783	1.1167654	1.5129066	0.7074637	0.9520932	0.4418003
W	0.3615296	0.3439306	0.4682807	0.8509945	0.3630897	0.3829343	0.9043835	0.9401944	0.3914463	0.4210405	1.3821320
Y	0.8518895	0.4149144	1.3579029	0.5015598	0.5997518	0.7625622	0.5530801	0.7641668	0.9375638	1.1178762	13.1066029
