##############
# A2902 PWM for 11-mers
#
# Copyright (2021) David Gfeller
##############
1.00000	142
A	1.0011384	0.7714667	0.6978032	0.7704642	0.6290420	1.1511052	0.9435759	0.9760340	0.7074291	0.6624642	0.3143594
C	1.2744687	1.1073506	0.7147956	0.7900183	0.8012712	0.8267698	0.8178940	0.8322252	0.8114363	1.2446794	0.2313801
D	0.4045329	0.3774911	0.9311100	2.3091727	1.2505052	0.9180015	1.4845195	0.8294518	0.4890198	0.5005818	0.2062085
E	0.3801406	0.4717488	0.3645852	1.0346335	1.1360406	1.0446067	1.1522877	1.0415492	0.5919248	0.5572152	0.2666375
F	1.9299366	3.2283297	2.2529289	0.7587538	0.5489255	0.6710775	0.5910516	0.6175932	3.7354210	1.0386329	2.1672256
G	1.3695661	0.4766421	0.6045495	1.4967570	1.5423611	1.3014958	1.6257928	1.1454876	0.8979409	0.8224725	0.2073855
H	1.3716023	0.4129600	0.5644466	1.0357597	1.3395827	0.7071678	1.3499717	0.7101687	1.5616582	1.0845394	0.9721671
I	1.1660083	0.9513238	1.5012990	0.7565552	1.0663222	0.7067187	0.5885986	1.7409908	0.6195919	0.6935328	0.4425911
K	0.6187548	0.3199273	0.3855648	0.6916523	0.8914778	0.8811799	0.7676492	0.6412729	0.4311310	1.4842569	0.3078516
L	0.8287662	1.3336345	1.9581470	0.6343832	0.7954841	0.6171187	1.1569257	1.0003372	1.4992448	2.0165933	0.4806068
M	1.1143235	1.6448178	1.4100650	0.8499441	0.6153659	0.5897996	0.5041709	0.8352388	1.0354015	0.9153891	0.6217660
N	1.1188503	1.0638437	0.8044660	1.2733209	1.1431048	1.2106413	0.7962062	1.3806804	0.8518265	1.1310054	0.2938670
P	0.3058849	0.3831091	0.7521084	1.9116004	1.7254967	2.0139324	0.5270619	0.7035720	0.6703228	0.3096203	0.1730515
Q	0.4519537	0.5015530	0.4082176	0.9932840	1.4698247	0.9954684	1.6587943	1.5449021	1.1018324	0.7105381	0.3289346
R	0.7714578	0.2955726	0.4418988	0.5222864	0.5542252	0.5413861	0.4805759	0.6831927	0.4857190	1.3856863	0.4492377
S	0.8995725	0.6104072	0.6248655	1.2862882	1.1193661	1.2157302	1.3088257	1.1835771	0.7264847	0.7702365	0.2834588
T	0.7909331	1.4069844	0.6924805	0.6730378	1.0229935	1.3950023	1.3108422	1.2524867	1.1061254	0.6282019	0.3122621
V	1.5703880	1.8980935	1.0771993	0.5696898	0.8477136	0.9971343	0.7190059	0.8100169	0.5517744	0.6160595	0.4171741
W	0.4581350	1.2768146	2.0395962	0.6624179	0.2618512	0.6723936	0.6831216	0.6823694	0.8980426	0.4361704	2.8433854
Y	3.2430239	3.2434842	3.1991334	0.7948973	0.5186723	0.9298795	0.8112300	0.8044878	2.9361310	3.1594141	18.8058436
