##############
# A3002 PWM for 11-mers
#
# Copyright (2021) David Gfeller
##############
1.00000	587
A	1.0359419	0.6301053	0.6947939	0.8059439	1.0068199	0.9532000	0.8059985	1.1401384	1.7285322	0.6463107	0.1583084
C	1.1613300	0.7157572	0.2845090	0.5925686	0.6000489	0.6037006	0.6190013	0.6178153	0.5989262	0.8350835	0.1030693
D	0.1648391	0.1610830	0.2648338	2.3769418	1.4255250	1.9219984	1.1633948	0.6272348	2.2081590	0.4580319	0.0926662
E	0.3005605	0.1828410	0.2803942	1.4932110	1.6753831	1.3975478	1.0721275	0.7633487	0.4734215	0.5903430	0.1204383
F	0.2627315	1.0819633	1.4049174	0.4402926	0.9085767	1.0474290	0.6413619	0.7696176	0.5977895	1.3188052	1.3251543
G	0.6533425	0.6398828	0.3215566	1.3057877	1.1036273	1.2662252	1.0949408	0.8765503	1.6751277	0.8372141	0.0913973
H	1.1168918	0.2128886	0.8393339	0.6446640	1.0769986	1.1744180	0.4222828	0.8638424	4.5180433	1.6625958	0.4159565
I	0.5470263	1.2323009	1.3033048	0.4367419	0.6948802	0.8614653	1.5431265	1.3312441	0.3623249	0.5869785	0.2008829
K	3.1322786	0.1928270	2.3407640	0.5813936	0.8580939	0.6643933	0.6997013	1.1099712	0.7168395	2.1364865	0.5190871
L	0.2816710	1.1100451	1.3673287	0.4859877	0.6325693	0.6520819	1.8538605	1.0295187	0.4753108	1.1156553	0.4142133
M	0.4120086	1.8440318	1.3383981	0.3948341	0.8164959	0.8757539	0.5521213	0.8637573	0.5710545	0.5685698	0.4394072
N	0.2516789	0.2313223	1.2840330	0.9942535	0.7566850	0.8954511	0.8984356	1.1321477	1.0440094	0.9029837	0.1306350
P	0.1675248	0.0971940	0.3861861	3.1615268	2.2473368	0.8730996	0.7309019	0.7359764	0.5915164	0.1312251	0.0779100
Q	1.0063496	2.7387043	2.2738142	0.8902719	1.1814144	0.8903303	1.1941024	1.1404445	0.7882673	1.4889432	0.1483580
R	5.2669804	0.1534198	1.1941372	0.4684399	0.6599558	0.4464497	0.3910924	1.2319463	0.8850250	1.6780837	0.2674947
S	1.2244682	1.3643370	0.6639802	1.5355801	1.3079542	1.6631376	1.1517234	1.1676551	1.3602193	1.0205377	0.1262728
T	0.7821300	1.9523775	0.5292751	0.8198577	0.4077548	1.1587062	0.7998941	1.0394000	0.5066153	0.9889611	0.1390486
V	0.7335557	2.9500070	0.6493631	0.5721654	0.7615728	0.7716648	1.2058698	1.2086308	0.3491930	0.9337791	0.2478687
W	0.1179287	1.4584266	1.1332105	0.3444537	1.0779875	0.9582401	0.4878342	0.7340476	1.0775154	0.5111657	0.5340487
Y	0.2575452	1.9857884	2.5094298	0.5262087	0.6093384	0.6118574	0.6035551	0.8534208	0.6788453	1.7609817	25.1692469
