##############
# A3001 PWM for 11-mers
#
# Copyright (2018) David Gfeller
##############
1.00000	110	2
A	1.1678573	1.0524830	0.9045984	1.0649689	1.4585852	1.2772862	0.7036694	1.0914063	1.0978410	0.9069210	0.5569574
C	1.2324713	1.0176657	0.4882898	0.9190115	0.9717534	0.9673725	0.9369930	0.9639096	0.9636789	1.1206909	0.3378588
D	0.4702347	0.3660261	0.4395932	2.0488350	0.7554729	1.2244433	1.2694221	0.4108175	0.3993057	0.4288501	0.4615025
E	0.7020947	0.3705814	0.5563075	1.6381920	1.1753701	1.4275175	1.2815703	0.6476952	0.5236960	0.7148988	0.6170504
F	0.3035882	1.3569752	1.3610963	0.7187635	0.7567866	0.6041494	0.6668390	0.6730977	0.5864071	0.8102998	0.5917662
G	0.7649886	1.0769375	0.4323453	1.2212494	1.4895830	1.2267988	0.8620232	0.9793688	0.5021524	0.9750689	0.5110868
H	0.9407394	0.3419491	0.4255197	0.7553865	0.7124548	0.5478667	1.0657888	0.7231619	1.0916030	0.9439008	0.4911829
I	0.4180248	0.9526427	0.7020030	0.4277007	0.9878908	0.9557793	1.0966948	1.5305397	1.3434772	0.7661513	0.4521603
K	2.9186998	0.4247836	4.1255557	0.7536834	0.6515344	0.5806587	1.1139435	1.0293984	1.0084096	1.6824254	6.4911263
L	0.5052293	1.1391943	0.8025859	0.7017645	0.8651696	0.7904749	1.3498904	1.1984802	0.8907145	0.8946649	0.8402378
M	0.4963210	1.4002832	0.7623503	0.6481564	0.9216249	0.8956595	1.1750630	1.1963269	1.5044275	0.9293023	0.5483802
N	0.7078657	0.5746160	0.9696487	1.0310829	0.7016293	1.3099510	0.9474535	1.1285181	0.9032824	0.8166977	0.9986394
P	0.3549395	0.2247746	0.2419487	1.7966390	1.5915185	1.3069906	1.0952346	0.9029039	1.4856833	1.5805961	0.2574033
Q	0.7669853	0.9221146	1.1680633	0.7372567	0.8946547	0.7047450	0.8239498	1.0215826	1.4402754	1.7904248	0.7321496
R	3.3319624	0.3961563	1.6196823	0.5569689	0.7218217	0.5315547	0.8773556	1.9547778	1.4677494	1.0626387	1.2729874
S	2.1580009	1.4911529	1.0943049	1.4804600	1.3114029	1.6214466	0.8619320	0.9354940	1.0128407	0.8820144	0.5280127
T	0.7414157	2.6790415	0.6750096	1.0080448	0.7675382	1.1215839	1.1381765	0.9125724	1.0848865	1.0551936	0.4669399
V	0.6507148	1.6707229	0.7768728	0.4917226	0.9548517	0.8290014	0.8691427	0.8247698	1.0212715	0.7402796	0.5388012
W	0.3463569	1.0645329	2.2121938	0.3696342	0.3775692	0.9291613	0.3745652	0.3821772	0.4174140	0.4467054	0.4922023
Y	0.4042641	1.3499803	0.8793010	0.9039877	0.7625804	0.4133112	0.6112618	0.6089156	1.2784766	1.6095942	2.2854610
