##############
# A3101 PWM for 11-mers
#
# Copyright (2018) David Gfeller
##############
1.00000	512	1
A	1.6951444	0.8754457	0.7365788	0.7494838	1.2803566	1.0110782	1.2230453	0.8174103	0.8886497	1.1288501	0.2035680
C	0.6170282	0.6077389	1.1146072	0.9013741	0.9197564	0.9180578	0.9310846	0.9236030	0.9265124	1.0026954	0.1128638
D	0.1831173	0.2069749	0.2126920	2.3910551	0.9878011	1.4927126	1.1775072	0.4772034	0.3621169	0.2631541	0.2012892
E	0.2756064	0.1825526	0.2402901	1.8221337	1.3180422	1.3554405	1.2484517	0.7979946	0.6402447	0.9708444	0.2440600
F	0.2902746	0.9649118	1.4918500	0.2808931	0.7109767	0.5632244	0.5103906	1.2180243	1.2505339	0.9193018	0.1539122
G	0.8120452	0.5623879	0.2603490	1.1749856	1.2181863	1.4922311	0.9067410	1.2754537	0.5451368	0.9805398	0.2065375
H	0.6658173	0.2675866	0.4326311	0.8158918	0.4849477	0.5994771	0.4874693	1.3312307	1.1321473	0.7675507	0.2181257
I	0.6092720	0.9035595	1.2298397	0.4101970	0.7680130	0.5587845	0.9239396	1.1665569	1.1826277	0.4998020	0.1070779
K	2.6346150	0.1779711	2.8474174	0.5725024	1.1047892	1.0511719	1.1725550	1.0405641	1.0409657	0.9267530	1.5574995
L	0.2923940	1.1741270	1.8893361	0.4038957	0.7236413	0.7897402	1.1463987	1.8192307	0.9790893	1.3457285	0.2911831
M	0.6150568	0.9761222	1.7414761	0.2568125	0.4327023	0.2973166	0.6548961	0.6956014	0.9943235	0.5944421	0.2011306
N	0.3467807	0.2897445	0.5353911	1.1878935	0.5399161	1.2091433	1.0130232	0.7705662	0.9600583	1.3915501	0.2526673
P	0.1062291	0.1198757	0.2236929	2.7439473	1.7162531	0.8837088	0.7220569	0.4405281	0.2284914	0.8779296	0.0921291
Q	0.6933840	1.2341433	1.4212142	1.1785864	0.9769057	1.0201507	0.9777147	0.8846965	1.3548682	2.0342439	0.3458493
R	5.4460820	0.1683354	1.4495904	0.4822134	1.1322119	0.7073193	0.6152818	1.5242356	2.1242140	0.9265623	14.5420400
S	1.5491810	1.3044589	0.3937549	1.4172980	1.1802756	1.6146563	1.6315812	0.8540708	1.2651721	1.4981928	0.2131343
T	0.7107030	2.6690076	0.3987593	1.0632411	0.8650098	1.3215951	1.0472790	0.7124078	1.0372530	0.8700369	0.1866762
V	0.7604866	3.0197348	1.0413333	0.4548070	0.9504626	0.7410162	0.9929682	0.9118658	1.2628857	0.7759900	0.1622379
W	0.3242844	0.5599010	1.1724634	0.4632371	1.4547490	1.4535312	0.6532790	0.6703144	1.9676983	0.6731475	0.3240004
Y	0.3920495	3.0137956	1.3853708	0.4785001	0.7162929	0.6583019	0.7639271	0.6475776	0.8668704	1.3063459	0.1690507
