##############
# A3201 PWM for 11-mers
#
# Copyright (2021) David Gfeller
##############
1.00000	409
A	0.8063948	0.6059830	0.9882619	1.0451816	1.1596588	1.1812223	1.2139265	0.6363573	0.6866077	1.0089314	0.1863027
C	0.1394334	0.2304292	0.5132041	0.4649606	0.4704154	0.4846451	0.4911209	0.4883878	0.4911627	0.4240934	0.1501544
D	0.2228445	0.1573561	0.1499212	2.3812758	0.8022780	1.5455824	1.2733750	0.6379996	0.2912689	0.3774775	0.1405594
E	0.3115560	0.1810205	0.2869953	2.0471996	1.6272621	1.2851893	1.0695180	0.7009868	0.7725067	0.9394957	0.1209920
F	0.1938337	0.3014969	5.7994119	0.3494502	0.6790910	0.4522048	0.5340922	1.0012791	2.0281530	0.2674992	6.1893461
G	0.4191675	0.1497616	0.4378046	1.1156736	1.4499485	1.5616400	1.4428910	0.7372555	0.2954688	0.8324208	0.1218397
H	0.4010168	0.1616409	0.5729017	1.0232666	1.6798294	0.4228199	1.3864554	1.0061015	1.5761678	1.1633043	0.2308931
I	0.3574259	1.9042177	1.0097659	0.3138852	0.5648774	0.9288118	0.6642253	1.8139408	0.8275313	0.7921329	1.0408094
K	5.3579887	0.2913738	0.8202011	0.8805217	1.1476820	0.7620056	0.8699999	0.8476552	0.5868661	1.1579072	0.2530540
L	0.2532799	2.6653073	1.7335962	0.3411633	0.6111709	0.4127455	0.7487229	1.6703912	2.7171340	0.9237063	1.6629660
M	0.3069777	2.1683620	1.9345007	0.4328847	0.5450300	0.4577261	0.5663987	0.7269088	1.8948512	0.6053647	0.6595858
N	0.2985198	0.2791969	0.4784578	1.0856500	1.3520723	0.8424550	1.2031957	0.8869713	0.7203965	0.7092686	0.1296882
P	0.1514824	0.1229417	0.1830872	2.3316721	1.2743054	2.2411877	0.6164836	0.3209576	0.3890156	0.2633495	0.0733552
Q	0.8058212	1.6676921	0.7828057	1.1176332	1.1567165	0.6650136	1.2869458	1.2655043	1.8813073	1.3446764	0.1324458
R	5.7710792	0.1866085	0.6675504	0.5789627	0.9651877	0.5206229	0.6822047	2.0482899	0.6227512	1.0818841	0.2433423
S	0.8746845	0.8427484	0.5244499	1.4673995	0.9582408	1.8449631	1.6749952	1.0307327	0.4850272	1.9380004	0.1329933
T	0.4606253	2.6804676	0.3229988	0.7469995	0.5962888	1.1662814	1.0407300	0.6348037	0.7149036	1.9682885	0.1728273
V	0.3567803	2.6195109	0.6825233	0.4993943	0.6662177	0.7646564	0.9964477	1.1044060	0.9622433	1.6736611	0.3541287
W	0.1487714	0.1677637	3.2248086	0.1398463	1.6501755	0.3024267	0.9886915	0.1774882	1.5231348	0.6610606	21.1867789
Y	0.2632636	0.3565049	1.8100622	0.5127652	1.1363499	0.3212624	0.6150981	0.7628046	1.2158273	0.6125108	4.0151251
