##############
# A3303 PWM for 11-mers
#
# Copyright (2021) David Gfeller
##############
1.00000	684
A	0.3249735	1.1965583	0.9158831	0.7140541	0.9136797	0.6202182	0.8792584	0.8648017	0.8840729	1.0832461	0.1384219
C	0.6641433	0.5996136	1.1381838	1.1723817	1.1786815	1.1806748	1.1919955	1.1957858	1.1998799	1.1447780	0.0760175
D	2.3970983	0.1532610	0.1949321	2.2296765	0.8053528	1.9960443	1.0173306	0.5085690	0.4175483	0.2027618	0.1359153
E	6.9786458	0.1108232	0.3315384	1.8892862	1.4407765	1.4781588	1.3860331	0.9390979	0.7343862	0.9983857	0.2178658
F	0.8126975	1.7398637	0.9798301	0.3801648	1.0580328	0.6316864	0.5905822	1.5279646	1.0903051	0.6219954	0.0968025
G	0.1242024	0.2747080	0.2012808	1.0211761	0.8345240	1.1968320	1.3370399	0.8628174	0.2982150	0.8612295	0.1255446
H	1.3508063	0.1821975	0.2847388	1.8918437	1.0714747	0.6167297	0.7006259	1.0116173	1.4793411	2.4609209	0.2891854
I	0.3517351	1.3750753	1.7577088	0.3480291	0.7260242	0.5374147	1.0220201	1.7747353	1.5698414	0.5244174	0.1142428
K	0.2223277	0.1254596	2.7530830	0.7946451	1.3787434	1.2729184	1.4247351	1.1450489	0.9096098	1.0392665	1.5385967
L	0.2660576	0.6314777	1.7847897	0.3293799	0.7045097	0.6917613	0.8932639	1.3979957	0.8181657	1.4511276	0.1647278
M	1.3411113	1.0237364	1.8681737	0.3420133	0.5727573	0.5132265	0.7802702	0.7684106	1.2502241	0.7064491	0.1515631
N	0.9803717	0.4697597	0.6737967	1.1507837	0.8431468	1.6433564	0.9059756	0.6862934	0.8872232	1.1231803	0.2040368
P	0.1276472	0.1582186	0.1846096	2.5278094	1.3796193	1.0216413	0.7540747	0.5263714	0.1376241	0.6820235	0.1128056
Q	0.8211272	0.1241111	1.5368951	1.2770763	1.1816389	1.2422460	1.0878395	0.8897806	1.2006154	1.7249928	0.3150115
R	0.1734293	0.1134042	1.7737303	0.7093613	1.6562617	0.6728584	0.7377599	1.3169804	1.9604090	0.6741670	14.0256000
S	0.6345120	0.9883446	0.2618596	1.3428165	1.2191727	1.1485640	1.3579902	0.9395207	1.0208332	1.1980815	0.1602734
T	1.2779750	2.2331992	0.3690358	0.8016420	0.4885108	1.4723395	0.9867485	0.7317359	1.1879197	1.0330806	0.1750627
V	0.2494440	2.6116922	0.9682803	0.3679209	0.7360389	0.5514364	0.8099481	0.8846797	1.6270890	0.8310646	0.1093704
W	0.2173743	0.4271042	0.6372546	0.4028351	0.5270764	0.2089617	0.5212268	0.5343625	1.0484674	0.1301554	0.1058743
Y	0.6966365	7.3716394	0.9493749	0.4715560	1.1424751	0.6333715	0.7640643	0.7576383	1.1259932	1.6123444	0.1766621
