##############
# A3301 PWM for 11-mers
#
# Copyright (2021) David Gfeller
##############
1.00000	518
A	0.3026178	1.4506415	0.7653271	0.8684630	0.9252655	0.7766677	0.9768233	0.8441383	0.8142632	0.9527190	0.1698207
C	0.6621843	0.6210645	1.1292309	1.1659205	1.1742757	1.1715507	1.1843816	1.1987427	1.2049533	1.1362662	0.0955770
D	8.7669099	0.2870470	0.4213741	1.9630344	0.5098445	2.2362241	0.8754718	0.5476658	0.4114423	0.2579126	0.1638882
E	2.5219658	0.1371745	0.3906001	1.5343605	1.2855064	1.6587690	1.5104264	0.9025239	0.8260833	1.0171293	0.2382972
F	0.2785820	1.9803831	1.2318548	0.5345525	0.8964962	0.3466929	0.8875661	1.3600950	1.4338125	0.8126447	0.1627996
G	0.2436295	0.3285717	0.2744734	1.0933953	0.6500046	1.1654955	1.0666440	0.7113627	0.4455378	1.0044283	0.1306468
H	0.6800380	0.1934668	0.3013564	1.8706851	0.8838762	0.5468000	0.5310866	0.9304163	1.5373569	2.3059353	0.4165112
I	0.4514096	1.4039515	1.4332052	0.2474563	0.7027515	0.5589038	1.0496589	1.9389451	1.4989574	0.4653555	0.1499082
K	0.2540265	0.1541364	2.5306070	0.7186180	1.3144510	1.1103498	1.3371266	1.0813233	0.7885840	1.2617227	1.2194780
L	0.2245708	1.2165747	1.8162317	0.6098737	0.8291843	0.5086692	0.8812411	1.6909917	0.7074583	1.3839686	0.2589283
M	0.7736794	1.3526777	1.8900324	0.4974590	0.8412594	0.5032371	0.7852241	0.7885553	1.0077063	0.6273782	0.3165144
N	1.6300969	1.2532396	0.8512704	1.1547805	0.6623946	1.6523880	0.9875302	0.6800225	0.9436722	1.4162812	0.2478703
P	0.1217306	0.3538167	0.1056289	2.3230191	1.6013202	0.7428756	1.1126808	0.5130549	0.2023057	0.4910290	0.1382879
Q	0.4829940	0.1886136	1.3555840	1.2062060	0.8321016	0.8774400	0.9753559	0.5367227	1.3897051	2.1638062	0.3435899
R	0.2060822	0.1391792	2.1206074	0.8012243	2.0782324	0.8944132	0.6165926	1.0437676	1.4226127	0.8034225	13.5247106
S	0.6471457	0.7028999	0.3007060	1.1738597	1.1754893	1.3662854	1.3720011	0.9643875	0.9825978	0.9241756	0.2178730
T	0.6614158	1.4932620	0.3989016	0.8286660	0.5528848	1.4526791	0.9795581	0.7750097	1.1269819	0.8634504	0.2159584
V	0.3772403	2.4869025	0.7457509	0.3529736	1.0131738	0.5708183	0.7892324	0.8327645	1.7298686	0.7354041	0.2075185
W	0.1049585	0.6185655	1.2030436	0.2628606	0.7973934	0.6496616	0.7893490	0.8184093	1.6219250	0.1601744	0.2655927
Y	0.1959109	4.2029233	0.8417897	0.9557646	1.1759338	0.7325409	0.6068196	1.2105171	1.4435171	1.4652493	0.2230146
