##############
# A3402 PWM for 11-mers
#
# Copyright (2021) David Gfeller
##############
1.00000	425
A	0.5781011	1.9529248	1.4366861	1.1334021	1.2840874	0.8115433	1.1137318	0.9685821	1.2323251	0.7888877	0.2326817
C	0.6444467	0.4243940	0.5231980	0.5965595	0.6114320	0.6136932	0.6171405	0.6184294	0.6378267	0.1686410	0.1209281
D	1.4205524	0.2501626	0.7225796	2.2655918	0.9719819	1.2086882	0.7879591	0.9282783	0.4751319	0.2849672	0.2655881
E	6.0861116	0.3229034	0.4633127	1.9746640	1.3321851	1.1293700	0.9617663	0.9813545	0.5812293	0.9628019	0.3629807
F	0.5875598	0.3664617	2.0550380	0.6804045	0.6354835	0.6253953	0.7603295	0.6695084	0.9676950	1.1498152	0.1547878
G	0.3198984	0.3579396	0.3813561	1.2170436	1.3437733	1.3096561	0.9330655	1.1472059	0.7309832	0.8636552	0.2087879
H	1.5799228	0.2255959	0.3707421	0.9964258	0.9039785	0.4927073	1.1916667	0.7659613	0.9609784	0.9966985	0.3931675
I	0.4222490	1.3120494	1.8914171	0.3440034	0.5133906	0.8121458	0.8400324	1.6814043	1.3434300	0.5921967	0.2599643
K	0.3424979	0.2011970	0.3347143	0.5835639	0.8021120	0.9476632	1.2137679	0.8233572	0.8447176	1.7880320	9.4799005
L	0.2583443	0.7210903	1.6074718	0.4172845	0.5778906	0.9832134	0.9359147	0.9151644	1.4393793	1.5997512	0.4525197
M	1.6461029	0.3325044	1.6671547	0.4299183	0.6747843	0.6370502	1.0755846	0.7248277	1.7164325	0.6760229	0.3760102
N	1.0480217	0.3895546	0.4804444	1.0049769	0.8896269	0.8916594	1.0126168	1.2550068	0.7730547	0.9111465	0.3350911
P	0.1847196	0.3695068	0.4953539	1.9534220	1.7491756	0.7752338	0.7785321	1.1160408	0.5472075	1.0427329	0.1941447
Q	0.9090545	0.2377784	0.4556680	0.8957110	1.2724743	0.9621287	1.3271300	1.3566331	0.8535676	1.6129671	0.4121864
R	0.2804536	0.1718910	0.3685665	0.5471438	0.4838487	0.8488907	0.7335757	0.5134249	0.8084122	1.1931401	2.8884498
S	1.3116576	1.0904060	0.6174103	1.5307498	1.8891487	1.7273882	1.5494602	1.2741797	1.1926455	0.8335913	0.3324488
T	1.0129335	4.5748446	0.7053156	0.7580549	0.8352341	1.1977652	1.2657295	1.1295765	1.4704289	0.9138128	0.2693747
V	0.3379288	3.3176648	1.0847184	0.4684342	1.0472669	1.1058140	0.9305302	0.9934603	1.4754332	0.7974154	0.2038034
W	0.4782852	0.4702828	0.9025066	0.4722812	0.3091979	0.6394615	0.4847223	0.1592177	0.1686752	0.3445928	0.3093909
Y	0.8969481	0.3983132	4.3317302	1.0710623	0.7009269	1.0744673	0.9721853	0.7735332	0.6151734	1.3677613	0.6905556
