##############
# A3401 PWM for 11-mers
#
# Copyright (2021) David Gfeller
##############
1.00000	191
A	0.5517380	2.2156632	1.8306213	1.0722605	1.3498355	0.9438451	1.0092702	1.2220285	1.4927195	1.2773720	0.3527956
C	0.6388405	0.5472967	0.5970723	0.6363949	0.6980074	0.6632483	0.6572619	0.6947442	0.7153763	0.2815176	0.1806419
D	1.8096835	0.3124010	0.2454095	2.4046510	0.6000924	1.3153048	1.2811573	0.5755282	0.3426140	0.3470494	0.4373427
E	7.2827302	0.4252185	0.2891053	1.2392145	0.4388954	1.3287027	0.8936868	0.6763113	0.5624438	0.7600081	0.4859903
F	0.3200417	0.4694453	3.1539286	1.1233080	0.4036798	0.4892223	0.6451465	1.2922489	0.5026078	1.0308456	0.2463619
G	0.2728744	0.4509667	0.6501763	1.5316862	1.3476129	1.5445829	1.6929191	1.6796243	1.1396960	1.4535565	0.2421254
H	1.0822409	0.2303365	1.3613929	0.9883482	1.0890334	0.7391750	1.1040796	0.6864961	0.8394630	1.0195068	0.5689094
I	0.3138337	1.7947938	2.2972540	0.5506890	0.8256746	0.4951312	0.9705704	1.2657547	0.8036212	0.4334344	0.2429037
K	0.5565102	0.3034917	0.7267904	0.7593575	0.4161406	1.0420079	1.2194111	0.5479369	0.6209099	1.4372958	1.1410156
L	0.4137448	0.9934762	0.6516998	0.4652659	0.7291602	0.8648049	0.8197710	1.1767188	0.9681067	1.1877753	0.5169301
M	0.5691206	0.7073901	1.1347116	0.5974869	0.6657799	0.6540250	0.7832385	0.6222296	1.0877988	0.7131650	0.6149296
N	0.4970183	0.2788841	0.2992332	0.8417886	1.0084549	0.9130362	1.0378684	0.7440773	0.8006224	0.8673874	0.6046275
P	0.3183506	0.7216981	0.4089039	1.6797355	2.5222397	0.7429893	1.1715846	0.8694626	0.3021598	0.7431549	0.1930314
Q	1.0882322	0.6739160	1.1512659	0.9370922	0.8865804	0.9684799	0.8592820	1.1073346	1.2393101	2.0027726	0.7701302
R	0.4204710	0.3165653	0.4785963	0.6951907	0.4238413	0.8560193	0.7868355	0.3611959	1.0138782	1.0921955	10.6117343
S	0.7207579	0.8571564	0.5461630	1.0204773	1.7403405	1.4241998	1.2013578	0.8282253	2.3129958	1.1716210	0.4034664
T	0.9592792	0.9915501	0.6706859	0.9172019	1.2786062	1.7757433	0.9944343	1.6371262	1.6602316	0.8284843	0.3454894
V	0.3855347	4.1898561	1.2883943	0.7104198	1.3565037	0.7511315	0.8251307	1.4288113	1.2948317	0.8621688	0.2667100
W	0.2277099	0.2309618	1.3085883	0.2498417	0.5414329	0.2530789	0.2397744	0.2716532	0.5567245	0.2780874	0.5576104
Y	0.3123991	0.3393034	2.1527904	0.8036019	0.6676492	0.8831616	0.5612905	0.7272542	0.4591977	0.9586719	0.4285208
