##############
# A3601 PWM for 11-mers
#
# Copyright (2021) David Gfeller
##############
1.00000	272
A	0.9014044	0.7708833	0.4478936	0.6742903	1.2377551	1.1015539	0.9616554	0.8893548	0.8470854	0.7697629	0.2681917
C	0.6726636	0.4833181	0.4635393	0.6313755	0.6378168	0.6327981	0.6350620	0.6426083	0.6463950	0.2230569	0.1707179
D	0.2623719	0.2784924	7.4604219	1.7053211	1.1846815	2.1299200	1.1354030	1.1636281	1.5431497	0.7163860	0.1550161
E	0.3840089	0.2667365	3.5599296	0.8927597	1.5005947	0.9388023	1.1085307	0.4820618	0.8362325	0.9098964	0.2005892
F	0.3071652	0.2990112	0.5168817	0.7049898	0.7366827	0.8445816	0.9347288	1.6178538	1.5786144	1.9456580	1.5298102
G	0.6281029	0.2735495	0.4538765	1.0472147	1.1444392	1.7914366	1.2710157	1.5170285	0.7980104	0.6218463	0.1539644
H	1.7661191	0.2314297	0.3277813	0.8703582	1.0007279	0.7880731	1.2643334	0.8688185	1.1849188	0.8333245	0.7134937
I	1.1339121	1.1563611	0.3255074	0.9490545	0.7252139	0.6496737	0.8688071	0.9310752	0.5892642	0.5564711	0.3224338
K	3.5499789	0.2996896	0.4093858	1.1158102	0.7498839	0.9755840	1.0495839	1.1833836	0.5445465	1.1185864	0.4666243
L	0.5814859	1.1365749	0.2643768	0.7637472	0.7468770	0.6657227	0.8040598	1.3694245	1.8243066	1.9940128	0.3961453
M	0.5498083	1.6121835	0.7200262	0.7358957	0.3359929	0.6180600	0.5579259	0.6992289	1.1337281	0.9630102	0.5429899
N	0.4063104	0.3745801	0.5830992	0.8378507	1.1850817	1.4449296	0.6911263	0.9141317	0.9830421	0.6578066	0.2194954
P	0.1810821	0.2030177	0.2984641	1.7242366	1.0672062	0.6217616	0.8298606	0.4970498	0.5544419	0.1581482	0.1307550
Q	0.6707891	0.3513600	0.7296776	0.7642593	1.2092546	0.7572434	0.9988852	0.6601899	1.4203506	1.2680414	0.2464602
R	4.0155110	0.2583228	0.2807302	1.1896416	0.6695845	0.7108890	0.8510716	0.6566616	0.4112385	1.3112284	0.2298396
S	0.6853340	3.4840388	0.7874748	1.4441341	1.3946335	1.0956194	1.0996392	0.9832841	0.9483177	0.7774502	0.2861583
T	0.5506235	5.1049829	0.3994279	1.1780798	1.2268310	1.0315218	1.1129328	1.1547647	1.1166023	0.6371503	0.2331112
V	0.9847600	1.1617095	0.2521059	0.8469880	0.6928596	0.8608381	1.3238566	0.8839627	0.8128472	0.7447090	0.3056389
W	0.2019504	0.2003662	0.6336347	0.4278278	0.4583114	0.4452131	0.9173532	0.9468904	1.1869490	0.7945816	0.9144353
Y	0.4647059	0.2708401	0.4881793	0.5434422	1.3387971	0.8952117	1.1801441	1.3094206	1.1581487	2.9784842	22.6025445
