##############
# A6601 PWM for 11-mers
#
# Copyright (2021) David Gfeller
##############
1.00000	225
A	0.4960245	1.5148979	1.0094920	1.0969639	1.3347213	0.7586785	0.8831944	1.0599925	1.2988029	0.9888516	0.3243870
C	0.6479170	0.5298801	0.5855096	0.6352075	0.6805451	0.6492389	0.6541438	0.6700116	0.6879658	0.2567420	0.1649995
D	3.2494119	0.3804986	0.2191407	2.2285255	0.4979643	1.4116260	1.0894540	0.4643853	0.3281792	0.4320070	0.2764728
E	5.0227375	0.2682712	0.2911126	1.4555357	0.5477354	1.1054334	0.8993507	0.6005076	0.5628141	0.7069892	0.4396727
F	1.2085337	0.3234138	1.8843968	0.6882766	0.6470764	0.4147767	0.7406543	1.3990661	0.3697540	1.0497349	0.2885602
G	0.3598856	0.3294055	0.3100509	1.3224532	1.3842238	1.7929861	1.3068524	1.7079270	1.4346636	1.2708580	0.2671512
H	1.1825164	0.2204936	0.7397760	0.8898168	0.6323352	0.4340132	0.7621105	0.6359347	0.9982499	1.0363251	0.5162165
I	0.3056898	1.1375722	3.8347694	0.4534196	0.5422421	0.5596617	1.0414762	1.2490782	0.9343514	0.5110724	0.3581133
K	0.4451284	0.2985425	0.9655712	0.7039337	0.4839512	0.9042193	1.1042648	0.5015297	0.5837705	1.3163851	1.0653462
L	0.3661818	0.5671571	0.8926474	0.5051328	0.7020263	0.6107358	1.0306330	1.1725732	0.8357924	1.2976230	0.3771204
M	0.8553778	0.4831759	1.5484171	0.5485468	0.4838013	0.6803790	0.7430592	0.8908567	1.0893140	0.7720567	0.4435997
N	0.7534755	0.3434978	0.4571059	1.1087926	1.1162956	1.1129677	1.1330596	1.0081752	1.2120636	1.1184406	0.4822666
P	0.2763460	0.2767222	0.2286929	1.7475318	2.6663323	0.9822147	1.0980284	1.0837165	0.2714123	0.9141361	0.1771949
Q	0.9499862	0.3549652	0.8282043	1.2184003	1.0235523	0.9419051	1.0588921	0.7892318	1.3478448	1.2187247	0.5702617
R	0.3459946	0.2558970	0.4880209	0.5340920	0.3966310	1.0328815	0.7631660	0.5411624	1.3013122	1.0652982	11.5391954
S	1.0568900	1.6260831	0.6208985	1.2813108	1.8771417	1.9176831	1.6275704	1.1132612	1.9379067	1.2170642	0.3691303
T	0.8261002	4.2481679	0.6239728	1.1673387	1.4227711	1.6697247	1.0774009	1.3158831	1.8582348	0.9622097	0.3173560
V	0.3547179	3.8122400	1.7544133	0.6872437	1.2416880	0.6675536	0.8117953	1.1087708	1.0876823	0.8785058	0.2915377
W	0.5046858	0.2124781	1.3999818	0.4758571	0.4815453	0.4868228	0.2237533	0.2706665	0.2223688	0.5566155	0.2230928
Y	0.6451199	0.3002396	2.1356779	0.4011830	0.5055193	0.5789534	0.5151264	1.2600190	0.4070610	1.6835003	0.2884436
