##############
# A6802 PWM for 11-mers
#
# Copyright (2021) David Gfeller
##############
1.00000	192
A	0.4595864	1.2313595	2.2434094	1.0034393	1.0843040	1.3725787	1.2739150	0.6873439	1.3938289	0.9848198	0.8875681
C	0.8409525	0.6582355	1.0679590	0.9203704	0.9617763	0.9601394	0.9429248	0.9527021	0.9681810	0.6559535	0.3857080
D	1.8384633	0.2785489	0.3810277	2.2887314	0.9137634	0.9256907	0.9876987	1.0287924	1.1581351	0.4206041	0.2040113
E	4.3687064	0.2741049	0.2682855	1.3578774	0.7524347	0.9069161	0.9174592	0.6920884	0.9571614	1.1265655	0.3186983
F	1.4059949	0.3593294	3.5115450	0.5012976	0.6470500	1.0818215	0.8385249	1.0221505	0.6631570	1.4821421	1.0847875
G	0.2779475	0.2826494	0.4624245	1.2222232	0.9770124	1.2543541	1.5591816	1.3672457	0.9693948	1.2401144	0.2594839
H	2.0800653	0.2299511	0.4452276	1.3741054	1.1884123	0.9612841	1.9793441	0.8091901	1.4742332	1.6574739	0.3431204
I	0.4681173	1.5785589	2.4089646	0.4847928	1.0922825	1.0519329	0.7621465	1.3001243	1.2085366	0.5266593	2.3361104
K	0.4735519	0.3132593	0.5977621	0.6869778	0.7229787	0.9451696	0.8353886	0.8539024	0.4104055	0.9289845	0.5641219
L	0.3414444	0.5458954	0.5779336	0.3550025	0.7465401	0.8085900	0.9834998	1.5348519	0.9270781	0.9665939	2.6145246
M	1.3234869	0.5389016	0.8710256	0.4432258	0.7975925	0.7985560	0.9104063	1.0033307	1.2052040	0.8096323	1.2508541
N	0.9307449	0.5049776	0.5194345	1.0125988	0.8352364	0.9239898	0.7789501	1.0420541	0.6742227	0.9270707	0.5255264
P	0.2247407	0.3696308	0.5581230	2.3290255	2.1597857	0.7919563	1.3646422	1.0615506	0.5649976	0.5727918	0.1667592
Q	1.0165187	0.3754956	0.4313870	1.1117167	0.8903033	0.6086052	0.9878592	1.1814731	1.1948372	1.2536479	0.2539685
R	0.4973940	0.2708164	0.3274853	0.8260256	0.5582459	0.9335119	0.6352468	0.4434211	0.4835098	1.1460429	0.3707693
S	0.9299154	0.9569131	1.0651148	1.6201283	1.1829232	1.4156880	1.0407066	0.8664830	0.8915767	1.0505106	0.3235428
T	1.4762732	4.7887436	0.6401522	0.7678567	1.3409998	0.9989273	0.7952220	0.9109882	0.8669121	1.3212123	0.4640925
V	0.4259639	3.7930073	1.1159211	0.4054828	1.4449406	1.0324863	0.7206730	1.2600552	1.7532952	0.8055927	3.8681833
W	0.3026001	0.2315889	0.6803258	0.2165566	0.8361443	0.5681768	0.5669372	0.2521583	0.8974108	0.3277929	0.2668624
Y	1.4240237	0.3276166	2.0063042	0.5380025	0.4643817	0.8199351	0.9350087	0.4801680	1.5921628	1.8822501	0.4039742
