##############
# A6801 PWM for 11-mers
#
# Copyright (2018) David Gfeller
##############
1.00000	1941	1
A	0.4134882	2.1487132	2.6165543	0.9699108	1.3440062	1.0139223	1.0449287	1.4222804	1.0770754	0.7901575	0.0898955
C	1.0593663	0.3462911	1.0309979	1.0342393	1.0443679	1.0442291	1.0415202	1.0470753	1.0496387	0.8895809	0.0760928
D	2.9417110	0.1820771	0.1976626	2.5444850	0.9852409	1.3751103	0.8694865	0.4743469	0.3349058	0.2148920	0.0683460
E	6.0441674	0.1063317	0.2999756	2.0162532	1.2245044	1.4003290	1.2358381	0.8719320	0.5565399	1.0235014	0.0844726
F	0.6359740	0.1197123	2.4512494	0.3292614	0.4383903	0.6033558	0.4261544	0.7740921	0.6368597	0.6327249	0.2078116
G	0.2419188	0.1901582	0.3037404	1.6380255	1.1929525	1.4283128	1.4348058	1.2908995	0.5731193	0.9656394	0.0686904
H	1.3775762	0.0397385	0.6346437	0.8054804	0.7505175	0.4130159	1.0781928	0.5869411	1.4653221	0.9550518	0.1046584
I	0.2655495	1.0508302	2.3516293	0.1918342	0.5746288	0.7090002	0.6361467	1.5125211	1.5314089	0.2826161	0.0445489
K	0.1229153	0.0759410	0.5486078	0.7805845	0.7153371	0.8552751	1.4415170	0.9433894	0.6589132	1.7095145	3.5527325
L	0.2432520	0.5128722	0.3228021	0.2975774	0.9008632	0.8012357	0.7375411	0.8580318	0.8654221	1.2386515	0.2625792
M	0.5570542	0.1450652	0.6967033	0.2902568	0.4952336	0.5563120	0.4504905	0.5454972	0.9237303	0.5216267	0.1729562
N	1.2615888	0.1868646	0.6083751	1.1589011	1.0344009	0.9296801	1.2923714	0.8398395	1.0291130	1.0703940	0.0841047
P	0.0444005	0.2680093	0.6416442	1.3723950	1.3642807	0.9068472	0.9612129	0.9277663	0.2935206	0.5733127	0.0484490
Q	0.6657505	0.1156111	0.7528946	1.3899537	1.0439890	1.2893632	1.0376828	1.1718564	1.4753415	2.0920440	0.1766569
R	0.1507750	0.0729692	0.1226731	0.7886002	0.5478984	0.6078590	0.8388636	0.4619452	1.0763457	1.7445969	13.7370783
S	1.2900069	1.5155462	1.0757284	1.6832590	1.6412568	1.7310704	1.5561241	1.1807779	1.1810139	1.1384106	0.1046716
T	1.7079300	4.5813186	0.4468617	1.0964364	1.3024824	1.3927761	1.3371116	1.1072169	1.5338878	1.5225453	0.0992503
V	0.1946236	4.1094843	1.9192236	0.3313695	1.1963816	0.9356072	0.8569357	1.4412336	1.9964431	0.7270709	0.0672955
W	0.1953090	0.1483287	0.8757439	0.3802737	0.6196547	0.1964952	0.2900774	0.0577572	0.4857737	0.2515733	0.1026192
Y	0.4158008	0.1747606	1.4870165	0.3774666	0.3351394	0.4959380	0.4480202	0.7247963	0.7471511	1.2266663	0.2704572
