##############
# A7401 PWM for 11-mers
#
# Copyright (2021) David Gfeller
##############
1.00000	553
A	1.0163966	0.3214088	0.8272109	0.8350334	1.0638098	1.1162228	0.8379144	1.0376787	0.9865361	0.9642856	0.1610754
C	0.6386182	0.3743787	0.4752038	0.5739033	0.5866514	0.5931489	0.5983885	0.6006652	0.6106099	0.1455682	0.0903548
D	0.1744165	0.1161084	0.1524591	2.6889267	0.8581532	1.2416858	1.1218350	0.5731446	0.2544596	0.3167008	0.1561565
E	0.2354712	0.1339397	0.3028710	2.3356966	1.1980130	1.3954019	1.2294538	0.9385763	0.3706860	0.9382438	0.2280589
F	0.1231681	0.2562903	2.7026207	0.4566294	0.7841245	0.6075074	0.4947890	0.9804023	1.8774548	1.0616882	0.1895486
G	0.5232171	0.1528567	0.2220326	0.9194609	1.3024413	1.2075143	1.5104471	1.2027846	0.2657400	0.5002139	0.1241941
H	0.5891383	0.1205477	0.3024665	0.4690627	0.9579326	0.8570642	0.6761900	0.6799140	1.1126816	0.7028839	0.2290352
I	0.3629441	1.6889631	1.2417269	0.3988088	0.8750064	0.7552682	0.6610066	1.2622894	1.5476185	0.5818595	0.1166617
K	4.0857314	0.1752436	2.1751953	0.7248914	1.1815065	0.9463882	1.2245941	1.1448876	0.6757732	1.0681199	1.1654707
L	0.2390203	3.4573776	1.3457841	0.3537818	0.7132242	0.6165237	0.9540616	1.0114493	1.0426700	1.7846769	0.2754783
M	0.5406040	1.9298003	1.9834735	0.5268211	0.6255898	0.6199912	1.0522306	0.8375469	1.5811973	0.8159038	0.1829500
N	0.2701650	0.1428232	1.0844946	1.0191883	0.8467338	1.2352830	0.7616400	0.9802148	0.5109643	0.8122993	0.2365070
P	0.1192740	0.0941129	0.2177595	2.3517460	1.4819616	1.1923238	1.0747574	0.9531789	0.4295274	1.1815186	0.1013447
Q	0.6227407	1.4906829	1.8438000	1.5034303	1.1549288	0.8705003	0.8680247	0.9762063	0.8025606	2.1869528	0.3659223
R	6.4883967	0.1419606	1.9258807	0.6684083	1.2549197	0.8805492	0.7251145	1.5873188	1.8810079	1.2925339	13.9150056
S	1.0816798	0.4811804	0.4188029	1.1148892	0.9480592	1.5307306	1.5950794	1.0386190	0.8875805	0.9142661	0.1857722
T	0.4768017	2.7247746	0.3265914	0.8808465	0.7960022	0.9751635	1.1134173	0.6727778	1.1583693	0.8706730	0.2052414
V	0.3981539	2.9147156	0.6146777	0.4663372	0.7627824	0.8258915	1.0290393	1.1251002	2.0862327	0.9359061	0.1744792
W	0.1196740	0.1355975	2.3074054	0.6131597	2.3851206	0.6390518	0.7570500	0.5168079	1.9197926	0.4129254	0.1259977
Y	0.1616579	0.1871176	1.3594786	0.4558238	0.8403617	1.2211545	0.5730761	0.6942515	0.8948085	1.5287041	0.2103339
