##############
# B0702 PWM for 11-mers
#
# Copyright (2018) David Gfeller
##############
0.55953	625	1
A	1.9464858	0.5105569	0.7574438	1.1972371	1.1136591	0.8095818	1.1106619	1.2841387	1.4161438	1.8001350	0.5479184
C	0.7368794	0.2655115	0.4126297	0.6559196	0.6660842	0.6641862	0.6591650	0.6698640	0.6833774	0.6734752	0.4475480
D	0.1562573	0.1699830	0.1921608	1.2922399	0.6573486	0.9254292	0.8001764	0.8386420	0.7612630	0.5073774	0.1373877
E	0.2241886	0.1862839	0.1870227	0.9047043	0.5096028	0.9366544	1.0064387	1.0074341	0.6179259	0.9127058	0.0956270
F	0.4469520	0.0859945	0.7660763	0.3134565	0.5310559	0.6663571	0.4087740	0.7374502	0.1530750	0.6433186	2.0364993
G	0.7568591	0.2577849	0.2519920	1.6708408	1.3740494	1.9972126	1.5332844	1.1460630	0.8239811	0.6946945	0.2135003
H	0.8265838	0.1084143	0.7169001	1.0546840	0.4517771	0.7783854	0.8267714	0.8160458	0.6372173	0.4122520	0.1915357
I	0.6620334	0.1957778	0.5947281	0.4595161	0.4322232	0.4626433	0.3468112	0.8074241	0.8561189	0.6828162	1.0013329
K	1.4762693	0.2394502	1.5283968	1.0643895	1.1269791	0.6126610	1.2675307	0.3933389	0.5531717	0.7689376	0.3823027
L	0.5695827	0.2658303	0.4960085	0.5531765	0.7057398	0.7722744	0.7547546	1.2263754	1.1187325	0.7832128	5.6360695
M	0.6573826	0.2458685	0.9827451	0.4043676	0.4740125	0.2013316	0.2520477	0.4496737	0.4557446	0.3903328	2.3841183
N	0.4421725	0.1986055	0.1938712	1.2214057	0.8927957	0.7598850	1.0306522	0.9526713	0.7516671	0.5045913	0.1299146
P	0.3410549	12.2857815	0.6288529	1.9117442	3.1586722	1.3623687	1.6151776	1.4974211	0.7739784	0.7077436	0.3136623
Q	1.2129782	0.1998444	0.6988736	1.0710608	1.2441046	1.5132692	1.1407807	0.7617443	1.2543320	1.2572737	0.2766252
R	3.6665626	0.3393850	8.8485335	1.2037687	0.3096901	0.6182294	1.5231898	1.2313586	1.1390385	0.7792940	0.2317268
S	2.1094678	0.2925152	0.4640504	1.6034133	1.8283811	2.2360918	1.8937729	1.5489136	2.8975072	2.8208031	0.1246660
T	0.8818622	0.4135485	0.4602153	1.0610854	1.1624295	1.6197587	0.7534564	1.2777992	1.3039864	1.7123084	0.3783644
V	1.0097595	0.4794958	0.4925688	0.4728479	0.9430622	0.7387791	0.8330676	0.7994805	1.1307429	1.1939846	0.8892553
W	0.5498203	0.0731167	0.5726112	0.5393233	0.3984621	0.4160605	0.5408163	0.8203754	0.2726512	0.2810987	0.1880628
Y	0.3906030	0.1136789	1.1641720	0.5103724	0.3767790	0.7436896	0.3801466	0.3504177	0.4673235	0.6134442	0.5888542
