##############
# B0702 PWM for 11-mers
#
# Copyright (2018) David Gfeller
##############
0.46613	523	1
A	2.1598062	0.7786355	2.2240631	1.4659174	1.4234964	0.7467394	1.9034992	0.9829528	1.5279260	1.9488310	0.3739444
C	0.7587649	0.2821817	0.4814603	0.6704434	0.6718323	0.6428345	0.7034413	0.6673488	0.6980678	0.6900445	0.4751352
D	0.2228080	0.1961376	2.1640718	1.3239342	0.6317808	0.7421023	0.4478360	0.5374840	0.2001981	0.4104675	0.1193852
E	0.2574278	0.2140538	0.6336943	1.2985746	1.0549485	0.5792641	0.3601787	0.4713958	0.7208817	0.8026849	0.0996987
F	0.2786851	0.1274839	0.2231514	0.4763787	0.3735401	0.3848742	0.8239064	0.8334900	0.4944113	0.3455487	1.2258364
G	0.6411499	0.3295582	0.7481494	1.3791824	1.2986474	0.8665875	1.0663763	1.1698980	0.7543459	0.5781508	0.1851995
H	0.8620296	0.1762724	0.3956064	1.1219058	0.9725573	2.1475692	0.8426669	0.8632958	1.4915894	0.9046993	0.1051223
I	0.5901013	0.1678621	0.6780932	0.2976165	0.5408956	0.2081957	0.9464786	0.4723799	0.9154150	0.5384574	0.8125462
K	1.5616495	0.1946494	0.4121530	1.0527221	1.3273721	2.4013791	0.5985772	1.6614148	0.4941638	0.7260979	0.2789312
L	0.6622750	0.1196464	0.2330966	0.7689606	0.5544622	0.3932700	0.7126022	1.1129386	0.7508590	0.7880591	6.7880376
M	0.8756676	0.1408392	1.6173523	0.5391041	0.4166535	0.5898744	0.9638850	1.0262281	0.5811634	0.8302628	2.0831281
N	0.8060766	0.1915781	2.0194625	0.8806067	1.0869970	1.0362545	0.5689804	0.8183816	1.0815286	0.5543051	0.1026392
P	0.1098620	12.4374624	0.3274511	1.1412725	0.8501260	0.4207093	0.7693083	0.4147153	0.3977234	0.2423450	0.0945736
Q	0.6092865	0.1508989	1.3147396	1.2046301	1.7402962	0.6198448	1.2478039	1.0925665	1.8742458	2.0234782	0.1223814
R	2.5761332	0.1448348	0.2077873	1.0092414	1.6959383	5.6107228	0.8642457	3.0020042	1.0951377	0.9491655	0.1391316
S	3.3053479	0.2674664	4.1047227	2.0157246	1.6310852	1.1720326	2.1469913	1.0357368	2.4744966	2.5805561	0.1297475
T	1.0662519	0.4470615	0.5878682	0.7847700	1.1731737	0.6284081	1.5238120	0.7951339	1.6164812	2.2802285	0.3211813
V	0.5137379	0.3669432	0.3472864	0.5037751	0.6720332	0.4790674	1.2879725	0.9572095	1.2034059	0.9973077	0.8565458
W	0.1714278	0.0808261	0.1518493	1.1129910	0.3250417	0.1568637	0.4906590	0.5065848	0.3246607	0.1636811	0.3657452
Y	0.9584117	0.1284864	0.5817454	0.5490264	0.8551250	0.2473420	0.6693897	1.2392692	0.4610754	0.4981267	0.4456872
