##############
# B0801 PWM for 11-mers
#
# Copyright (2021) David Gfeller
##############
1.00000	193
A	0.6394600	0.9995445	1.0363185	0.8963012	0.7977018	1.1218768	0.9201956	0.8064881	1.1290417	2.1606734	0.4484357
C	0.6516035	0.4736056	0.4366844	0.6336409	0.5915949	0.6164429	0.6246322	0.6126868	0.6239329	0.9624880	0.3915518
D	2.0420888	0.5161256	0.4478153	1.1457491	0.8231170	1.1263266	0.8472961	1.2437332	0.6405551	0.5932525	0.1758114
E	1.5957643	0.4707075	0.6359061	1.4569210	1.1059369	1.4917167	1.0772741	1.7232206	1.3003953	0.8712115	0.1988874
F	2.3373398	0.4622356	0.9824438	0.6824815	0.3570850	0.3740961	0.8642485	0.5147111	0.8750763	0.5329242	1.4550032
G	0.4195452	0.5073557	0.3318730	0.5955597	0.8139567	1.2657501	0.7977977	0.9172197	0.5079906	0.5493962	0.2854857
H	1.6366425	0.2406279	1.2518216	1.0965015	0.7400135	0.9995470	0.9623964	1.5016280	4.3158878	0.3210819	0.2387759
I	0.9922492	1.9883133	1.3387614	1.1078143	0.7285533	0.4809365	1.0063461	1.5001534	1.0628244	1.2923007	1.1106896
K	0.5051401	0.3024631	3.0385253	0.9703674	3.3697129	1.8619072	1.5902902	1.6695396	0.7541169	0.4815609	0.4501668
L	1.1948927	1.9533511	1.3331844	1.4125025	0.9311628	0.7237214	1.5202834	0.8047183	1.0216214	0.8513628	5.0684114
M	1.3331868	1.4240116	0.9962585	0.6155649	0.5429979	1.2456937	0.8709790	0.4382966	0.9544134	0.7269483	2.9870031
N	0.9303743	0.4132576	0.8238629	0.6947622	0.7257179	1.3449356	0.5979800	1.1700754	1.3914173	0.5299981	0.3560144
P	0.2650232	4.8821507	0.5767477	1.3827638	1.0261063	0.7354989	0.9318882	0.6504110	0.4256033	0.5204541	0.1503769
Q	0.7638832	0.5063613	0.7497484	1.0269609	1.1257560	1.1535184	0.7948515	0.9001331	1.3411714	1.5942365	0.3257652
R	0.3711292	0.3049765	1.2702225	0.8981874	2.1583378	0.7918239	1.4096452	0.4609063	0.5472182	0.3237088	0.3739318
S	0.6853268	0.3672300	0.6947285	0.9873954	0.5838901	1.1254453	0.7349020	0.8566727	1.0369302	1.8305657	0.2372779
T	1.1179809	0.4324058	0.6183368	1.0440608	0.7302516	1.0511032	0.7305515	0.9753804	0.8037650	1.4587759	0.5174359
V	0.8569443	1.2266414	0.7067683	1.0607094	0.6462063	0.7749554	1.0035505	1.0018580	0.9838841	1.5273617	1.1923834
W	1.2544967	0.2073998	1.5217124	0.2442119	0.2248926	0.2351584	1.4848396	0.5627986	0.5866454	0.5668113	0.6312322
Y	1.7282339	0.3112358	1.1989319	0.5785858	0.3156206	0.5411085	0.6078089	1.0189624	1.0251483	1.0063222	0.8921365
