##############
# B1301 PWM for 11-mers
#
# Copyright (2021) David Gfeller
##############
1.00000	515
A	1.2798316	0.3566423	1.2422858	1.3075280	0.8880406	0.8742658	1.0493846	1.2642026	1.0200914	1.0851992	0.1538285
C	0.6411571	0.3427089	0.4995228	0.5869941	0.5838289	0.5933471	0.5971082	0.6009045	0.5798205	0.1559021	0.1627832
D	0.1679995	0.1594603	1.0127923	2.3730154	2.5009116	1.3738239	1.5713581	0.7063867	3.1591186	0.3459564	0.1161992
E	0.2472937	0.3538019	1.0107012	1.8740838	3.0504268	1.5028029	1.4532206	1.1867287	4.1101901	1.0722662	0.1186985
F	0.3548608	0.2348130	2.4556020	0.6530058	0.5735265	0.5996769	0.8657821	0.8291070	0.3072312	0.5852253	4.7135151
G	0.7298408	0.1473374	0.2617643	0.9622200	1.0051749	1.5060282	1.0625137	2.0880766	0.3536667	0.6306919	0.0934554
H	1.8593993	0.1934734	1.6836755	1.0266952	0.7950281	1.4905887	0.9510864	0.5401687	1.1084707	1.3361360	0.1308244
I	0.5707978	1.2959881	2.2849207	0.5456048	0.6477412	1.0270516	1.2075378	0.8359805	0.4539009	0.6132746	2.2066640
K	2.0997882	0.2488769	0.2858058	0.8072417	0.4610510	1.0630957	1.5110076	0.9169600	0.3051431	1.7419526	0.1103167
L	0.3755102	3.6329370	1.1422230	0.6668597	0.6009076	0.6882654	0.7707968	0.8714703	0.6189845	1.2600057	4.2031614
M	0.2716408	1.1498039	0.9899748	0.5182209	0.3881969	0.5970225	0.5517049	0.4812893	0.5196028	0.7062726	1.5017882
N	0.2699624	0.2169967	0.6563554	1.3588050	1.3681731	0.8812740	0.6961626	0.9722584	1.2396073	0.5883655	0.1002936
P	0.1156164	0.1020330	0.4905286	1.1709546	1.3367820	1.1697266	0.4683150	0.8178618	0.2205473	0.1532302	0.0689356
Q	0.5551521	8.4451689	1.4709430	1.4293979	0.9094517	1.1857599	1.0340076	1.1364067	1.8686384	1.7653963	0.1087181
R	7.1597061	0.2286840	0.2773401	0.5959468	0.3894170	0.3395222	0.6029893	0.8405702	0.2334772	1.5816049	0.1140969
S	0.5134512	0.2693968	0.7033683	1.2255475	1.1595464	1.2196319	1.0536784	1.2210463	0.7477023	1.1916438	0.1101184
T	0.3726713	0.3498260	0.3545442	0.5664847	0.7375416	1.1637000	1.1347448	0.9651368	0.6771598	1.7622113	0.1965179
V	0.4554414	0.8365402	1.2057735	0.5360419	0.6266125	0.7444535	1.1245183	0.8603060	0.8743456	0.9273007	0.4899373
W	0.1486698	0.1441972	1.2670087	0.3955063	0.2585006	0.2736838	0.4060680	0.2766182	0.5281282	0.2867364	9.6092918
Y	1.0815903	0.2011799	1.6680762	0.4999779	0.3868962	0.9277158	0.6186608	0.8193473	0.3890028	1.0045897	0.4621870
