##############
# B1302 PWM for 11-mers
#
# Copyright (2018) David Gfeller
##############
1.00000	172	2
A	0.9085972	0.6026927	1.3427328	1.2416770	1.3659218	1.2417776	1.2403381	1.2230493	0.8989191	0.9026250	0.4680640
C	0.7545410	0.4483256	0.6364894	0.7194032	0.7679559	0.7618543	0.7677991	0.7895250	0.7596113	0.3336082	0.4571019
D	0.3548285	0.3877726	0.8658948	2.6343632	1.4255629	1.6532405	1.3447857	0.5897802	1.0930812	0.6451647	0.2631494
E	0.4918349	0.8151466	0.3146697	1.7611529	1.2980585	1.3606944	1.1474806	1.0899628	1.0442529	1.3535095	0.1890022
F	0.3417814	0.3319090	2.9593382	0.8749421	0.6567125	0.4671030	0.4790350	0.3578241	0.6587758	0.6773805	0.5155577
G	1.9433484	0.3138494	0.3946162	1.2544162	1.1781880	1.5176560	1.3809628	1.0150014	0.7275300	1.0376239	0.2017274
H	0.6242054	0.4147241	1.1060747	0.7349103	0.9507239	1.0746327	1.2035989	0.4264323	1.3577897	1.5104404	0.1673210
I	0.3283120	0.7707491	1.1009633	0.3279152	0.7642474	0.6286461	0.7476322	1.3389112	0.8450573	0.4139798	4.9562926
K	2.6565872	0.6255249	0.9095385	0.9290042	0.6569544	0.9463934	1.3721620	1.2195964	0.5715330	1.7834254	0.3502598
L	0.3845957	1.9389171	1.3355968	0.5361094	0.8364663	0.6908503	0.9026968	1.2064128	1.2810401	0.8200660	1.6075376
M	0.3780998	1.0843422	0.9886550	0.3773818	0.7314930	0.5587041	0.6025866	0.5480189	1.5132249	0.4715203	0.8538700
N	0.5609105	0.4311727	0.8361817	1.2481243	1.1016238	0.8906434	0.6372604	0.9616030	0.7465963	0.8128055	0.2860889
P	0.2621094	0.1851022	0.6426046	1.2863375	1.4172877	1.2882208	0.7478480	1.1450423	0.5212578	0.2045734	0.1382072
Q	0.6402576	9.3346024	0.4851285	1.2815507	1.1487160	0.6734781	0.9362934	0.9781418	2.6421124	1.8251408	0.2156675
R	5.9706126	0.5940799	0.5633970	0.7754862	0.5247687	0.6118524	1.0120667	0.7656126	0.8428530	1.3817195	0.2290535
S	0.9358746	0.5353544	0.8135632	1.0285539	1.3317106	1.5618375	1.5048440	1.0387338	0.7047257	1.3637533	0.2621211
T	0.5760772	0.4682396	0.5083911	0.8426792	0.9924869	1.3054459	1.3073632	1.0546051	1.1468876	1.8081736	0.4312931
V	0.3127692	0.5945565	0.8110637	0.4247539	0.8590785	0.7013929	0.6859767	1.2550907	1.0318630	0.7844227	3.6296844
W	0.3176208	0.3263198	2.9859883	0.3065192	0.3027865	0.2941680	0.3011789	0.3065814	2.0013944	0.3501434	0.3100410
Y	0.6834375	0.3811063	2.6920293	0.7171615	0.6014534	0.5808360	0.4764826	0.6972719	1.1501383	1.0095338	0.3779864
