##############
# B1503 PWM for 11-mers
#
# Copyright (2021) David Gfeller
##############
1.00000	219
A	1.8019046	0.6741456	0.7276059	0.8728327	0.9101505	1.1156612	1.1586147	1.0815241	1.0076734	1.0300661	0.2525811
C	0.5099166	0.2928570	0.4840221	0.7483852	0.7565031	0.7711816	0.7737688	0.7782342	0.8085376	0.6105343	0.2503694
D	0.2868881	0.3690048	0.3426033	2.2460852	1.3126008	1.1471158	1.0312283	0.7430522	0.8403468	0.4410559	0.1742414
E	0.3397529	0.5545632	0.3530579	1.1969256	1.2661191	1.5892567	1.4983215	0.9423476	0.8920881	0.9477782	0.2542334
F	0.7031436	0.2020683	3.2825252	0.7405951	0.8597864	0.8748415	0.7531592	0.8145741	1.1667616	0.9806858	5.5466833
G	2.0130201	0.5329981	0.3111321	1.2393289	1.1870129	0.8656767	1.3485054	1.8460582	0.5068011	1.1012703	0.1727787
H	0.9279181	0.9734744	1.5694578	0.6934587	1.0248808	1.1445792	1.1555665	1.2302333	0.6443052	0.5637083	0.8913887
I	0.5595730	0.2425361	1.6178393	0.4487276	0.5667141	0.6239883	0.9627834	0.9560224	1.4130966	0.9894276	0.4113308
K	1.8290546	7.6149161	0.5476819	1.0787990	0.5267331	0.8290810	1.3694404	0.8330235	0.6880783	0.8637535	0.3238068
L	0.5126730	0.2751254	1.1687376	0.6290767	0.4282563	0.4455900	0.5246753	0.7586179	0.7431000	0.8059587	0.5418909
M	0.6990171	0.9066698	0.9510049	0.3361726	0.3354052	0.5761269	0.7043252	0.7277006	0.6801727	0.5468903	0.6546300
N	0.3833078	0.5213722	0.4883406	1.2525041	1.4223663	1.1645400	1.3001570	0.9243049	0.7068001	0.7247494	0.3034602
P	0.2053796	0.3069359	0.4870676	1.8975037	2.8811374	1.5175422	0.9991759	1.5705729	0.4597441	0.3368238	0.2007097
Q	0.6903490	3.0944475	0.7181794	1.2986364	1.7824734	1.0405027	0.9709345	1.2720340	1.2650934	1.0896449	0.2425546
R	3.0204015	0.9550494	1.1540387	0.5055262	0.5359805	0.9945543	0.5251361	0.7003129	0.8022453	1.1672796	0.2882225
S	1.0334926	0.5317187	0.6195247	1.3139445	0.9016736	1.3851586	1.2514613	1.0990065	1.3601317	1.3568049	0.2285479
T	0.6363548	0.3663743	0.4287391	0.6984176	1.0635646	1.4595205	0.9244130	0.9090884	1.9519557	2.1445868	0.3088090
V	0.6397806	0.2608281	0.8198212	0.5585681	0.8683248	0.8104362	0.7531818	1.0144659	1.8609452	1.3782617	0.4042127
W	0.2777956	0.2138368	2.1407127	0.5107678	0.7662864	0.7791133	0.5182363	0.2274343	1.0768126	0.2809253	0.9041078
Y	1.6465444	0.4070553	5.2757569	1.2146628	0.6325776	0.6456983	0.9443310	0.5338141	0.7791670	1.5925901	15.5646353
