##############
# B1501 PWM for 11-mers
#
# Copyright (2021) David Gfeller
##############
1.00000	1313
A	1.5554726	0.4656327	1.0233114	0.7444760	1.0808263	1.0153754	0.9870609	0.9944352	1.1677307	1.3321942	0.1153811
C	0.3932756	0.2019670	0.3652827	0.7082906	0.7175716	0.7149069	0.7157513	0.7174237	0.7256991	0.4834157	0.1204986
D	0.1323632	0.1200969	0.1562500	2.2668011	1.1325586	1.6215779	1.3501582	0.8605752	0.7216905	0.4608175	0.0853972
E	0.2272728	0.3468835	0.1885426	1.5773548	1.6355570	1.2796702	1.5534855	1.0448186	0.9865340	1.0828780	0.0665178
F	0.7496420	0.1831906	2.8607138	0.7459094	0.6125999	0.6597457	0.6158343	0.8691985	0.3855048	0.8010091	6.7103611
G	1.4268442	0.3633053	0.2493370	1.3187549	1.1006625	1.4738532	1.5917644	1.4986521	1.0120789	0.7095707	0.0474561
H	0.4560714	0.1722411	1.4578109	0.8412353	1.0244044	0.6341388	0.7370707	0.7588523	0.9682414	0.9529713	0.4346239
I	1.3098058	1.0430010	2.1577367	0.4850397	0.7210982	0.6484502	0.8955003	1.1907291	1.2277851	0.4331237	0.1559131
K	1.9163852	0.1430951	2.3083645	0.9297118	0.4545949	1.0690507	1.0208025	0.9258313	0.3947892	0.5465965	0.0721193
L	0.5532074	2.2941638	0.4688748	0.7305537	0.5484968	0.5310220	0.8418704	0.8566190	0.7012345	0.8242479	0.5527531
M	0.5183702	2.4914389	1.5020700	0.5822359	0.4163347	0.4140160	0.6771661	0.9665374	0.4603005	0.5517602	0.7562744
N	0.2776851	0.1561531	1.2552936	1.0623563	1.0946564	1.0976486	1.1406423	1.3537491	1.1719698	0.6983620	0.0627759
P	0.0833052	0.1880266	0.6534509	1.8165607	1.9092870	0.9401322	1.0623799	0.9095039	0.4385570	0.4149189	0.0501493
Q	1.0232337	9.2921233	1.0123007	1.3401740	1.7475084	1.4483810	1.2392387	1.1085087	2.0560305	1.8122249	0.0990088
R	2.6810658	0.1214422	1.1487732	0.4783914	0.4404483	0.7199041	0.4305280	0.5512200	0.3769507	0.6723981	0.0742667
S	1.2209114	0.3992377	0.5361884	1.1502431	1.5619585	1.6111364	1.3568814	1.4257648	1.9222412	1.6962685	0.0934109
T	1.0958320	0.4673717	0.3052771	0.5387055	1.2438191	1.2661987	0.9172327	1.0838879	1.9985580	2.4047712	0.0837723
V	1.1224830	1.7393307	0.6890523	0.6844867	0.8297837	0.7944143	0.6789870	0.8918343	1.4449794	1.7406949	0.1670420
W	0.1880641	0.0668669	0.3257462	0.5176915	0.6882321	0.2899965	0.2912406	0.5198897	0.3476321	0.1862904	0.5868905
Y	1.2913628	0.1644468	2.8997246	0.8995168	0.5092853	0.5279230	0.5757706	0.5577220	0.3689899	1.0608979	19.1212701
