##############
# B1517 PWM for 11-mers
#
# Copyright (2021) David Gfeller
##############
1.00000	113
A	1.1260701	1.3319608	0.6268219	0.9159660	1.0978946	0.9064061	1.0750845	0.9338806	0.7073887	0.6944685	0.3539058
C	0.5781714	0.5722405	0.5839059	0.7663104	0.7953134	0.7853010	0.8121520	0.8336942	0.8612165	0.6361340	0.3823203
D	0.3594065	0.4769647	0.5976752	2.2226225	1.1657598	1.9711473	0.8579575	0.4535734	0.2820792	0.5061081	0.2099628
E	0.5394752	0.4538722	0.3858184	1.2734901	1.2164447	1.5079564	0.8647595	0.4564735	0.3814742	0.7683997	0.2416011
F	0.8836995	0.3666079	2.6311153	0.4412047	0.3543488	0.4719001	0.3828202	1.1367783	0.8734811	0.8215871	4.0521632
G	0.5818262	0.5672503	0.2922570	1.0331790	1.9450243	1.2157973	1.4720480	1.0686653	0.8487509	0.7511186	0.2144843
H	0.8325694	0.3782056	0.6851127	0.7939795	1.9378348	1.2012940	1.9741939	1.3418736	0.3166788	1.3817359	0.5884711
I	1.6895028	0.8981833	1.5111608	0.7011551	0.4126829	0.6952484	0.9965974	1.0048066	1.0595600	0.6756130	1.5349419
K	1.4070516	0.4979049	0.3387268	1.0883746	0.6730959	1.1167350	1.3386571	0.8257238	0.4774955	1.5353423	0.3518228
L	1.0036135	0.4255214	2.1399375	0.5417139	0.4759338	0.6509223	0.8080011	1.1612675	3.5323662	1.1126676	2.5283056
M	1.3067551	0.5208591	1.2961303	0.4345522	0.4311641	0.6329551	0.5245174	0.9560291	1.7671022	1.1003562	0.8629716
N	0.4540337	0.6445222	0.8064497	0.8944633	0.8039056	0.8401080	1.1051776	0.6649961	0.3471273	0.5255430	0.2668151
P	0.2546491	0.3384270	0.3257703	2.7342891	1.3999135	0.9600228	0.8495100	1.0309878	0.5525339	0.2701123	0.1755761
Q	1.7005573	0.5808596	0.3413211	1.1499912	1.0467526	1.3026336	1.2841247	0.6434682	0.5806129	1.1924129	0.2851637
R	2.3556738	0.4162092	0.3175259	0.6248842	0.8640125	0.6580818	0.9437483	1.1847430	1.0428507	2.0193898	0.2888225
S	0.7841464	3.7199504	1.1944135	1.0765734	1.5593675	1.7972258	1.2384715	1.0942803	0.9359547	1.0931122	0.2789887
T	0.8225277	4.2811861	0.5640796	0.6645975	1.1787337	0.9571348	1.0198265	1.0816880	0.7202704	1.9810059	0.4542048
V	1.1104343	1.0006993	1.0385201	0.7419932	0.7838722	0.5730225	0.8372051	1.7239682	1.0528045	1.1056790	0.7384920
W	0.3785620	0.2857673	1.0850785	1.1932460	0.7653169	0.2850655	0.2948330	0.3754160	1.2833718	0.3494835	1.3228641
Y	1.4534225	0.3880907	4.2875881	0.3847365	0.7412891	0.5610934	0.5978873	1.4739664	0.4778127	0.9685466	7.3873990
