##############
# B2703 PWM for 11-mers
#
# Copyright (2018) David Gfeller
##############
1.00000	176	2
A	0.9223278	0.3365977	0.6168550	0.9140859	0.8654195	1.1323900	1.0667782	1.0082756	0.6477865	0.8385359	0.3743215
C	0.2900636	0.2064186	0.3866078	0.6153849	0.6117813	0.6400442	0.6117902	0.6246989	0.6407291	0.6349166	0.3031064
D	0.3581498	0.3178531	0.3605829	1.8079813	1.2541217	1.2510005	1.1156471	1.2344582	0.3161757	0.6382451	0.2267092
E	0.4384150	0.4539370	0.2755083	1.1606918	1.0919708	1.1553543	1.2250061	1.0296422	0.8122591	0.8080949	0.3749438
F	0.5785034	0.2137487	4.7481321	1.0323459	0.8418473	0.6887008	0.8459572	0.9450210	1.3364891	0.9983056	5.1365672
G	1.6788951	0.2832709	0.3153098	1.3300779	1.0706708	1.0863341	1.7366352	1.6589285	0.6843566	1.6471605	0.3735908
H	2.0031698	0.4214965	0.6778238	0.3132163	0.5675346	0.4447613	0.7104350	0.4292491	0.6873431	0.9578132	0.5194514
I	0.3657626	0.1832273	1.3592721	0.5904295	0.9066148	0.8872369	0.9310728	1.0474596	1.3973819	0.4229063	0.5975374
K	2.6401907	1.0862694	0.3650422	0.9653606	0.6326555	0.8615172	0.8405399	0.9648527	0.6554410	1.0609358	1.2502022
L	0.4436780	0.2634363	2.1346128	1.1977853	0.9458550	0.8187307	0.6525906	1.0949832	1.7596761	1.2533705	1.7093403
M	0.6726553	0.3651764	1.2458669	0.6195332	0.5987621	0.8774350	0.7164897	0.7745528	1.9842892	1.0497834	1.9803324
N	0.5644314	0.4824479	0.6579460	0.8457174	1.4675644	1.0030900	1.0062191	1.1439668	0.9033104	0.6682786	0.2837487
P	0.1949657	0.2375911	0.1256958	1.0547699	2.2564076	1.1976116	1.1296869	0.8528586	0.4298871	0.4515922	0.1360325
Q	1.0896196	0.6599353	0.2400944	0.8788420	1.1095790	1.0471716	1.5522897	1.0334492	1.4057155	1.2154270	0.3203881
R	3.7323051	12.8476871	0.3357779	0.5912249	0.5028315	0.4552044	0.8881653	0.6603148	0.6400529	1.3183054	1.4866109
S	1.4018031	0.4001081	0.4400082	1.2328971	1.2244814	1.5752354	1.0916241	0.9631317	0.8997736	1.3888052	0.3477707
T	0.5305284	0.3496955	0.3341753	1.0828058	0.7258103	1.3009324	0.9028042	0.8371758	0.8879341	1.2698866	0.3779788
V	0.4575625	0.2208222	0.9998275	0.7984870	0.8543704	1.0479847	0.8106339	1.0195806	1.1535476	0.8830824	0.5522578
W	0.7673141	0.3019991	7.4886851	1.9381317	0.7095201	0.3276897	0.3365948	1.5323152	2.8177725	0.7902644	2.7286169
Y	1.3636769	0.3151870	2.3912095	0.8654969	0.8415471	1.0678732	1.0878415	0.6233367	1.5492507	1.6019529	4.6450791
