##############
# B2708 PWM for 11-mers
#
# Copyright (2018) David Gfeller
##############
1.00000	366	2
A	1.6980103	0.2247179	0.6918318	0.7271594	0.9928350	0.8352320	1.2389034	1.1638526	0.6397010	1.3561930	1.0508870
C	0.2215738	0.1382865	0.2836315	0.5365606	0.5458152	0.5478901	0.5471785	0.5567537	0.5587761	0.5999123	0.2505466
D	0.2819527	0.2118884	0.3200118	2.2021904	0.8123808	1.6308357	1.2799195	0.9223548	0.6299773	0.7391955	0.2211987
E	0.5914476	0.3035924	0.2214701	1.0510450	1.1474372	1.1301298	1.2291890	0.9743443	1.0058639	0.9356399	0.2203576
F	0.5556504	0.1436225	5.0547892	1.0864497	0.9541877	0.4604169	0.6976059	0.8206294	1.1850848	0.5289251	3.3566500
G	2.6633495	0.1887272	0.2520443	1.8487655	1.0103054	1.5526427	2.0727619	1.8696152	0.4876443	0.9367135	0.2776965
H	0.7352033	0.2805126	0.3547275	0.2079790	1.0525037	0.3411743	0.4271877	0.2625341	0.4217536	0.4876557	0.4225323
I	0.4546204	0.1242876	1.1970904	0.5792514	0.9101424	1.0174577	0.6229302	1.2800986	1.2504717	0.8605565	0.7788348
K	1.2067210	0.7188542	0.1760624	0.8118299	0.5662605	0.6014955	0.6833261	0.5879740	0.3511902	0.4118149	0.3310819
L	0.3856620	0.1989714	1.9634207	0.9987751	1.0487592	1.0888946	0.5708032	1.2706505	1.8105782	0.8809764	3.4138901
M	1.1116261	0.3298002	1.6306319	0.7169741	0.5762042	0.9082922	0.5349250	0.9388257	1.1682248	1.1021668	2.3701835
N	0.4450338	0.3209508	0.8013139	0.6426554	0.9207174	0.9967421	1.1467282	0.9160175	1.0908613	0.6259018	0.3088900
P	0.1296522	0.1132389	0.0893821	1.3312016	2.5272932	1.5820817	1.3335991	1.3243997	0.6611710	0.2800379	0.1670990
Q	1.5416061	0.5868505	0.3165402	1.0020485	1.1378956	1.0926119	0.9567009	1.1269287	1.5290348	1.3539638	0.2806478
R	3.1023480	14.9947454	0.1786127	0.5729669	0.3999466	0.3609701	0.6524845	0.3915405	0.4748168	0.4509766	0.7216503
S	1.7738343	0.2985580	0.8887897	1.6859426	1.0577383	1.2962920	1.3154749	0.7688668	0.8126599	2.4117329	0.2389521
T	0.4316256	0.2335266	0.3521634	0.9411856	0.7502719	1.1248593	0.9818804	0.8198813	1.1547794	2.2462780	0.4154616
V	0.4517369	0.1486392	1.0205426	0.5201146	1.0449122	0.8949003	1.0703111	1.0806032	1.2658884	1.3684350	0.8044219
W	0.8942015	0.2015556	6.5723659	1.0875185	0.4297357	0.6320501	0.2133730	0.8681310	3.7773870	0.6570066	1.0330599
Y	1.2856786	0.2103917	2.8347064	0.6637618	0.8152935	0.4988768	0.9933350	0.5917050	1.4238859	0.7323507	3.3437270
