##############
# B2701 PWM for 11-mers
#
# Copyright (2018) David Gfeller
##############
1.00000	547	2
A	1.4709573	0.1692408	0.6709666	0.8570359	1.0156088	0.8795398	1.1286883	0.9906428	0.8817859	0.9581593	0.2574284
C	0.1510699	0.1037355	0.2211807	0.4936421	0.5053289	0.5045041	0.5046947	0.5068844	0.5169603	0.5164968	0.1400124
D	0.1735041	0.1601422	0.3588981	1.6843011	0.8680160	1.4201147	1.3536174	0.6735863	0.5667392	0.4791118	0.2260036
E	0.2575246	0.2292929	0.2266869	1.5144207	1.4198317	1.6433886	1.1675136	1.0965905	0.7380005	0.9743329	0.2063394
F	0.2837009	0.1077175	4.4554472	0.6173772	0.9056013	0.6832303	0.9961640	1.0589947	1.6747514	0.9433842	3.8578783
G	1.4273319	0.1425680	0.3401335	1.4898552	1.0572657	0.9058274	1.7689685	1.5501940	0.5835745	1.3334899	0.2132993
H	1.1580160	0.2128001	0.7874759	0.5307418	0.7789623	0.4165014	0.5724331	0.8200376	0.5130867	0.6817262	0.3034027
I	0.3237520	0.0921938	1.3668762	0.4841116	0.7705561	0.9576256	0.6063404	1.1882842	1.3555759	0.4881874	0.2903929
K	2.1477061	0.5485749	0.6422647	1.5066104	0.7357315	1.1540291	1.0553552	1.2544670	0.6857598	1.3710628	3.5274296
L	0.2922626	0.1327700	1.6678672	0.8918160	0.9370605	0.8573763	0.6298855	1.0793647	1.4279582	1.0453036	1.3498128
M	0.6348676	0.1842722	1.8741843	0.3460103	0.8616148	0.6726380	0.9647965	0.7545886	1.5358040	1.5442437	1.7692874
N	0.3726382	0.2434518	0.8357211	0.8864809	1.4430448	0.8707228	0.8423514	1.0851241	0.8633444	0.9694185	0.1807692
P	0.1755561	0.0856639	0.1228081	0.7649424	1.0950613	1.2004589	0.8151665	0.8342165	0.4701670	0.3257476	0.1075658
Q	0.3031373	0.3697810	0.3998044	1.3155113	1.3339697	1.1247555	1.1170624	0.8854996	1.6684224	1.3467411	0.3349908
R	6.9067280	16.3212521	0.4212487	1.0988041	0.9284860	0.8790705	1.0789453	0.7819437	0.7688624	2.0608727	3.6181173
S	1.2616421	0.2015043	0.5676240	1.3926326	1.0820766	1.4579630	1.4423471	0.6868656	0.7935582	1.2973448	0.1987684
T	0.5297549	0.1760389	0.3405017	0.8528619	1.0955895	0.8603341	0.9642888	0.7368512	0.9819009	1.3099390	0.2244785
V	0.3423033	0.1111783	0.8060071	0.5316397	0.9386567	1.0168217	0.8667120	1.1289083	1.3674055	0.6080709	0.2792132
W	0.3211117	0.1524931	4.9310677	1.0891503	0.6327819	0.3102917	0.3234673	0.9479381	1.8871644	0.4892220	0.4407530
Y	0.8834920	0.1589352	3.6865604	1.1322254	1.0480685	0.6308181	0.9412236	1.2067102	1.3394312	1.1505628	3.8897035
