##############
# B2709 PWM for 11-mers
#
# Copyright (2018) David Gfeller
##############
1.00000	353	2
A	1.2907984	0.2303600	0.5588983	0.8563499	1.1113733	1.0027093	1.0685475	1.1454416	0.8065136	1.0941221	0.3183904
C	0.2309229	0.1427170	0.2885691	0.5387237	0.5486524	0.5551781	0.5485643	0.5603721	0.5638503	0.5672001	0.2640746
D	0.2428063	0.2175995	0.2464170	2.4678652	0.8961981	1.3504557	1.6203245	0.8700930	0.6030097	0.6655117	0.1233391
E	0.4394724	0.3146874	0.2633592	0.8563569	1.3719400	1.3627027	1.3775222	0.7789809	0.9716268	0.5577576	0.1638183
F	0.4815740	0.1475777	3.9352233	0.6688030	0.7142287	0.5720932	0.8642711	0.6890576	1.2839996	1.0759780	4.9010284
G	2.7037679	0.1932072	0.2147643	1.8321807	0.9053409	1.4907576	2.0291779	2.0151316	0.7275053	1.8015941	0.2562879
H	0.6790305	0.2874842	0.4424357	0.2903558	0.6523414	0.2806454	0.3654185	0.3493007	0.4275049	0.5341180	0.1620854
I	0.4869051	0.1308343	1.4034438	0.4767215	0.7978557	1.0749905	0.6460341	1.0557944	1.1498444	0.3505413	0.9286829
K	1.3906152	0.7322386	0.2906133	0.9065897	0.6994055	0.5850721	0.5248786	0.6164148	0.3307209	0.7817746	0.1617442
L	0.5436655	0.2274002	2.3054015	1.0388810	0.9753104	1.0534546	0.7031473	1.2411164	1.6455266	1.2395460	4.3608821
M	1.6727509	0.3409644	2.2064420	0.8173052	0.5788039	0.7635390	0.7296834	0.6074433	1.5246958	0.9397655	3.2005808
N	0.4060258	0.3272699	0.9164724	0.7599523	1.0523930	1.0640825	1.2812926	1.0040859	0.8748112	1.1716662	0.1920756
P	0.1315223	0.1159478	0.1298358	1.2556992	2.5775558	1.2516642	1.1102781	1.1435493	0.6409957	0.2019924	0.1219603
Q	1.7286394	0.8046391	0.3846302	1.0295696	1.4419489	1.1772168	0.9844345	1.2676789	1.8184758	1.4892034	0.1538611
R	2.3278674	14.7127390	0.1931083	0.6792870	0.3013350	0.2907511	0.4994357	0.5806593	0.4491101	1.1104993	0.2563001
S	2.1128251	0.2736397	0.6753678	1.5645871	1.1995688	1.4618240	1.4438725	0.9709718	0.9694435	1.7445731	0.3053351
T	0.4885811	0.2772131	0.4339251	0.7755136	0.7030878	0.9337473	0.6698346	1.1891824	1.0711262	1.3512416	0.3061489
V	0.5775327	0.1805301	0.8193272	0.6048964	0.9270487	1.0251905	1.0981644	0.9041142	1.3070601	0.5443140	0.9153045
W	1.1486475	0.2065969	6.0704242	0.8899653	0.6545784	0.6545536	0.4419151	1.3503413	2.9551368	1.1778197	0.5737298
Y	1.3181952	0.2155455	3.1369179	0.8722451	0.6039084	0.5172865	0.7421512	0.6762691	1.0200075	1.9897114	0.8413369
