##############
# B2706 PWM for 11-mers
#
# Copyright (2018) David Gfeller
##############
1.00000	120	2
A	1.7128589	0.3973899	0.5003249	0.6513532	1.0727664	1.2724150	1.3570813	0.9224620	0.8415029	1.4692624	0.4494883
C	0.4207279	0.2428769	0.4181449	0.6464799	0.6557176	0.6669508	0.6813985	0.6672075	0.6733649	0.7294581	0.4449380
D	0.3771619	0.3783265	0.3835080	1.8767658	1.0246544	1.5326654	1.2034839	0.7889393	0.8989168	0.8054832	0.2072900
E	0.4283764	0.5472341	0.2949969	0.9650594	1.1672267	1.1975117	0.8380770	0.4765221	0.8939682	0.6296756	0.2840291
F	0.8830816	0.2505486	4.7328003	0.8685439	0.3760186	0.6998758	0.8511445	1.3327974	1.1087449	0.9336330	4.9282623
G	2.3347105	0.3347518	0.5069358	1.8396731	1.2167673	1.5191381	2.3255444	1.7368130	1.5630078	2.0172038	0.4221114
H	0.5497033	0.4997674	0.4914725	0.3676718	0.6938955	0.3805943	0.3653015	0.3558933	0.5366018	0.5491651	0.2820170
I	0.9112482	0.2158997	0.6206213	0.6587483	1.0944857	0.9158688	0.6275499	1.0538289	0.8308616	0.6470033	1.1905266
K	1.3547501	1.2734173	0.3534593	0.7558823	0.7241874	0.6515890	0.6010338	0.7314182	0.7967028	0.4691617	0.2587958
L	0.8299454	0.3100277	1.3599215	1.0241985	1.0490805	0.9351940	0.7862272	1.3915173	1.3087076	1.0045854	3.6311367
M	1.0655554	0.4334380	1.6951258	1.7372960	0.7295807	0.5497768	0.8457716	0.9733373	1.4892170	0.5675817	1.2169687
N	0.4820136	0.5701062	0.6794020	0.9529653	0.7940567	1.2688356	1.1426944	1.6095828	0.7033529	0.7342124	0.2372605
P	0.2229836	0.2009505	0.1628409	0.9463848	2.4314974	1.0487105	1.1359446	1.1150220	0.3959391	0.3219156	0.1399604
Q	1.1944965	1.0858803	0.3256025	1.1679771	1.3910318	1.5968214	0.6288026	1.4185745	2.1107270	0.9457852	0.2432177
R	1.8855381	11.4406516	0.7066516	0.5232355	0.7166215	0.5389294	0.5813154	0.5158256	0.7497013	0.6867081	0.2800538
S	1.3378730	0.4731470	1.3623054	1.2308959	1.1097472	1.4717600	1.4785409	0.7689276	1.2402996	2.0641320	0.2823561
T	0.5734109	0.4126592	0.4320504	0.7949486	0.6421693	0.6728583	0.8982202	1.0091446	1.0406868	1.4205600	0.3806325
V	0.6909958	0.2603658	0.6411617	0.8646383	0.6445060	0.7840407	0.9130643	0.7826706	0.9265375	0.7951658	1.1802986
W	0.9857568	0.3561183	4.7490966	2.5985141	0.3334942	0.3484966	0.9393353	1.4947055	1.5113619	1.5773859	1.1949373
Y	1.2345585	0.3725950	5.1970466	0.7624441	0.6915061	0.5539854	1.0382340	0.6470003	0.6454283	1.5793343	1.3878880
