##############
# B2704 PWM for 11-mers
#
# Copyright (2018) David Gfeller
##############
1.00000	182	2
A	1.6497899	0.3319142	0.6224460	0.9772775	0.9672400	0.9734328	1.1253559	1.0918698	0.7282657	1.1516992	0.5931504
C	0.3121356	0.2030937	0.3672337	0.6227448	0.6113943	0.6080614	0.6210639	0.6181448	0.6426117	0.6595555	0.3215008
D	0.3437643	0.3158703	0.3035116	1.6237673	0.7361394	1.8986323	1.0819862	0.7942447	0.4426113	0.6663767	0.1931481
E	0.4157386	0.4572747	0.2927294	0.7155956	0.9851121	1.4625470	1.0631690	1.0544063	0.5889555	1.0657563	0.2118792
F	0.4745684	0.2093076	4.6507657	0.6487259	0.4583170	0.6906636	0.9011970	0.8134143	1.4331472	0.5944266	6.9327225
G	1.9856694	0.2800770	0.3269050	2.1545336	1.2510724	1.2076831	2.4705176	2.1395106	0.8059728	2.0952814	0.3634382
H	0.9719115	0.4187599	0.4067908	0.3035092	1.1642696	0.4496168	0.4366911	0.5428899	0.6539339	0.6829606	0.6135139
I	0.3205638	0.1798793	1.0114320	0.5599141	0.9582312	0.5577520	0.6205977	1.0257108	1.2862525	0.6036843	0.6850879
K	1.9779223	1.0721231	0.4946726	0.8554847	0.9800458	1.0496516	0.7355163	1.0209477	0.8650758	0.8603624	0.3165335
L	0.4760304	0.2591020	1.5348284	1.0311531	0.6636775	0.7724230	0.6837956	0.8717180	2.1146542	0.8157450	1.7277750
M	0.7948983	0.3617673	1.6705984	1.3839306	0.5657208	0.5523108	0.6810707	0.8584467	1.8455025	1.1138564	2.1073524
N	0.6072446	0.4765244	0.7509379	0.8477484	1.0485405	1.1951011	0.9135874	1.1199377	0.9691640	0.6920365	0.2425141
P	0.1930735	0.1679380	0.1351399	0.9045086	2.4752999	1.1731494	1.0984163	1.0306133	0.4876443	0.2631023	0.1883005
Q	1.2812873	0.8926505	0.2659994	1.1774198	1.5143135	1.3077405	0.8573240	0.8652854	1.3006832	0.9590913	0.2384663
R	3.7513410	12.8988467	0.3576013	0.7900000	0.6056731	0.5530865	0.6357953	0.9318101	0.7108777	0.6641069	0.6759367
S	1.2989609	0.3961167	0.8737871	1.5900458	1.4711522	1.8671393	1.6483236	0.9639405	0.8867093	2.0465063	0.3795403
T	0.4676149	0.3453793	0.4049737	0.9632437	0.5467590	1.0411907	1.0211765	0.9993488	0.7537250	2.0038125	0.3681761
V	0.4649322	0.2170246	0.6695825	0.7330874	0.9117972	0.6261104	0.7620499	0.8144810	1.0461809	0.7545971	0.7019403
W	1.5253030	0.2983914	3.8775203	1.0888720	0.6710009	0.2856187	0.7215948	1.4838241	1.5445751	0.3437008	1.5405631
Y	1.1801965	0.3108283	5.7861223	0.5696487	0.5797619	0.4493515	1.0498640	0.4804555	0.8040774	1.1595581	4.6656248
