##############
# B2705 PWM for 11-mers
#
# Copyright (2018) David Gfeller
##############
1.00000	766	1
A	1.4952870	0.1479788	0.8463263	0.8865717	1.0048841	0.9040581	1.2776457	1.2368422	0.7951372	1.0876243	0.2488910
C	0.1191724	0.0817507	0.1909230	0.4718495	0.4803567	0.4797716	0.4817990	0.4820400	0.4882166	0.4962111	0.1111737
D	0.1358212	0.1241110	0.3226893	1.6607951	0.7783591	1.5228628	1.0204609	0.6696859	0.5151316	0.3625788	0.1333912
E	0.2681835	0.1771895	0.1802667	1.4566006	1.2192196	1.5186715	1.1179723	1.3927708	0.6702323	0.6705598	0.1821872
F	0.2670739	0.0862326	3.7797018	0.5576780	0.7024015	0.4880286	0.6393583	0.7544818	1.2798744	0.7522577	3.3699804
G	2.2301823	0.1297563	0.3579143	1.5070579	1.0862506	0.9417503	1.6940067	1.5718886	0.5303473	1.3162652	0.1656550
H	0.9071710	0.1644198	0.9643088	0.5146805	0.8862865	0.4687265	0.8112375	0.7702683	0.8431239	0.6239146	0.4913749
I	0.3134955	0.0899204	1.4505422	0.4806056	0.8138551	0.7912277	0.6377157	0.9565347	1.3691973	0.5212491	0.3706062
K	2.0450481	0.4735469	0.7241979	1.5748239	0.8893244	1.1733049	1.2466178	1.0757515	1.0998999	1.5971766	4.1300816
L	0.3052351	0.1045359	1.8972340	0.8630960	1.0366838	0.8791417	0.7086740	1.0397608	1.6280699	1.1284833	1.5173102
M	0.6290879	0.2388402	1.4879920	0.4541322	0.5212341	0.5134799	0.5519149	0.5702839	1.1789429	0.6664865	1.9276337
N	0.2850751	0.1876747	1.0305613	1.1921869	1.1909336	0.7932454	1.0251796	1.0102748	0.8373847	1.1494524	0.1692915
P	0.0756616	0.0665095	0.0583358	0.8190153	1.6511994	1.3704981	0.9889748	0.8905551	0.4663461	0.3032703	0.1420646
Q	0.6981320	0.3943572	0.4799882	1.5584887	1.5919817	1.4100856	1.2123007	1.1812159	1.5245868	1.5222462	0.3744034
R	6.1425942	16.6524254	0.7250070	1.0550710	0.6598924	0.6236958	0.8649780	0.9244714	0.9203901	1.9552527	3.4442750
S	1.2918824	0.2108857	0.8433549	1.5369227	1.0758902	1.6222249	1.6635162	0.9516233	0.8049203	1.3234613	0.2665279
T	0.4865477	0.1577820	0.3734250	0.7561389	0.9355509	0.9025794	0.9221962	0.9537671	0.9521383	1.7143431	0.2388151
V	0.3498645	0.1170154	1.0277170	0.5215849	1.0339911	1.0014039	0.8786242	0.9527057	1.4312073	0.7427784	0.2630320
W	0.2421820	0.1196883	3.9674318	0.3470777	0.5789624	0.4599217	0.2353970	0.5810716	0.8274675	0.3568010	0.4255085
Y	0.8159442	0.2373882	1.8083477	0.5495055	0.7498306	0.6258845	0.5922204	0.6368258	1.1516821	0.6000197	2.8040565
