##############
# B2702 PWM for 11-mers
#
# Copyright (2018) David Gfeller
##############
1.00000	579	2
A	1.5211381	0.1827288	0.9105753	0.5695730	0.9500973	1.0537047	0.9097269	0.8981078	0.7538052	0.7815602	0.1992018
C	0.1681516	0.0999927	0.2223877	0.4958760	0.5025816	0.5049255	0.5027617	0.5048378	0.5137383	0.5272499	0.1368998
D	0.2385833	0.1548729	0.4958155	1.9747994	1.2256736	1.6986175	1.4768056	0.9825587	0.7767930	0.6334781	0.0890362
E	0.6636188	0.2232018	0.4717287	0.9952638	1.1016888	1.2888687	1.5967451	1.2547913	1.1164050	1.1823637	0.1456816
F	0.4913914	0.1030686	3.7201376	0.5661763	0.8405834	0.8610549	0.7928243	0.8698896	1.4011517	0.8579401	6.5979006
G	2.8970931	0.1376435	0.5046625	2.1319136	1.1217217	1.4610907	1.9107417	1.8194473	0.6814005	1.1863524	0.2043577
H	0.9957461	0.2047154	0.5964115	0.2958248	0.5873508	0.1947083	0.3522854	0.4885709	0.4419978	0.5571897	0.2267675
I	0.6991860	0.0887527	1.3496078	0.6618616	0.9911071	1.0241002	0.6907539	1.1120448	0.8779850	0.4852092	0.4071136
K	1.1046931	0.5465927	0.3141801	0.7769650	0.7074102	0.7999841	0.6999799	0.5894125	0.3957022	0.6120235	0.2104847
L	0.3083177	0.1273868	1.5367571	1.1471881	1.3051650	1.1088869	0.8330663	1.0095972	1.7583354	0.9916940	1.4255621
M	0.7371750	0.1776393	1.3677921	0.7545587	0.7802263	0.8304877	1.1147270	0.5956052	1.4746241	0.9558448	0.7603728
N	0.5852526	0.2338345	1.0383036	0.7714223	1.0093130	0.5953952	1.0390723	1.0458404	0.9988175	0.9058430	0.1453818
P	0.1444649	0.0825482	0.1709009	1.5562960	1.7747600	1.4107635	0.8547481	1.1895034	0.6720978	0.1421773	0.0797389
Q	1.4304477	0.6684671	0.3867859	0.6342282	1.0507040	0.9844631	1.0734146	1.0165052	1.4304291	1.4227686	0.1131238
R	1.7776329	16.1591110	0.3412963	0.5647472	0.5388321	0.3445687	0.5771944	0.5074689	0.3945616	0.8365942	0.2654874
S	2.3375504	0.1943513	0.9452800	1.3458923	1.1321411	1.1435255	1.4323397	0.9154090	1.0398222	2.0377858	0.1218086
T	0.7076206	0.1694433	0.4685209	1.0176346	0.4546813	0.9440319	0.9792763	1.0703319	1.1261480	2.2844069	0.1354869
V	0.6272131	0.1070748	1.1528866	0.6128259	0.9457798	0.8735719	0.8581029	1.0951803	1.3168129	0.9234598	0.2488243
W	1.1988529	0.1462243	4.6592430	1.4723938	0.8920942	0.4474065	0.5992409	1.4797112	1.7962431	1.0689151	11.6232762
Y	1.1894849	0.1528392	2.7643508	1.0758629	1.0454432	0.7486221	0.8001555	0.9040439	1.1756484	1.7815866	10.0335204
