##############
# B2707 PWM for 11-mers
#
# Copyright (2018) David Gfeller
##############
1.00000	297	2
A	1.8278400	0.2551218	0.8102917	0.8886095	1.1815820	1.1253505	1.4084759	1.0625583	0.9213961	0.8889695	0.3129490
C	0.2643928	0.1561490	0.3196053	0.5576610	0.5649374	0.5706319	0.5778035	0.5662616	0.5766408	0.5901579	0.2865588
D	0.2643600	0.2421503	0.5157176	2.4307192	0.9141732	1.6705500	1.2544930	1.0068023	0.9012368	0.7056529	0.1336920
E	0.3703567	0.3485056	0.2299463	0.8398287	1.5395515	1.1275055	1.0477920	1.1167225	1.1296229	0.5485809	0.2162895
F	0.5380068	0.1616088	4.1810801	0.8860890	0.7579188	0.5489024	0.7575765	0.9931141	1.0408345	0.8151726	5.9343615
G	2.8861337	0.2149113	0.3406551	1.7154849	1.1516178	1.5850865	2.0812959	1.9719687	0.9352515	2.2009702	0.2424375
H	0.9335433	0.3208166	0.4094650	0.2348563	0.4808265	0.2357859	0.4045903	0.4858182	0.4114931	0.5068003	0.1778745
I	0.4779154	0.1387905	1.2278025	0.5940459	0.9701642	0.9782220	0.5698740	0.7258626	1.0899340	0.5370027	0.9050506
K	1.2475050	0.8222015	0.3311816	0.8891052	0.7457571	0.6560467	0.5481537	0.8613541	0.4726357	0.6775718	0.1696615
L	0.4605684	0.1995857	1.8629574	1.1763217	1.2133875	1.1371827	0.8259533	1.0554810	1.2410722	1.1644956	4.2906278
M	1.5902638	0.2780245	2.0505902	1.0344470	0.5721168	0.5665510	0.9258558	0.7480852	1.3886936	0.8640635	2.0488373
N	0.4501524	0.3664941	0.4428734	0.8444296	0.6853939	0.9334876	1.1641024	0.9860563	0.9128371	0.9472658	0.1528995
P	0.1476876	0.1290710	0.1522324	1.1400722	2.0932586	1.1824556	1.1046882	1.1417866	0.5277765	0.2287418	0.1781557
Q	1.5978708	0.7310566	0.3755601	1.0328226	1.6755254	1.3187403	1.1545068	1.2138059	2.3082048	1.6748181	0.2183376
R	2.1102929	14.4126220	0.2630478	0.5197800	0.3371487	0.3717424	0.5609267	0.6227401	0.4788209	0.9154512	0.1840609
S	1.7626998	0.3037574	1.0727255	1.1553908	1.0003398	1.2327806	1.4058510	1.0576211	1.1131740	1.6348883	0.1830152
T	0.4998172	0.2651455	0.5839448	0.8202118	0.6082805	0.8301710	0.7982880	1.2069158	1.0890040	1.7021114	0.2877040
V	0.5640128	0.1673727	0.9017929	0.7000765	0.7905553	0.9419355	1.0671305	0.7135186	1.0959646	0.7161530	0.8716529
W	1.3192175	0.2292459	5.3974917	1.2851165	0.7460118	0.4994822	0.2371655	1.0274829	2.6221515	1.0740304	0.6690122
Y	1.1037103	0.2393937	2.9120820	0.7632469	0.4384731	0.9048325	0.6731172	0.6140929	0.8943905	1.6021501	0.7638276
