##############
# B2720 PWM for 11-mers
# Model trained on 10-mer peptides adding one non-specific position after P7.
# Copyright (2016) David Gfeller
##############
1.00000	87	0
A	0.8700563	1.2866336	0.7644824	1.7279721	0.9409474	0.8306048	1.0000000	1.0000000	0.9113535	1.6774575	0.5125816
C	0.3084878	0.3635678	0.3293433	0.6620623	0.6751305	0.6726572	1.0000000	1.0000000	0.3954861	0.4222573	0.4599577
D	0.3582637	0.4643330	0.4275597	0.8911968	0.3703198	0.5096983	1.0000000	1.0000000	0.4384207	0.5629599	0.2222735
E	0.4752332	1.1290746	0.3882155	1.3273283	0.3903311	0.4315535	1.0000000	1.0000000	0.6507008	0.5410286	0.2480174
F	2.0229519	0.6086217	2.2000801	0.7160118	1.1827356	2.2283190	1.0000000	1.0000000	1.1099705	0.4098554	2.6515909
G	0.4460274	0.3930257	0.3157808	1.3739121	1.4758618	1.3977274	1.0000000	1.0000000	0.5970153	0.8691966	0.2346173
H	0.8628449	0.5260073	1.2683324	0.7020651	1.7606358	0.8791338	1.0000000	1.0000000	2.2650402	0.6175597	0.2948448
I	0.4954469	0.6701667	0.7263699	0.5218526	1.3434368	0.8584396	1.0000000	1.0000000	1.0627783	0.5801292	1.8894294
K	1.4004235	0.8527939	0.6546870	1.4383175	0.5664633	0.6394921	1.0000000	1.0000000	0.6105285	0.6007984	0.3054975
L	0.6554138	0.7954121	1.0207886	0.7031717	0.8765729	0.9403019	1.0000000	1.0000000	1.2390784	0.6103178	3.5878757
M	1.9021128	3.6828263	3.1366483	0.6997292	1.1957501	0.6159986	1.0000000	1.0000000	1.8267755	0.6937388	3.8471061
N	0.4875691	0.5235498	0.5332606	1.1919281	0.7240524	0.6303686	1.0000000	1.0000000	0.7809946	0.7433291	0.2515206
P	0.2540428	0.4254026	0.2179881	0.5812862	0.9465977	0.3934513	1.0000000	1.0000000	0.9761668	4.0731532	0.1937672
Q	0.6274837	2.5868373	0.4928364	0.8805663	0.4723833	0.9724274	1.0000000	1.0000000	1.2689649	0.5884997	0.3135643
R	4.0970086	3.2636206	2.2517220	1.7373701	2.0127064	1.6080383	1.0000000	1.0000000	0.6788850	0.6211931	0.3087408
S	0.6879484	0.8467999	0.4794799	0.8307985	0.7032122	1.3112285	1.0000000	1.0000000	1.4917195	1.5545001	0.3055395
T	0.4762394	0.6495816	0.4447351	0.7293607	0.7963513	1.0261469	1.0000000	1.0000000	1.2590976	0.9139293	0.4788124
V	0.4877883	0.7303738	0.6549258	0.4882163	1.2459857	0.9377609	1.0000000	1.0000000	0.7237695	1.2017736	1.7654135
W	1.2623445	0.3712431	6.7301002	2.1525937	2.2264752	4.6633848	1.0000000	1.0000000	1.0671846	0.8973292	0.4731825
Y	4.2350627	0.6827009	4.6014048	0.6899314	1.4041833	1.1497213	1.0000000	1.0000000	2.0108551	0.8146016	0.7475831
