##############
# B3503 PWM for 11-mers
#
# Copyright (2018) David Gfeller
##############
1.00000	382	1
A	0.3631959	1.1217565	1.0476205	0.8666940	1.0735191	1.0536606	1.2264688	0.8040434	0.8105200	1.7081892	0.3596896
C	0.8843475	0.3415886	0.5023738	0.8454953	0.8504754	0.8562093	0.8544505	0.8540170	0.8560027	0.7840937	0.2655335
D	0.2125845	0.2454776	1.4282836	1.9436130	1.8873000	1.4291407	1.1472300	1.3484958	1.4439298	0.5568595	0.1934527
E	0.5187381	0.2709579	1.3730999	1.6190836	2.6940722	1.5348336	1.1034465	1.2905485	0.8936023	1.4580219	0.1586288
F	4.5279011	0.1614874	1.8000851	0.5042946	0.3770927	0.7019553	0.3472963	0.6733881	0.8731934	0.3237138	1.6308498
G	0.1701738	0.2202956	0.2637687	1.2651954	1.1891363	1.5345871	1.1241036	1.4598684	0.5268585	0.3722611	0.1334607
H	3.7415257	0.1551867	0.5403233	0.9600083	0.7547613	0.7498586	1.6388823	1.0271647	1.7718286	0.6702434	0.2095569
I	0.8678278	0.1769854	2.0879518	0.3792016	0.7225978	0.6581200	0.6182000	1.0307402	1.1533508	1.0184405	0.8380737
K	0.1999878	0.2783543	0.3184485	0.6770361	0.4499356	0.9045026	1.1683866	1.1226436	0.6757250	0.6981928	0.1627536
L	1.5976699	0.2098678	1.1533476	0.3886356	0.6434391	0.7279882	0.7728665	0.8280639	1.0805398	1.1065977	6.0560455
M	3.9339720	0.1775871	1.1189358	0.3211708	0.4344481	0.6014404	0.5302977	0.5407164	0.5781204	0.7592896	3.7537355
N	0.6188357	0.1931997	0.8212141	0.6305076	0.8903447	0.8453488	1.1980199	1.1123921	1.2353983	0.6253558	0.1779588
P	0.1622753	11.8113614	0.3182167	2.4652638	1.1704835	0.9614345	1.0291493	0.8204143	0.6742497	0.2678939	0.3316141
Q	0.5355515	0.2868124	0.6050620	1.1801629	0.8636160	0.8483004	1.1343791	1.2715568	2.2065309	1.2196217	0.1576228
R	0.3194640	0.2224831	0.2021024	0.5629377	0.4386726	1.0720888	1.3209308	0.8116551	0.9982265	0.7191822	0.2893791
S	0.4619823	0.3680312	0.7134195	1.6443559	1.4472020	1.6997150	1.2007419	1.4416721	1.1154812	1.4368756	0.1928838
T	0.8553639	0.2801947	0.5112023	1.3334387	0.8740481	1.2992249	1.0456630	1.0843176	0.9380956	2.0289964	0.2590069
V	0.7019772	0.2398150	1.7867949	0.4729405	0.8773297	0.5557184	0.8046725	0.6255148	0.9941178	1.6064063	0.6466137
W	0.5798877	0.1017384	1.1073415	0.8139248	1.0201239	0.8211309	0.6191729	0.4141173	0.2125966	0.2036398	0.4790514
Y	2.8830644	0.1611282	1.7833982	0.7525538	0.4837840	0.4320926	0.8341280	0.7037322	0.6667333	0.5645172	0.6527380
