##############
# B3508 PWM for 11-mers
#
# Copyright (2018) David Gfeller
##############
1.00000	65	2
A	0.5519719	2.4500615	1.1473126	0.8118951	1.4622816	0.8445884	1.4324678	0.8251763	0.8466266	1.4000317	0.4222466
C	0.9564197	0.6499462	0.6663399	0.8857972	0.9285601	0.9400165	0.9200529	0.9175007	0.8828480	0.9551049	0.4072732
D	0.8233146	0.5947689	2.4212870	1.7172744	1.7526024	2.2844617	1.8167968	1.8423996	2.3312348	0.5266567	0.2646953
E	0.6102161	0.4723242	1.7112147	1.8219058	2.2106268	1.4065099	1.5746181	1.3699164	2.0755240	1.3629456	0.3055812
F	0.9606456	0.3137611	0.8769279	0.3771528	0.3854713	0.5516046	0.5996203	0.4123485	0.7948947	0.4723416	5.4337141
G	0.6055019	0.6014191	0.5048383	0.9488822	1.2978500	0.9739751	1.7215966	1.5523867	0.7832623	0.4856587	0.3078117
H	4.8447758	0.3491286	1.2717041	1.2640020	1.0079535	0.7201481	0.7542488	0.7457724	1.0431089	0.9192473	1.0479626
I	0.8885203	0.6859183	1.2646163	0.4927967	0.4247363	0.7968657	0.6781804	0.8112075	0.7524954	1.2587588	0.6770928
K	0.5401619	0.6452219	0.6065276	1.2100233	0.8958436	1.0858214	1.0098029	1.4057870	1.1215338	0.9537286	0.3501879
L	1.4278672	0.4217191	0.6421236	0.6040147	0.4611461	0.5233813	0.5727390	0.6070182	0.6118944	0.8105893	1.2183019
M	2.4175651	0.4895880	0.8911503	0.5416481	0.5168700	0.5762563	0.5585722	0.8167406	0.6026559	1.0015768	1.9971802
N	1.7636933	0.4468971	0.8405958	1.0145825	1.0147697	1.0842069	0.9995770	1.5214789	1.1924817	0.5413649	0.3496698
P	0.2379941	5.7662730	0.4224506	1.9377922	0.8957469	0.5949397	0.5813445	0.2818930	0.2753214	0.4264127	0.1724865
Q	0.7056196	0.4421961	1.2053391	1.2717172	0.8500983	1.0847107	1.0907204	0.9535587	1.5861933	1.0460191	0.3546461
R	0.6804976	0.4306396	0.5240681	0.7791401	0.8630462	0.8888881	1.2900514	1.0704872	0.9237768	1.1320933	0.3792661
S	0.8779903	0.9041525	1.1951909	1.1415597	1.2868554	1.4096792	1.0622127	1.1726421	0.7607327	1.1307822	0.3715619
T	1.3334513	0.6033108	0.7228350	1.0375940	0.9500234	2.0986713	0.6935359	1.3952206	1.0123307	1.3351378	0.4058870
V	0.6732644	0.6735856	1.0845960	0.5758968	0.7378283	0.6794043	0.6318661	0.7406641	0.8753656	2.0113276	0.5762079
W	0.5285681	0.2847673	0.4954842	0.3921020	1.3181779	0.3974908	0.4510413	0.4201684	0.4692283	0.4183628	1.5170176
Y	1.0406950	0.3871543	1.2780780	0.7008287	0.7049105	0.4619825	0.9409967	0.6792144	1.0015635	0.5107917	8.7651100
