##############
# B3501 PWM for 11-mers
#
# Copyright (2018) David Gfeller
##############
1.00000	240	1
A	0.6554884	1.2124380	0.9800929	1.0291175	0.9473272	1.0085268	1.3060323	0.8439710	0.8462121	1.2256864	0.2564933
C	0.9052077	0.3981045	0.5372638	0.8681105	0.8778802	0.8867498	0.8916191	0.8868040	0.8843944	0.7939458	0.2437561
D	0.4282835	0.2689125	1.3584627	1.8713202	2.0472624	1.3385120	1.1125637	0.9550445	1.5110236	0.7746151	0.1600831
E	0.4798720	0.2701087	1.3824221	1.4443264	1.5954508	1.1209031	0.8657011	1.1145808	1.0901196	1.3499791	0.1879202
F	2.9902537	0.2903356	2.3037538	0.7358539	0.5976961	0.5941498	0.6096620	0.8152818	0.9949323	0.5746963	5.4300034
G	0.3047201	0.4471415	0.5638234	1.5784368	0.9146418	1.7697245	1.5840812	1.5120967	0.6405514	0.8540174	0.1844804
H	3.9063856	0.2036762	0.9685067	0.5766956	0.9625249	0.7465222	0.6640267	1.0520259	1.8589224	0.6732189	0.6903555
I	0.9878281	0.2399575	1.5054463	0.5796344	0.7073677	0.8894986	0.8104516	1.0368439	1.1927668	0.9151302	0.4040421
K	0.3853105	0.3196315	0.5269950	0.9154296	0.6023845	0.9452485	1.2694097	1.3581521	0.5040924	1.0341857	0.3120422
L	1.3685202	0.2583360	1.2041089	0.7054274	0.9067472	0.8262947	0.8267291	0.8495426	0.8885848	0.8189089	1.3353205
M	2.9224499	0.2386941	0.8180904	0.5691894	0.5004454	0.7184132	0.7211971	0.5206466	0.9939368	1.3146958	1.7366176
N	1.2141791	0.2543825	0.6983460	1.1065307	1.1749798	0.7693268	1.0202545	1.2773859	1.4715139	0.5541758	0.2125545
P	0.1320267	10.7769060	0.2430939	1.6094660	1.1961555	1.2433254	1.1980810	0.6771234	0.3585594	0.4228052	0.1063697
Q	0.5574093	0.3136039	0.3694316	0.5563202	1.2205870	0.9994617	1.2029397	0.8158307	1.4693481	1.5599870	0.2208387
R	0.6228884	0.2381695	0.5002256	0.8833969	0.6609824	0.6626922	0.6875219	0.8564752	0.9920257	1.3032444	0.3489845
S	0.7407168	0.4517747	0.7503660	1.3808137	1.2969375	1.5885703	1.4306620	1.2056515	0.7995523	1.2972379	0.2247250
T	0.8043548	0.3735827	0.4763120	0.7506398	1.0538239	1.0072183	0.9106889	1.2488362	0.9914701	1.3088815	0.2452114
V	0.6975276	0.2923178	1.2150247	0.5282791	0.8701955	0.7776532	0.7085007	1.0062948	1.2396765	1.2297538	0.3457111
W	1.0589703	0.1401056	2.8773223	0.5780366	0.5609795	0.8670645	0.5765294	0.2717080	0.9222034	0.2923053	1.2411918
Y	2.5647584	0.2199157	2.1826871	0.9595949	0.4939995	0.3940042	0.7750038	0.6084338	1.0409007	1.0723697	12.7631691
