##############
# B3507 PWM for 11-mers
#
# Copyright (2021) David Gfeller
##############
1.00000	175
A	0.3946892	2.0754064	1.5764841	0.9159220	1.1018019	0.9950538	1.7926427	0.9577334	0.8491474	1.2753416	0.2899997
C	0.8342706	0.3315691	0.4426720	0.8264870	0.8458226	0.8608415	0.8779688	0.8472381	0.8493332	0.7304374	0.2476650
D	0.5207700	0.3071240	0.7105263	1.6148877	1.7482395	1.1738001	1.0949832	0.8805185	1.7291437	0.5049670	0.1847995
E	0.6465583	0.3220678	0.9639339	1.5662104	2.1063546	1.3127092	1.1764971	1.2067771	1.2963369	1.3694234	0.2755235
F	3.0489579	0.1934663	2.9437709	0.7504132	0.5030001	0.3165924	0.4067472	0.9558233	0.7411163	0.5097684	4.6289008
G	0.2517434	0.3377020	0.3950469	1.3490031	0.7116236	1.8217698	1.3273628	1.0491939	0.4683777	0.4790098	0.1872120
H	3.4140081	0.2657745	0.7560222	0.7775859	0.6270900	1.0295068	0.6224654	1.1742788	2.3032642	0.7678672	0.6597815
I	1.0507341	0.2825743	1.3230032	0.6945402	1.0423458	1.0770611	1.0362972	0.9623908	1.0993661	1.4382075	0.5595375
K	0.4074493	0.3680706	0.5048931	0.8647466	0.4801906	0.4699907	0.9810810	1.4028193	0.6251304	0.9154128	0.2503341
L	1.3889087	0.2399621	1.3823302	0.6762092	0.7556052	0.6725788	0.8371706	0.7424381	0.8441314	0.8689682	1.3109146
M	2.7575283	0.2742292	0.8318367	0.5176602	0.5632355	0.4133005	0.5787228	0.7083864	0.6095077	1.0498659	2.3905890
N	1.2512793	0.2933589	0.4766596	1.1796463	0.6084751	0.8552693	0.9243508	1.2318365	1.3308324	0.4747239	0.2442000
P	0.1815507	11.0353560	0.1900495	2.2004404	1.6382024	1.5045111	0.6352400	0.8534660	0.6893571	0.3902662	0.1487654
Q	0.8501515	0.2999368	0.5001435	0.9231556	1.1725701	0.6507035	1.2491387	0.8426256	1.2402951	0.8391088	0.2681303
R	0.7088091	0.2614155	0.7489603	0.6837417	0.4059896	0.8452373	0.7658377	0.9142280	0.6124051	0.8246363	0.2531248
S	0.6826110	0.4377640	0.5572767	1.1135283	1.4004097	1.2389211	1.2581750	0.9253599	0.8419245	1.3838790	0.2470879
T	0.9889100	0.3991602	0.5722738	0.7283994	0.9370461	1.4963701	1.1345579	1.4120837	0.7339080	1.5437916	0.2970204
V	0.7959762	0.4193607	1.3843738	0.6670875	1.1200934	0.9306792	0.8589196	1.2218326	1.8312270	1.8967419	0.5204584
W	0.7613946	0.1390529	4.0675121	0.2447308	0.2430004	0.5739917	0.2420695	0.2641633	0.6083668	0.2916231	1.2446125
Y	2.5636400	0.2530754	1.7011167	0.6996126	0.6851820	0.5635232	0.4461234	0.6268561	1.0170760	1.3434355	12.6786048
