##############
# B3701 PWM for 11-mers
# Model trained on 10-mer peptides adding one non-specific position after P7.
# Copyright (2016) David Gfeller
##############
1.00000	499	0
A	2.5495861	0.1909937	0.8334167	0.9492486	0.2109224	1.2802917	1.0000000	1.0000000	1.3482618	1.1058725	0.2936560
C	0.7718564	0.2696747	0.5315163	0.6746258	0.6102339	0.6906037	1.0000000	1.0000000	0.6906009	0.1826379	0.2097857
D	0.1933794	9.2369667	0.2943062	0.3158600	0.1838812	0.3065374	1.0000000	1.0000000	0.4065728	0.2917611	0.0922272
E	0.3540634	5.4709260	0.4125061	2.6182233	0.3493956	0.4667507	1.0000000	1.0000000	1.1052002	1.1511867	0.0980496
F	0.3478064	0.1033362	1.4643904	0.3776547	0.1304341	1.2149424	1.0000000	1.0000000	1.2800829	0.7589438	6.5210270
G	0.7140424	0.1921616	0.1975167	0.5202211	0.1610866	0.6175476	1.0000000	1.0000000	0.5350860	2.3490425	0.1117131
H	1.4903847	0.2089346	2.0428949	0.1708913	3.9397652	2.3005028	1.0000000	1.0000000	1.6580505	0.8519012	0.1229043
I	0.4819532	0.0956138	0.4760116	1.1489961	0.1392422	1.3261665	1.0000000	1.0000000	1.0552245	0.2641487	0.8617926
K	2.0849178	0.2784488	0.3061288	0.8987078	1.6343347	0.9189489	1.0000000	1.0000000	0.7403268	1.3766162	0.1182046
L	0.4005687	0.0983974	3.1873145	1.6968627	0.2113681	1.0757705	1.0000000	1.0000000	1.4344909	0.5711216	3.8462631
M	0.5015779	0.2036977	2.1606715	1.1618512	0.2030306	0.4966953	1.0000000	1.0000000	1.6288357	0.3621880	2.7290107
N	0.3167157	0.3757254	1.2243774	0.4543108	0.4151935	1.3080529	1.0000000	1.0000000	0.8299129	1.0749089	0.1072312
P	0.1426586	0.4485356	0.1447660	1.4069399	0.2064214	0.4580875	1.0000000	1.0000000	0.0967532	0.1940657	0.0646339
Q	1.3394668	0.3603003	1.9890377	2.2693143	0.4544276	1.2907869	1.0000000	1.0000000	1.3820283	2.2560163	0.1123370
R	2.3295633	0.2457106	0.3237899	0.5071055	11.3550065	0.6782954	1.0000000	1.0000000	0.5526332	1.0742665	0.1280679
S	2.1571290	0.2565975	1.6274727	0.7059699	0.2939137	0.9958769	1.0000000	1.0000000	1.3462309	1.8702245	0.1324928
T	1.1727607	0.1941755	0.3087711	0.4769010	0.1887990	1.1482722	1.0000000	1.0000000	0.6893707	1.8400960	0.2115459
V	0.8327292	0.1057111	0.5195400	0.9572918	0.3277973	1.5773583	1.0000000	1.0000000	1.1692016	0.5693974	1.7207459
W	0.3359783	0.1236752	1.0516364	0.4958551	0.1663484	0.6879128	1.0000000	1.0000000	0.7104715	0.1757391	0.2848786
Y	0.6300340	0.1311235	1.3501998	0.4037478	0.2219288	0.8418170	1.0000000	1.0000000	1.5414007	0.5791523	0.4837708
