##############
# B3802 PWM for 11-mers
#
# Copyright (2021) David Gfeller
##############
1.00000	443
A	0.7903639	0.2039323	1.3798685	0.7893045	0.9378613	0.7974151	1.0244659	1.4164410	0.8390074	0.7377650	0.2025300
C	0.6755615	0.2863961	0.5076554	0.5909825	0.6093053	0.6174057	0.6089970	0.6250989	0.5860403	0.1705155	0.1949204
D	0.4395526	0.2242444	3.8529250	2.5718547	1.4118414	1.0366853	1.0336657	0.8027849	1.9306719	0.4230657	0.1296122
E	1.0745813	0.4190769	1.6858195	1.5685538	1.2865013	1.0093778	1.3673650	0.8942837	2.4140078	1.1002143	0.1016571
F	1.3159545	0.2173278	0.6226150	0.3128397	0.7297024	0.4706958	0.6001502	0.7398383	0.6370958	0.9418879	4.3704572
G	0.3697474	0.1658181	0.3465347	1.2906858	0.8700893	1.2446436	1.2314355	1.6392269	0.2745915	0.5503081	0.0995284
H	3.3701280	25.4437496	0.6948136	0.6822090	0.6798737	1.4128952	1.0075388	1.5608440	1.0712709	0.9798229	0.1353242
I	0.8989911	0.1330639	1.5475547	0.7046497	0.8653804	0.9611024	1.0775828	0.8462397	0.7111439	0.6772580	2.9257150
K	0.4202466	0.4330591	0.3202839	0.7246439	0.3465804	0.6029073	0.8022622	0.6254935	0.3332726	1.5460848	0.1226859
L	0.4683551	0.2637385	0.9572280	0.6586413	0.7964771	0.7683351	1.0150979	1.0377746	0.7253039	1.1798480	4.7816160
M	1.8592774	0.2126821	0.9972929	0.4363181	0.3275569	0.4737500	0.8334032	0.6962150	0.5260815	0.8709781	0.8137684
N	1.5915407	0.3657752	0.4877479	1.1245677	1.3803277	0.8707352	1.0117282	1.2751210	3.5556505	0.6618267	0.1100740
P	0.1678626	0.2989177	0.1298060	1.9806640	1.7591013	1.0068906	0.8166708	0.4257142	0.1302808	0.1678798	0.0814011
Q	2.2717777	1.1771899	1.4894644	1.1121830	1.0921998	1.0573725	1.2326163	0.9717438	2.7536697	1.8645435	0.1184364
R	0.3854853	0.9731871	0.1936516	0.5597500	0.3542531	0.5252893	0.6897945	0.3641916	0.2993395	1.6325756	0.1249042
S	1.4549831	0.2086775	1.0157924	1.0529075	1.6219433	2.0480700	1.3037784	1.5485664	0.8842712	1.1794467	0.1488203
T	2.4603951	0.1685336	0.4125627	0.8199591	1.2545072	1.5262476	0.9251128	1.3006204	0.4764939	1.7033047	0.1969411
V	0.5166269	0.1472274	1.0248476	0.7290207	1.1682818	1.2575776	1.1335974	0.8587696	0.7093925	1.1824122	0.7300527
W	0.4975985	0.1831623	0.4707392	0.7480969	0.3105545	0.6135924	0.3082012	1.0857646	1.0763906	0.3345072	2.2157310
Y	1.7628046	0.5417249	1.0048892	0.7796816	1.2160806	0.9294698	0.8050312	0.7123902	1.1154582	1.2756366	0.4518669
