##############
# B3801 PWM for 11-mers
#
# Copyright (2021) David Gfeller
##############
1.00000	640
A	0.8440653	0.1555663	1.0655825	0.7982959	1.0985730	1.2732946	1.1403033	1.4611084	0.8057565	0.5514128	0.1871287
C	0.6581075	0.2705598	0.4766392	0.5746565	0.5920751	0.5963477	0.5871311	0.5955305	0.5817139	0.1345380	0.1451612
D	0.4753697	0.1713420	3.5537187	2.6193417	1.5433844	1.1637109	1.1412317	0.7524660	1.4287625	0.2868223	0.0754879
E	1.3220035	0.2765395	2.4738700	1.8400597	1.3855068	1.0090508	1.2589791	1.1793055	2.2172503	0.9116379	0.1221237
F	1.3541154	0.1667463	0.9184909	0.3856178	0.4968565	0.3726527	0.4675239	0.5987120	0.4815432	1.0287556	5.5127205
G	0.5001456	0.1273858	0.3531727	1.0800698	0.7965387	1.3147224	1.0966604	1.3624749	0.3144238	0.4989881	0.0783758
H	3.3195115	27.3132771	1.1825927	0.7066894	0.6503880	1.1401720	0.9468431	1.4495461	1.0729753	1.6705406	0.1115448
I	0.8084329	0.1441705	1.3416670	0.6691434	0.7111540	0.8597898	0.8347449	0.8548510	0.9528017	0.5840351	2.1637306
K	0.4030844	0.2619302	0.2514094	0.8410696	0.3935113	0.6444769	1.0868799	0.9875064	0.3910498	1.0309838	0.1392348
L	0.4584555	0.1987988	0.8018173	0.5289836	0.7274397	0.6638948	0.8659396	0.7623172	1.0131326	1.4892542	4.7764998
M	1.4569064	0.1621903	0.7967581	0.4302274	0.3493332	0.5630331	0.6188765	0.6720542	0.6830908	0.7196477	0.9216885
N	1.2117436	0.3406231	0.4018367	1.1716403	1.1248773	0.8595968	1.2681904	1.3386000	2.8330678	0.8272763	0.1169604
P	0.1520987	0.3526032	0.1270343	2.0724099	2.0493570	0.9986304	0.8615948	0.6857250	0.2306380	0.0983007	0.0886819
Q	2.3864841	1.3367794	1.4639034	1.0711098	1.1525930	1.3783914	1.4804784	1.2310737	2.1857196	1.5762351	0.0938311
R	0.4778311	0.7705350	0.1780280	0.4722804	0.3420778	0.4201219	0.6438574	0.5503386	0.4564720	1.4523179	0.1938173
S	1.1512471	0.1599584	1.1631636	1.3599651	1.7740265	1.7613050	1.4933706	1.5916497	0.9738326	1.2615575	0.0969461
T	2.3867350	0.1529580	0.4586055	0.7893745	1.3545857	1.7859363	1.0811944	1.1645431	0.8668445	2.5124403	0.1959585
V	0.6716201	0.1317353	0.9100698	0.5637414	1.1418525	1.0362197	0.9521645	0.7697971	0.9984414	1.0843252	0.6586910
W	0.9177485	0.1403257	0.2401997	0.5445494	0.1114249	0.2249726	0.3347589	0.2293610	0.7834295	0.2532278	2.2893915
Y	1.8367204	0.4185612	1.2100224	0.5827348	0.7660370	0.7261066	0.6824953	0.6959514	0.9151443	1.3996378	0.5917749
