##############
# B3906 PWM for 11-mers
#
# Copyright (2018) David Gfeller
##############
1.00000	169	1
A	0.7538679	0.3918329	1.6796272	0.8617084	1.3145026	1.0444956	1.4953652	1.2619529	0.7631869	2.1651660	7.7261126
C	0.5261340	0.3176890	0.4777644	0.6379749	0.6687858	0.6783984	0.6834321	0.6589680	0.6800820	0.9167327	0.5500025
D	1.2027594	0.6777804	0.6956364	2.6146937	0.8268229	0.9486643	0.5414619	0.8868093	0.4072787	0.3903609	0.3097720
E	1.6492276	0.4888197	0.3387014	2.0048314	1.1393636	0.6540969	1.2443958	0.9596616	0.7101106	1.1596875	0.3567268
F	0.6344898	0.3245274	2.1024103	0.3740000	0.9658903	0.6092286	0.4419283	0.9440428	1.0392769	0.4087167	0.5575923
G	0.7108612	0.3951564	0.6480970	0.7934660	0.7005990	1.4368504	1.2592877	1.2375111	0.4484190	0.4884249	0.6393466
H	2.4443369	13.0726872	1.1304605	0.6090283	2.7585216	1.5796277	0.9752992	1.6007270	1.8602321	0.8066715	0.2842623
I	0.4807327	0.2046607	0.9219238	0.6860654	0.7959712	1.1694744	0.8418951	0.6856663	1.2498125	0.9025605	0.3638170
K	0.7269863	0.7286224	0.6090824	0.7086152	0.6770316	0.7056883	1.2238996	1.1693824	0.6648812	0.6732223	0.4758652
L	0.5590715	0.3199543	1.2269753	0.5987632	0.8729840	1.0060881	1.0524417	0.9737764	1.5134031	0.6639768	0.3531056
M	0.8575487	0.3799211	0.9846296	0.4038621	0.7729793	0.6533441	0.5058143	0.7659693	1.8640964	0.4999713	0.4273193
N	1.1882252	0.6828817	1.0582963	0.9486659	0.6901819	1.0099675	0.6793766	0.7690057	0.8002086	0.5095961	0.4119290
P	0.2745557	0.5946171	0.8933943	1.4513036	1.0901707	1.0830287	0.7561080	0.8117075	0.6600319	0.8344692	0.5337782
Q	1.9857369	1.3088517	0.9390584	1.3032417	1.5863706	1.1263495	1.2780980	1.0980186	1.8935098	0.9116179	0.4424558
R	0.7421558	3.5609431	0.5742780	0.5552005	0.7667240	0.8786774	1.1611128	1.6507178	1.0491203	0.7455983	0.5579809
S	1.3911062	0.4020674	1.2638067	1.8909674	1.1125301	1.3040234	1.3985682	0.9459760	0.8947291	2.1979177	0.7308945
T	2.3190822	0.3139734	0.4901588	1.0203002	1.1092275	0.8714534	0.9456998	0.9730889	1.0411550	1.6949512	0.5581688
V	0.5714165	0.2461222	0.9474697	0.4710319	0.9259426	1.1371491	0.8532370	0.8217503	1.1080078	1.4598809	0.6601496
W	0.3848627	0.3624339	2.1647274	0.2881590	0.7605314	1.1397090	0.3343764	1.1597150	1.6175092	0.3002469	0.3095829
Y	1.6615336	0.8740631	1.9420045	0.6860646	0.8403899	0.5211814	0.9786226	0.5521939	0.8497303	0.4806225	0.5985176
