##############
# B3905 PWM for 11-mers
# Model trained on 10-mer peptides adding one non-specific position after P7.
# Copyright (2021) David Gfeller
##############
1.00000	93
A	0.5493708	0.3966809	0.9046288	0.9442353	1.4956686	1.1509862	1.0341295	1.0000000	1.2986850	1.3531071	0.6136782
C	0.5062701	0.3705360	0.4915278	0.5031045	0.5914397	0.5682471	0.5595614	1.0000000	0.5969529	1.0198479	0.4545517
D	0.7298027	0.4916185	3.9991555	1.5280791	1.5302764	1.3016546	0.9459291	1.0000000	1.0556736	0.5846115	0.2125933
E	1.1710343	0.6018288	1.0586362	1.8501688	1.1029717	1.2655863	0.7655979	1.0000000	1.1543651	0.9909026	0.2368566
F	1.6768672	0.4885607	0.5598616	0.6812404	0.3987446	0.6896413	0.7208321	1.0000000	0.4844796	0.5708324	2.1273249
G	0.8559268	0.3699632	0.7955552	0.8183843	1.2328519	1.7701179	1.3777318	1.0000000	0.7902768	0.5204199	0.2313918
H	2.4808634	19.8546266	1.5492867	0.7702299	0.8782485	0.6651470	1.1245759	1.0000000	0.8811842	0.8474351	0.2880992
I	1.1078689	0.2699243	1.5346209	0.4518187	0.7774942	0.9279147	0.6901087	1.0000000	1.0233176	0.9698773	1.8533280
K	0.7003759	0.5256920	0.5768299	0.9493933	0.6958776	0.7931872	1.2079907	1.0000000	0.5834795	0.7931405	0.2935015
L	0.5521126	0.2804140	0.5898926	0.5073204	0.7043539	0.6714048	1.0278512	1.0000000	0.9927336	0.9105968	4.6356733
M	0.7561027	0.4451074	0.7197381	0.4502983	0.7103754	0.9034390	0.9666968	1.0000000	1.0122623	0.6455426	2.3789776
N	0.9680967	0.8289916	1.2003900	1.7438759	0.9887185	0.7292442	1.5691120	1.0000000	1.3885147	0.6760004	0.2430135
P	0.2813845	0.5211770	0.2827431	2.0274502	1.1084620	0.6987587	0.5529479	1.0000000	0.6817990	0.4422898	0.3264600
Q	1.3865604	0.9105641	0.9912717	1.4688840	0.6496543	1.0230128	1.2608145	1.0000000	1.2276923	1.3610055	0.2930595
R	0.6780877	0.5703242	0.4136659	0.8227663	0.6395800	0.7575053	0.9208510	1.0000000	0.4340363	0.7744773	0.2986552
S	1.2807748	0.5264215	1.0282825	1.2987104	1.8911931	1.6474151	1.2036558	1.0000000	0.9878378	1.6127664	0.2930952
T	2.1181101	0.3626883	0.6366401	0.8381335	1.1806454	1.1441304	1.0285786	1.0000000	1.1336460	2.2725877	0.4449619
V	0.8688981	0.2460999	1.1745616	0.4147990	0.9718484	0.9071017	1.1056847	1.0000000	1.9200034	1.6428928	1.0093947
W	1.5610452	0.4088254	0.2992250	0.3374179	0.3011298	0.3239277	0.3327641	1.0000000	0.8899272	0.3173382	0.4357302
Y	1.6132142	1.2733373	0.6266508	1.1770018	0.5928940	0.6188318	0.6567847	1.0000000	0.8276965	0.4615593	0.6598840
