##############
# B3901 PWM for 11-mers
#
# Copyright (2018) David Gfeller
##############
1.00000	167	2
A	0.9951101	0.3317025	1.9802663	0.8757778	1.5680779	1.0212573	1.1289386	1.0418091	1.4092631	1.8422531	0.6993974
C	0.5481835	0.3060700	0.4732976	0.6236156	0.6976824	0.6666915	0.6608496	0.6536870	0.6897871	0.9452422	0.4370491
D	0.8728581	0.3828034	1.6979348	2.5224631	0.7351022	1.5232015	1.1008142	1.3048617	1.1458050	0.3840996	0.1710465
E	1.0216162	0.4761717	1.1936241	1.6654727	1.3634964	1.0996984	1.1434530	0.9260291	1.2587010	1.0545407	0.1918318
F	0.9238970	0.3399924	1.9273359	0.4609912	0.3886735	0.3188215	0.4779383	0.6864503	1.1145164	0.5198292	1.5367290
G	0.6533495	0.3945179	0.5769513	1.1169446	0.8842528	1.8770943	2.1711638	1.6799787	0.4348869	0.6902776	0.2149921
H	2.7249249	16.5241615	1.2395035	0.7255780	0.7107993	1.2272371	0.7252685	1.6385177	0.9948684	0.4206474	0.2017071
I	0.4578326	0.1848530	1.3349877	0.5124902	0.7498923	0.8248474	0.5793141	0.8903366	0.9079405	0.8220071	0.9298500
K	0.5376235	0.5978859	0.4469526	0.9874543	0.5627509	0.7225042	1.0345655	1.0206650	0.4857930	0.5948288	0.2439382
L	0.4821760	0.2336865	0.8889911	0.7968832	0.6982417	0.7626240	0.5502692	0.7331629	1.1960588	0.6224476	5.8738955
M	1.4321724	0.3708533	1.3754669	0.6911979	0.4607146	0.4559971	0.8270875	0.7299573	1.2495562	0.7976397	1.7957270
N	1.2606572	0.6324032	0.4894358	0.9137587	1.4421038	0.9794584	1.3986421	1.3953037	1.3453236	0.4361966	0.1933890
P	0.2041549	0.1723163	0.2562015	2.0801103	1.7393056	1.1028445	1.1068622	1.1046951	0.4000734	0.3585755	0.2038046
Q	2.2184608	0.6539201	1.1387311	1.1236027	1.0913660	1.2482062	0.8494116	1.0907278	1.5047926	0.7397673	0.2337257
R	0.6618975	3.5146039	0.3511336	0.7076220	0.5334320	0.5367918	0.8523353	0.7084925	0.5333859	0.4502345	0.2649374
S	1.1008297	0.3937584	0.8350613	0.9594282	1.7070529	1.4027212	1.5847488	1.0795011	0.9173809	2.3722939	0.2551420
T	2.9640241	0.2961875	0.6040134	0.7881170	1.1731697	1.0711090	1.0163000	1.0545855	1.3816076	2.5111591	0.3538322
V	0.5974098	0.1821935	0.9293328	0.5011985	1.1457901	0.9960840	0.7389489	0.6467566	0.9835326	1.8087503	0.9376026
W	0.4143662	0.3815015	1.2571532	0.2833461	0.2850298	0.3037417	0.7281102	0.3291403	1.2198882	0.3191397	0.4043775
Y	1.8363668	0.8695871	1.3862025	0.5716167	0.4622359	0.7105456	0.7089945	0.8849341	1.1871812	0.6101391	0.4825254
