##############
# B4006 PWM for 11-mers
#
# Copyright (2021) David Gfeller
##############
1.00000	284
A	1.8815833	0.3378110	1.6422813	1.1726074	1.2791373	0.7700238	1.1648857	1.1096309	0.9167354	1.5908493	7.2907147
C	0.6789072	0.1325107	0.5305702	0.7350571	0.7630764	0.7472907	0.7468765	0.7571141	0.7821699	0.9886447	0.4816178
D	0.2553713	0.7884629	0.2436796	2.2775797	0.9557207	1.0477614	0.9065429	0.7978674	0.3820580	0.3713000	0.3216571
E	0.3010879	11.3201047	0.2443999	2.2193945	1.1364504	0.9092347	1.3305637	0.9826241	0.7233190	1.0249244	0.2592313
F	0.6825209	0.1691322	2.6495355	0.4213210	1.1362191	0.8901277	0.4410963	1.0819807	0.4809240	0.3974096	0.4839058
G	1.7910522	0.2050939	0.4099798	0.9030228	0.9673448	1.4876021	1.4869572	1.1448887	0.3975302	0.4032039	0.4702158
H	1.7142926	0.3971490	0.7319812	0.7646082	0.4458112	0.9249241	1.6307298	0.6359610	1.3071545	0.2500449	0.2217420
I	0.3367522	0.1641721	2.1715386	0.7663147	1.3709959	1.3050615	0.6103205	1.6187102	1.8730792	1.1251654	0.4098260
K	1.8590688	0.5093619	0.4362945	0.8557676	0.6525469	0.9656576	1.0506030	1.0917010	0.6532920	1.0266770	0.2884136
L	0.5201885	0.1934419	1.4225391	0.8151516	0.9102308	1.2011803	0.5834088	1.1813904	1.5170691	0.9270394	0.4687629
M	0.4940654	0.3276511	1.6225130	0.5072700	0.6552213	0.6618171	0.5978894	0.5899777	1.1373782	0.6854687	0.3324922
N	0.4018085	0.3879377	0.5178637	1.1607952	0.9801227	1.0533918	1.5499652	0.8635366	0.8376776	0.5886926	0.2439651
P	0.1800462	0.2056205	0.2564194	1.1832136	1.8061892	1.3202479	0.7613290	0.9016080	0.4751725	0.4977649	1.2335920
Q	0.4826424	0.6812835	0.2897142	0.9580902	0.9480785	1.1874570	1.1214983	1.2527746	1.0651029	1.2652479	0.2601059
R	3.4861569	0.3713692	0.5328277	0.7428877	0.5719769	0.6357203	0.9380902	0.9119435	1.0789405	0.8751292	0.2702126
S	1.1320487	0.3919602	0.8925510	0.9476311	1.0319516	1.1227571	1.2141821	0.8387204	0.5072238	1.4910002	0.5927898
T	0.8088334	0.2918988	0.9478582	0.7683098	0.8210254	0.7660709	1.3593211	0.6762209	1.3102875	1.9638567	0.6487629
V	0.4213636	0.2368509	1.3900124	0.5892897	1.1929682	0.8573941	0.7247465	1.1406715	1.9966897	1.9524561	1.1335835
W	0.6641245	0.1836704	1.1913888	0.8484640	0.8676433	0.2039647	0.4285014	0.6489539	1.7933292	0.4148918	0.1835875
Y	1.0491230	0.2336005	2.1907829	0.4257778	0.5537222	0.6225433	0.9489914	0.4732044	1.0790354	0.4350064	0.3443922
