##############
# B4002 PWM for 11-mers
#
# Copyright (2021) David Gfeller
##############
1.00000	459
A	2.1103715	0.2694540	1.6240009	0.9022776	1.2336045	0.9318821	1.3493834	1.1344951	1.1432082	1.6078193	0.9066815
C	0.6632908	0.0969853	0.4679145	0.7173361	0.7288870	0.7245154	0.7297695	0.7392744	0.7372968	0.9756361	0.3522016
D	0.1977131	0.5422884	0.7594958	2.4738629	1.1660014	1.1052844	0.5210950	0.6046762	0.4483139	0.4134238	0.1324217
E	0.3864615	12.6116726	0.2663011	2.1821898	1.3862594	1.1885744	1.2441469	0.9646153	1.1601485	1.0169069	0.1394981
F	0.3443626	0.1246523	2.1344899	0.4592242	0.5570442	0.5985460	0.3953833	0.5344464	0.6307386	0.2690571	1.4572224
G	2.0842675	0.1763833	0.3232931	1.1496068	0.9928412	1.3252929	1.6320076	1.0995841	0.3780996	0.3501561	0.1645335
H	1.5684601	0.2928589	0.9176765	0.7294167	0.9069074	1.5029142	1.2381271	0.7878456	1.4566033	0.3878399	0.1264243
I	0.3311903	0.1457187	1.7097195	0.5482589	0.7963275	0.6737862	0.8716088	1.3326584	1.2594217	0.6936589	1.1346850
K	1.7594584	0.3749398	1.0999667	0.7983831	0.9701691	1.2663337	1.4645061	1.4800805	0.6816393	1.5600460	0.1372900
L	0.3875062	0.1212770	1.0242957	0.7283469	0.8015206	0.6894689	0.5875779	0.9236955	0.7535577	0.5432608	6.2654763
M	0.6250517	0.1684474	1.6084893	0.4311713	0.5161809	0.4455871	0.5773829	0.4121020	0.7552617	0.4029680	1.7839078
N	0.3362919	0.2844519	1.0229798	0.9425474	0.8656745	0.7691807	1.3348074	0.8641635	1.3724432	0.5632897	0.1141731
P	0.1361645	0.1512789	0.2919890	1.1482097	2.0487144	0.9712063	0.7595154	0.8696531	0.6901277	0.2826081	0.0911822
Q	0.7640598	0.5015956	0.5331361	1.4767595	1.1977291	1.6768563	0.9584694	1.9288323	2.4427856	1.2177625	0.1782342
R	2.8413233	0.2731717	0.5348231	0.5259456	0.5808762	1.1596549	0.9068003	0.8873343	1.5017001	0.7963000	0.1679081
S	1.4728119	0.2877764	0.8252856	1.1564770	1.1741398	1.3033344	1.1573042	1.1008766	0.7995293	2.1691463	0.1701415
T	0.9002719	0.2454589	0.5521797	0.9872283	1.0813669	1.1457935	1.1137327	0.9047428	1.1534338	2.2853806	0.3009260
V	0.4826885	0.1726166	1.5685983	0.7078110	0.9303402	0.8688791	0.9783272	1.1693308	1.3943692	1.9565311	1.0052145
W	0.5942593	0.1360041	1.8327022	0.2814149	0.2859923	0.1472203	0.1483137	0.2958985	0.4542817	0.1407535	0.1812172
Y	0.8348003	0.2296422	1.9717627	0.3597055	0.5423776	0.6112896	0.7701710	0.6105858	0.9204511	0.4235504	0.2626732
