##############
# B4001 PWM for 11-mers
#
# Copyright (2018) David Gfeller
##############
1.00000	475	1
A	1.7909447	0.2547262	1.4176155	0.8931295	1.1120144	1.2372926	1.2743021	1.4005088	1.2261260	1.0337826	0.2115169
C	0.7574083	0.1543309	0.5466680	1.0304029	1.0430312	1.0520150	1.0458973	1.0519089	1.0621966	1.0676026	0.4534747
D	0.2328415	0.5087398	1.6219102	2.6030415	1.8301165	1.1934521	0.6943609	0.7942141	0.6475765	0.5741369	0.0905008
E	0.2853655	12.7546698	1.6133147	2.0395411	2.3360496	1.1784214	1.6026897	1.0061199	1.7490140	1.3534103	0.1283491
F	0.3156855	0.1137247	1.4140643	0.6236269	0.4649793	0.3891850	0.3551903	0.7518876	0.5053962	0.4188514	0.6359490
G	2.0064333	0.1683652	0.5657843	1.1328669	1.1067080	1.5646868	1.8189752	1.6398494	0.5354867	0.5365987	0.1339547
H	1.1548243	0.2586266	0.9226169	0.5344102	0.5221521	0.9161383	0.7012005	0.6879623	0.8675090	1.0832954	0.1058101
I	0.4348168	0.0979790	1.6035657	0.4764808	0.5388793	0.6024409	0.6150392	0.9283296	0.9625031	0.6994803	0.6525027
K	2.2589268	0.3789620	0.4342518	0.8319136	0.7116089	1.1001560	1.7860596	1.5477269	0.4424228	0.9877139	0.2148995
L	0.3505720	0.1344196	0.8712126	0.7899236	0.6757989	0.5759819	0.6257088	0.8236098	0.6529132	0.9085664	8.0034439
M	0.4389871	0.1704167	0.8397105	0.5055636	0.3708332	0.5101633	0.5791154	0.5361038	0.6186335	0.4933897	1.1778237
N	0.3724435	0.2786213	1.4925450	1.3352357	0.9405664	0.7935683	1.2056696	1.1460611	0.8793957	0.6983833	0.1025374
P	0.1142455	0.3009637	0.4205947	0.8823540	1.4866603	0.9148439	0.4571601	0.5652227	0.4808313	0.1099322	0.0701128
Q	1.3878731	0.4860054	0.6618911	1.3783178	1.0526314	1.4053511	1.5861123	1.3564628	2.4044921	1.8465902	0.1279175
R	2.6059545	0.2909271	0.2286491	0.8825015	0.4494813	1.0508684	0.8842420	0.9911887	0.5185953	0.9233625	0.2130708
S	1.7308324	0.2758909	0.8846792	1.1275482	1.4959254	1.8719629	1.2246245	1.1489148	1.3405686	1.7611436	0.1260952
T	1.2313673	0.2359121	1.0126352	0.9407975	0.9813188	1.4338608	1.4838885	0.8278727	1.7294703	2.0638037	0.1880455
V	0.7160327	0.1249980	1.0878829	0.4342043	0.7983367	0.6581653	0.4065236	0.8470761	1.4488369	1.5909815	0.4607428
W	0.3507755	0.1590959	0.5458943	0.1693868	0.3309971	0.1645854	0.5159979	0.3486243	0.5333955	0.3504429	0.5578246
Y	0.6970960	0.1669593	0.9683635	0.6313509	0.4052867	0.4101997	0.5767093	0.5369141	1.1506929	0.5959143	0.2349148
