##############
# B4013 PWM for 11-mers
# Model trained on 10-mer peptides adding one non-specific position after P7.
# Copyright (2016) David Gfeller
##############
1.00000	56	0
A	0.6944105	1.0078540	0.4469668	1.8806424	0.7801991	1.1397608	1.0000000	1.0000000	0.7576232	1.3115982	0.4532658
C	0.3561967	0.4460754	0.3849533	0.4292523	0.4306494	0.8492490	1.0000000	1.0000000	0.4220341	0.4452023	0.4696511
D	0.3823386	0.5600976	0.3158404	0.7690771	0.3983045	0.7651515	1.0000000	1.0000000	0.4206462	0.4951274	0.2483673
E	0.4864889	1.2872869	0.3744106	1.2691374	0.4130899	0.4922336	1.0000000	1.0000000	0.6878500	0.6350951	0.2571827
F	2.1447998	0.7583687	2.8187467	0.4334362	1.3008187	2.1463645	1.0000000	1.0000000	1.8854456	0.7093210	5.1325604
G	0.6585860	0.4386586	0.3061216	2.0149818	1.5592020	1.0281520	1.0000000	1.0000000	0.5380907	0.7739626	0.2565036
H	1.3641343	0.5585511	1.2262571	0.8177059	0.7442150	1.1300298	1.0000000	1.0000000	1.7470316	0.7794766	0.3539737
I	0.6333003	0.7919602	1.2174529	0.4514417	1.4797655	0.9805871	1.0000000	1.0000000	1.0108410	0.7099516	2.4755154
K	1.1834708	0.7295737	0.6258961	1.2366328	0.5713876	0.8411675	1.0000000	1.0000000	0.5062466	0.7173162	0.3060880
L	0.7123428	1.0438583	1.4652069	0.5725506	1.0841387	0.9113815	1.0000000	1.0000000	1.1935400	0.7545048	2.4961200
M	3.0699311	4.3964619	3.5176293	0.7530998	0.9944855	0.6777073	1.0000000	1.0000000	1.9744113	1.0725896	2.1484802
N	0.5182851	0.5777656	0.5690881	0.9683175	0.6724927	0.7227277	1.0000000	1.0000000	0.4983426	0.7144288	0.2800475
P	0.2711544	0.9314542	0.2210725	1.3623568	0.4682968	0.6929026	1.0000000	1.0000000	0.8746001	3.9616114	0.1995514
Q	0.6372117	3.1547653	0.4828210	0.6616638	0.6444891	0.6948853	1.0000000	1.0000000	0.8347938	0.8662323	0.2955000
R	2.4861904	0.6353167	1.3236834	1.0164914	1.4583348	1.5185676	1.0000000	1.0000000	0.5995824	0.7767405	0.3088082
S	0.6812606	1.1037689	0.3922001	1.0961701	0.8106586	1.0334851	1.0000000	1.0000000	1.0779895	1.2199723	0.3205228
T	0.5230476	1.0475623	0.4844485	0.7532547	1.0856812	0.7159360	1.0000000	1.0000000	0.9694839	1.1640263	0.4993600
V	0.5921331	0.9168286	0.8838329	0.5194957	1.3623024	0.8472373	1.0000000	1.0000000	0.9986682	0.8023129	1.5431290
W	1.7130225	0.4091022	6.0174441	1.2367833	5.6854125	3.1465357	1.0000000	1.0000000	6.6749990	0.3693680	0.6594960
Y	4.8759699	0.5724201	3.7461080	0.7444800	1.0158549	1.6375985	1.0000000	1.0000000	2.0195935	1.0478627	1.2214014
