##############
# B4032 PWM for 11-mers
#
# Copyright (2021) David Gfeller
##############
1.00000	66
A	1.9778211	0.7409958	0.9172761	0.8880111	0.9859935	0.8874945	1.0957168	1.0067836	1.2175182	1.9810609	4.1600172
C	0.8165069	0.2570892	0.5891112	0.7898150	0.8318252	0.7944127	0.7871622	0.7864042	0.8635716	1.0717158	0.6802208
D	0.4314323	1.2063927	0.7551795	1.9112393	0.5214621	1.1301076	1.1344924	0.6363052	0.5458256	0.5616349	0.4143172
E	0.4865793	7.0460974	1.2236086	1.9270763	1.1022406	1.0105540	1.0806906	0.7506862	1.0174284	1.1562926	0.5778031
F	0.5503023	0.3056219	2.4461212	0.6553084	1.4679156	0.9989955	0.6677197	0.7526477	0.4989748	0.6069009	0.6683303
G	1.9070810	0.6476531	0.3595434	1.0349251	1.8452268	1.7273972	1.8407376	1.4371997	1.0813068	0.7982406	1.0296300
H	1.3490853	0.7062035	1.2419508	0.4908218	0.7579948	1.0885425	2.2117873	1.3876767	1.0242089	0.4618930	0.4413205
I	0.6041684	0.2918835	1.5090815	0.9091964	0.9170809	0.5070352	0.8027578	0.9477016	1.2331557	0.8391002	0.7524989
K	1.1295882	0.9148479	0.8412341	0.7104349	1.0385446	0.8593338	0.9216107	1.4195900	0.9497280	0.7012515	0.6528206
L	0.8806649	0.3001329	0.9680432	1.2933108	1.2502093	0.8551942	0.5947521	0.8357865	1.1540866	0.6429024	0.7322503
M	1.5164096	0.4168135	1.1844859	0.6889558	0.9149074	0.5848847	0.7738127	0.6130287	0.7346553	0.6092739	0.6156234
N	0.5662297	0.7013199	0.6475985	1.0830069	0.7370765	0.8230081	1.1336722	0.8944758	1.4927271	0.7699106	0.4479286
P	0.3257779	0.3737790	0.2739923	0.8275398	0.6622519	1.2021296	0.4884389	1.5291892	0.6623858	1.0697560	1.2539055
Q	0.7135419	1.1943547	0.9998176	0.9226038	0.7000339	1.4855018	1.0461185	1.1710295	0.9959098	0.8788635	0.6418676
R	1.4364187	0.7915918	0.7472009	0.8653366	0.5038410	1.1782473	1.0387744	1.0921919	0.5143251	0.6195457	0.6915707
S	0.9266921	0.7450858	0.5793294	0.6566583	1.4451898	1.3065811	0.8883865	0.9132665	1.1187812	1.8745089	0.8035747
T	1.0458098	0.5397003	0.6340272	0.7850072	0.9539469	1.0581959	1.1279424	0.6808374	0.9871036	1.8733819	0.6453034
V	0.7862120	0.3701470	0.9365140	1.1415422	0.6351243	0.5882328	0.7234249	0.7612140	1.6799300	1.1157281	1.0873584
W	1.1694667	0.3338076	0.7237289	0.3354530	1.1669691	0.3778703	1.1306334	0.4361076	0.3373556	0.3341309	0.3735359
Y	1.2388030	0.4211724	4.1617062	0.4581606	0.8529697	0.7755497	1.0357365	1.7021557	0.4893377	0.4722130	0.9561261
