##############
# B4101 PWM for 11-mers
#
# Copyright (2018) David Gfeller
##############
1.00000	44	2
A	2.5341118	0.6409013	1.2715110	1.1300184	1.8062214	1.0862099	1.7635857	1.4853331	1.6879308	2.1223225	5.4450373
C	0.9422736	0.4103543	0.7581830	0.7914308	0.8606877	0.8490840	0.8599568	0.8550229	0.8831642	0.6128497	0.8492439
D	0.5261462	1.4221632	1.1359525	2.0789801	1.9194655	1.6516302	0.8912892	1.0354563	0.5603231	0.7172559	0.4673145
E	0.6869500	6.9330024	2.2247368	3.0573250	1.6155617	0.8142559	1.1999285	1.2059812	0.7741573	2.2705152	0.5352007
F	0.3732913	0.3136918	0.4928574	0.6587271	0.5611442	0.4180990	0.6251817	0.6886678	0.5116530	0.4823628	0.6691545
G	1.1056115	0.4644095	0.5338505	0.9473093	1.0409183	1.4332417	1.4876184	0.8003072	0.5909389	0.6129483	0.9897667
H	0.8676163	0.7209092	0.5260344	0.5352201	0.5660551	0.8469684	0.8796283	0.8517509	1.9181388	0.4777435	0.4145793
I	0.5466414	0.2675594	1.5059062	0.7267804	0.6677049	0.6221184	0.6512092	0.9729964	1.0847010	1.0149971	0.5378109
K	2.1778604	1.0555135	0.7616996	0.8905756	0.6787389	1.4072090	1.3123595	1.5680940	1.3236016	0.9844187	0.6116810
L	0.4730106	0.3219064	0.8854150	0.7699580	0.7825739	0.7515826	0.4602009	0.8379157	0.7051934	0.9930993	0.6271267
M	0.6186294	0.4693031	1.3840371	0.6458613	0.6547592	0.6480654	0.5863520	0.7181052	0.7500231	0.7866632	0.6616098
N	0.6558500	0.7751796	0.6422669	0.7313785	1.5269660	1.4195834	1.5471325	1.0850256	1.2614829	0.5881354	0.4937826
P	0.3365926	0.3479465	0.5148714	0.7337438	0.7257050	0.7329855	0.9512771	0.9401745	0.5095672	0.5424605	0.6003807
Q	1.1555061	1.3585671	2.0608903	1.0274183	0.8544303	0.8568033	1.0811419	1.0828504	1.4235584	0.9428902	0.5304868
R	2.9326387	0.8102168	0.6508543	0.6320313	0.7495465	1.2648733	1.2677369	1.3014385	1.6637496	0.6339085	0.5011833
S	0.9657474	0.7635725	1.1652464	0.9639118	0.8928128	1.4828163	1.2867187	1.0935446	0.7552801	1.0545340	1.2378793
T	0.6585001	0.5684506	0.6809006	0.7646715	0.6411162	1.2802661	0.8317752	0.8057179	0.9350329	1.1274109	0.7628885
V	0.6425649	0.3433542	0.9791302	0.7346612	0.8551135	0.7178854	0.6263672	0.7308787	1.1660444	1.1184781	0.7396460
W	0.4445888	0.4424296	0.4528628	0.4410030	0.5343271	0.4205658	0.4382901	0.4491418	0.4958038	0.4500018	0.4534788
Y	0.5083843	0.4623744	0.5171963	0.5022457	1.4361485	0.4816412	0.5288624	0.5524104	0.9327478	0.5063826	0.5332511
