##############
# B4201 PWM for 11-mers
#
# Copyright (2021) David Gfeller
##############
1.00000	438
A	1.4020576	0.4257819	0.9485889	1.1176328	1.1591996	0.6384956	1.0278065	1.1440363	0.7889733	1.6143771	0.4022703
C	0.6938026	0.3260288	0.4892967	0.6072943	0.6093734	0.5954160	0.6188724	0.6082094	0.5966285	0.1995789	0.2104693
D	0.1952892	0.2161898	0.8959530	1.0882009	0.7683058	1.0144210	0.7606022	0.6524291	0.3003078	0.4931265	0.1674796
E	0.3587914	0.2407135	0.5326605	1.1448178	0.7386769	1.0878735	0.6456581	1.0595390	1.3389689	1.0409895	0.1396857
F	0.7405650	0.1082316	0.5014029	0.5236058	0.5884042	0.3679216	0.6834727	1.1783317	0.4257769	0.5658017	2.0918073
G	0.2945584	0.2154950	0.3366215	1.0767085	0.9395976	1.1910138	1.0990800	1.5342780	0.3866483	0.4654327	0.1049245
H	1.6146728	0.1517996	0.9282279	0.8839187	1.0251301	1.5654236	1.3548397	0.6809280	4.1186946	0.4769254	0.1323200
I	1.0513888	0.1943581	0.7577354	0.4513451	0.5872719	0.7883172	1.0020544	0.5978587	1.1096915	1.0945629	1.2165067
K	1.1496273	0.2116970	3.0663652	0.8219952	0.9414254	1.7132959	1.0374845	0.8962654	1.6829147	1.0102229	0.1364695
L	0.7701280	0.2093817	0.3841516	0.6310690	0.4934467	0.9060311	0.7277844	1.0627339	0.5570713	0.6705211	6.1069774
M	1.5489095	0.1538602	1.3742186	0.6550629	0.5213831	0.6095826	0.7608671	1.2597150	0.5512315	1.0131672	2.5567706
N	0.6893550	0.1711871	1.8004398	0.8331533	1.1928007	1.1607527	0.9048690	0.8034960	1.0679239	0.3722457	0.1146467
P	0.1704339	14.9589012	0.9568062	3.0064863	1.8897893	1.0475089	1.8319100	1.1885014	0.5322470	0.2530202	0.1257869
Q	0.8570677	0.1698782	1.5272496	1.2509052	1.0716712	1.0082404	0.8901367	1.1934874	1.4952075	1.7646885	0.1370505
R	2.2810783	0.1484524	1.4491639	0.6371862	1.2835909	1.4746532	0.7671311	1.0499169	1.3531318	0.8232192	0.1709647
S	1.8139433	0.2965483	1.7933930	1.6532910	1.8259639	1.1621501	1.5691174	0.9468047	0.8934542	1.6928284	0.1353174
T	1.5609202	0.2542563	0.5321016	1.1715680	1.2057363	1.0563893	1.2422631	0.7924655	0.9878833	2.1379139	0.2735536
V	1.4151184	0.4720206	0.3824175	0.6100329	1.0289866	0.7520967	1.2234591	1.0501228	1.5357070	1.8548555	1.1458070
W	0.1660598	0.0719345	0.3143396	0.6000144	0.4619757	0.6091455	0.4594210	0.4775054	0.3135731	0.1563780	0.1987596
Y	0.7747577	0.1421498	1.1211663	0.4426213	1.0484005	0.5714721	0.5837936	1.0118229	0.7956747	0.5835989	0.3581317
