##############
# B4402 PWM for 11-mers
#
# Copyright (2018) David Gfeller
##############
1.00000	451	1
A	2.7780250	0.2640206	1.4597955	0.9271041	1.0525468	1.0584879	1.2422435	1.2161720	0.7035177	0.8638725	0.1800082
C	0.8147886	0.1138602	0.2085377	0.9873846	0.9932458	0.9965963	1.0029857	1.0065959	0.9615198	1.4527733	0.3504395
D	0.3961383	0.5310643	1.0657189	2.1966566	1.4620981	1.7200243	0.9947927	0.4475857	0.5336000	0.4219859	0.1355193
E	1.9744098	12.7173098	0.8959640	1.8959478	1.8770163	1.4193468	1.1488219	1.0636824	0.8902862	1.0779393	0.1194445
F	0.2735536	0.1180330	0.7928031	0.5880209	0.6637316	0.5364655	0.6315765	1.0805937	0.4414850	0.6061542	4.8776615
G	0.8428818	0.1749835	0.5891849	0.7924051	1.0337486	1.4198702	1.3538813	1.0233504	0.4053968	0.8716823	0.1647502
H	0.7442010	0.3308561	0.9659759	0.6092716	0.4308799	0.8974465	1.0074117	0.7719726	1.7034109	0.7307125	0.2578066
I	0.2947669	0.1016327	1.8408657	0.5457347	0.6618288	0.9498134	1.0771453	1.0732889	0.3578703	0.3446447	0.3422079
K	1.0311395	0.3955634	0.8975905	0.7739413	0.3736595	0.8284661	1.3164863	1.4370302	2.6673920	1.5478373	0.1614993
L	0.3032754	0.1212619	1.2988220	1.0742228	0.9477023	0.8280603	0.8484045	1.0454293	0.4440095	1.1488986	0.8175519
M	0.5233246	0.1769124	1.8479225	0.6916591	0.4734343	0.4038168	0.5608717	0.7259872	0.2459358	0.9186644	0.4332300
N	0.7050597	0.3313638	1.2710906	0.9380251	1.4394747	1.0183387	1.1489724	1.0162151	0.9462147	0.8764848	0.1690018
P	0.1256934	0.1303479	0.4404585	1.0705034	1.5808923	0.9531120	1.0088817	0.7669678	0.2613801	0.1700547	0.0582828
Q	2.7273277	0.5929230	2.1830017	1.5093962	1.3735857	1.2504488	0.8617542	1.3643507	2.7842094	1.9578242	0.1305936
R	1.6434869	0.3043621	0.3011635	0.8469813	0.7632426	1.0483782	0.7797226	1.0271570	4.4181304	1.8856113	0.2150299
S	1.7958973	0.2866012	0.8007735	1.0532007	1.2222354	1.2790710	0.9690935	0.9620202	0.7234425	1.3735464	0.1383986
T	0.9818675	0.2135404	0.3981977	0.9158228	0.9530541	1.0163658	0.8272061	0.7969782	0.5068336	1.4981747	0.1518323
V	0.5270482	0.1512883	0.9369359	0.5985708	0.6026738	0.6129328	1.0638259	1.1623485	0.5401876	0.7085013	0.1949596
W	0.5357995	0.1661100	0.5589431	1.0794697	0.5381565	0.1726669	0.5402564	0.3719151	1.2644660	0.7408853	30.5771641
Y	0.3739801	0.1747030	0.5865447	0.7267167	0.7224129	0.4322106	0.6175918	0.5799709	0.6320848	1.3056475	8.4505169
