##############
# B4403 PWM for 11-mers
#
# Copyright (2021) David Gfeller
##############
1.00000	890
A	2.5445975	0.1616469	1.6129634	0.8623766	1.0824613	0.9978032	0.9529766	1.3035392	0.7463513	0.9462102	0.1159091
C	0.4656330	0.0582038	0.1074478	0.8674802	0.8758617	0.8766904	0.8842601	0.8821606	0.8665219	1.5084510	0.3180167
D	0.5449217	0.3640780	0.9421808	2.4516580	1.4261998	1.1807286	1.1179038	0.5292014	0.7063616	0.4425920	0.1157880
E	2.1498782	13.9399206	1.0749976	1.8591691	1.7534743	1.4121667	1.2216814	0.8614993	1.0943212	1.1085279	0.0889937
F	0.2586646	0.0740436	1.7383357	0.3695061	0.5581275	0.4395371	0.4245068	0.5386890	0.5516834	0.4598081	4.3144104
G	0.5824420	0.1196301	0.4318641	0.9207792	0.8670015	1.1739623	1.1857699	1.3302936	0.3725216	0.8822385	0.0697447
H	0.6170761	0.2143096	1.7618156	0.4600059	0.7443986	0.9599275	0.9354334	0.8116541	1.4525739	1.2795520	0.2883442
I	0.1977971	0.0869209	1.8238202	0.5781372	0.6436906	1.0611251	0.9596118	0.9985470	0.5330414	0.3444346	0.3826277
K	1.1955353	0.2435338	0.4781454	0.7948622	0.6173331	1.2742740	1.5858143	1.5861655	2.6748221	1.9969750	0.1265505
L	0.1853127	0.0728246	1.1785872	0.7685924	0.8815252	0.7224241	0.7816850	0.8340583	0.5638227	0.7558544	0.8740442
M	0.4917220	0.1016680	1.5663439	0.4562444	0.5843689	0.3096784	0.5523522	0.5562597	0.6625581	0.5786112	0.8082234
N	0.8798797	0.1726411	0.9453265	1.0724629	1.3277013	0.8404589	1.2511806	0.9865982	1.0255109	0.9860022	0.1006039
P	0.0884223	0.0914392	0.3871022	1.4458344	1.7181831	1.2364068	0.9363946	0.8114781	0.3498327	0.1184646	0.0426430
Q	2.5306405	0.4027479	1.2472958	1.7298667	1.2648488	1.2906552	1.1567388	1.2622739	2.3910127	1.8594995	0.1315836
R	1.6952623	0.1840153	0.2929161	0.7442061	0.6512427	0.8362821	0.8667153	1.0858197	2.6523617	1.7616941	0.1179427
S	1.7670436	0.1881474	0.6122122	1.0682033	1.1439080	1.2444001	1.0351507	1.1126435	0.7918195	1.3187364	0.0781444
T	1.1578920	0.1293057	0.4908945	0.9325080	1.1349504	1.1357329	1.1628976	0.9397284	0.9697249	1.6496257	0.0938247
V	0.5478532	0.1174107	1.4370009	0.5741055	0.8571869	0.9788983	0.9579205	1.3293107	0.7314077	0.7122266	0.1518846
W	0.6541922	0.0815128	1.3484743	0.1682692	0.4084594	0.0855345	0.3334336	0.3302553	0.5747687	0.3312719	24.9913193
Y	0.2171420	0.1038698	0.9365194	0.9583110	0.5123414	0.4780326	0.6813871	0.4176737	0.4587054	0.7684616	10.2938067
