##############
# B4405 PWM for 11-mers
#
# Copyright (2021) David Gfeller
##############
1.00000	118
A	1.7776251	0.4645461	1.2140061	1.1778327	0.9631942	1.0500413	0.9966159	1.2683803	1.0494965	1.0939754	0.3039587
C	0.6200465	0.1994189	0.3549679	0.8890850	0.8862169	0.9250687	0.9028908	0.9295872	0.8801277	1.3736654	0.4653989
D	1.0902735	1.0567209	1.7208053	2.1729935	2.0932217	1.3028255	1.2579724	0.7341324	1.1416188	0.4379606	0.1984146
E	1.5367076	8.9677939	1.0981520	1.6065057	1.4498656	1.1645804	1.4185274	0.7614109	1.2583663	0.6380763	0.2222306
F	0.3207476	0.2679793	0.9587015	0.3239843	0.3281745	0.6210805	0.6118608	0.7143096	0.6993427	0.5281470	7.1112754
G	0.9016130	0.3099410	0.8122371	1.0878701	1.2468699	1.6299980	1.5727416	1.1033482	0.7680463	1.7652797	0.2362600
H	0.4591133	0.6124855	0.9397409	0.4307156	0.4347246	0.5863766	1.0001929	0.9697156	1.2127348	1.1849853	0.3704057
I	0.6378492	0.2416977	2.2496006	0.4758782	0.8284101	1.0327506	0.6921235	0.8804594	0.5685167	0.4308755	0.9386809
K	1.2471337	0.7779531	0.7965949	1.1084883	1.0839370	0.8458599	1.0917848	1.3690251	1.1473511	1.7260887	0.3766988
L	0.4664873	0.2500957	0.9909924	0.7177529	0.5400633	0.9763734	0.6468168	0.6135774	0.4248278	0.5034245	1.3749447
M	0.6281240	0.3484311	0.7825170	0.6096355	0.4390087	0.5279250	0.6225211	0.6693025	0.7841098	0.6265385	1.3341854
N	1.4022073	0.5892624	0.4646726	0.7801351	1.3049200	0.9622301	1.1956516	1.4576927	1.2871287	0.9538094	0.2416344
P	0.2958299	0.3133594	0.7957327	1.7856603	1.6712388	0.7016395	1.0338097	1.0291603	0.8078909	0.3842088	0.1327517
Q	1.6298165	1.0415488	1.0734395	1.2690741	1.1456648	0.8994964	1.0536964	1.3346313	2.0308414	1.8508984	0.2348577
R	1.4532525	0.5673436	0.5595080	0.9702131	0.7907817	0.8409962	0.8873157	1.0823839	2.2046058	1.2897005	0.2625890
S	0.9883635	0.5444528	0.6370259	0.9106102	1.1932373	1.4484728	1.5687424	1.2055504	0.8971841	1.0429981	0.2509735
T	1.7196292	0.5217911	0.6361556	1.1176882	0.7466719	1.3877301	0.7641792	0.9274724	0.9680887	1.6593492	0.3251784
V	0.7312213	0.3037550	1.2749930	0.5474982	0.7508036	0.6546285	0.6264479	1.2448563	0.8568781	0.7358643	0.6132589
W	0.7357662	0.2893940	0.7887160	0.2631884	0.7127313	0.2936952	0.3055145	0.7426100	0.3074085	0.3521080	17.6247027
Y	0.3760001	0.5166243	0.9419804	0.4981253	0.5044446	0.5452894	0.8727974	0.4352975	0.7480403	1.4877592	1.7325901
