##############
# B4428 PWM for 11-mers
#
# Copyright (2018) David Gfeller
##############
1.00000	31	2
A	2.6822118	0.6770439	1.3025340	0.8976572	1.3408658	1.0620126	0.8557924	1.0994931	1.1975786	0.9482159	0.4772348
C	1.0742671	0.3181790	0.5979380	1.0308429	1.1012992	1.0818489	1.0154731	1.0623986	1.0451246	1.3910276	0.5194998
D	0.9967200	1.5053834	1.9412996	1.2914510	1.2945131	1.1348090	0.9687695	0.9418970	1.8688144	0.8772536	0.3219130
E	1.3576978	6.3898083	1.0552668	1.7388722	1.3796881	0.7980902	1.1801066	1.1704364	2.0481832	0.6370779	0.4225751
F	0.5194897	0.3324121	0.7093956	0.5341460	1.0962781	0.8235104	0.8324422	0.7676392	0.5011428	0.5354145	1.9978602
G	0.8047720	0.4902331	0.8573883	0.8498701	0.6628006	2.2392444	1.4072238	2.2585185	0.6090990	1.6905846	0.3847627
H	0.5745790	0.7616167	0.5525958	0.5666057	0.5459681	0.4883509	1.0167109	0.5274783	1.0579861	0.5190879	1.0274068
I	0.5693720	0.2827078	1.0548621	0.6744753	0.5713666	1.1257983	0.8331040	0.8289764	0.7207690	0.7981751	0.6520891
K	0.7628739	1.1147530	0.6648986	0.9160270	1.0685254	0.8562421	1.4825828	1.1412949	0.9871151	1.7248294	0.6389342
L	0.6766337	0.3397765	1.1561574	0.7781981	0.7745472	0.9793508	0.9244405	0.6694875	0.6481075	0.8141318	0.6065801
M	1.0404244	0.4956387	2.2929023	1.0353819	0.7087991	0.7961876	0.7576589	0.6971311	0.7002912	0.7533076	0.6999015
N	1.5072526	0.8215547	0.7069754	0.9948093	1.5784349	0.9942959	1.5541145	1.0261242	0.8069197	1.2920348	0.4257185
P	0.3628354	0.3682617	0.3036156	1.7342260	0.9058934	0.5851261	0.2997137	0.3146142	0.6191715	0.3249062	0.1984353
Q	0.9553001	1.4361708	1.3410725	1.2090846	0.9541052	1.2882550	0.9850267	1.1745708	1.7469363	0.9082482	0.7071379
R	0.8757624	0.8531855	0.5916977	0.6607647	0.6912297	0.8532205	1.5005866	1.4189124	0.7272880	1.0374482	0.5163814
S	1.2839918	0.8061134	1.0214915	1.3120222	1.3260197	1.1780529	1.1387399	1.3399710	1.3475010	1.2491020	0.4395755
T	1.1353449	0.6000625	0.8754768	0.8884979	1.6515000	1.0448432	0.6757734	0.8917476	0.7304504	1.6265654	0.4515002
V	0.7748372	0.3629119	1.0087702	0.6788071	0.7096167	0.7129911	0.7097267	0.8375866	0.9332065	0.9903956	0.5260832
W	0.5237041	0.4676058	0.6104929	2.2158806	0.5032236	0.4938104	2.2269075	0.4935415	0.5091404	0.5219748	17.4012966
Y	0.9444390	0.4901643	1.4058172	0.9669258	0.6339265	0.5581727	0.6566246	0.5541561	0.9699149	0.9220058	9.1536220
