##############
# B4427 PWM for 11-mers
#
# Copyright (2018) David Gfeller
##############
1.00000	51	2
A	2.5618806	0.6226008	1.2104800	1.6373145	1.6183161	1.2875362	1.3302826	1.1141435	0.9035131	1.1147151	0.4184555
C	1.0010381	0.2926217	0.5023571	1.0916113	1.0720702	1.0578516	1.0497918	1.0865930	0.9369551	1.4062931	0.5155454
D	1.2296724	1.3868875	2.0139746	1.9278110	1.7535555	1.3454416	0.7995553	0.6050478	0.6083295	0.5630564	0.2664940
E	1.4981297	7.2233601	1.0523585	1.7957410	1.6416867	1.3780037	1.3362476	1.1333099	1.1131622	1.0661613	0.3147176
F	0.4426333	0.3046813	0.7745872	0.4630462	0.3948969	0.4424355	0.9122460	0.7333496	0.3845915	0.7469456	3.6960989
G	0.8886531	0.4515824	0.5098453	0.7784875	1.3183331	1.8005968	1.6442003	1.7881922	0.5209197	0.8832531	0.5283825
H	0.8340323	0.7026651	1.1174927	0.8068698	0.4841226	1.0996623	1.4348208	1.0903930	1.8368017	0.5055708	0.7645443
I	0.5982373	0.2590748	1.3823530	0.7462886	0.7855101	0.9541174	0.5974724	1.1389091	0.3740002	0.7279370	0.5514131
K	0.9576772	1.0289810	0.8902336	0.8037232	0.9490097	0.9386321	1.5237616	0.9964689	2.5694629	1.3718751	0.3518423
L	0.6428687	0.3120059	1.0911231	0.7687860	0.6467448	0.8687209	0.6441038	0.9318283	0.4108625	0.9242407	0.8874608
M	0.6233830	0.4557513	1.0795605	0.9257940	0.6154767	0.7031101	0.6211151	0.7449567	0.5715920	1.2607152	0.7253197
N	1.6097566	0.7553033	1.0243675	0.7107441	1.0764067	1.0556438	0.8519959	1.3747603	1.1015444	0.8227582	0.3477974
P	0.3265297	0.3387243	0.4549532	0.6796872	0.8594287	0.2875377	0.8495833	0.2779953	0.4788413	0.2945550	0.1590273
Q	0.8594636	1.3248256	1.6271653	1.1937642	1.0166297	1.4946361	0.8502378	0.7778437	1.4147775	1.0195983	0.3517005
R	0.9572867	0.7896697	0.7699801	0.5944098	0.9363103	0.9543967	0.8593514	0.9239675	4.1473211	1.8466580	0.3847589
S	1.1907562	0.7430311	0.6310697	1.3961564	1.0967194	0.8277464	1.2416626	1.1143714	0.7873176	1.2609180	0.3694923
T	0.9475716	0.5526090	0.5895909	0.9379076	1.0354451	0.9936928	0.7610813	1.0322401	0.5805590	1.5681971	0.3938781
V	0.7496477	0.3327281	1.0793289	0.8426249	0.7407710	0.8681548	0.7639094	1.0994161	0.5639625	0.9530166	0.4859118
W	0.4534166	0.4305139	1.6207582	0.4482603	0.4023546	0.4353164	0.5224618	0.4908547	0.4715894	0.5303323	19.4622418
Y	0.7740031	0.4499399	0.8880281	0.7702945	0.4415338	0.5003230	1.1642027	0.8369013	0.8440936	1.0974857	7.4509511
