##############
# B4501 PWM for 11-mers
#
# Copyright (2018) David Gfeller
##############
1.00000	145	2
A	4.7677838	0.5066821	1.8332618	1.1236974	2.0144207	1.1670663	1.5846098	1.2901648	1.2001016	1.8497295	7.0108867
C	0.8557140	0.2174563	0.3624734	0.7592406	0.8274470	0.8229404	0.8046984	0.7959204	0.8083821	0.9809883	0.6504065
D	0.4400572	0.9985574	1.0277191	2.0208003	1.2804296	1.2370944	0.7907449	0.6411211	0.5519442	0.6246916	0.3225673
E	1.2186398	9.6036254	2.1384179	2.5723952	1.2609872	0.9729509	1.0235075	0.7428958	1.0899190	1.6083990	0.3694930
F	0.2918622	0.2256359	0.3213844	0.3902046	0.5283245	0.4381241	0.4019549	0.5357093	0.6241999	0.3074860	0.7919971
G	0.6754577	0.3304588	0.4406678	1.2432584	1.3040893	1.9277611	1.5909184	1.8430965	0.5129743	0.5805607	0.6605850
H	0.6457479	0.5075657	1.4357182	0.5283327	1.0768264	0.4634754	0.8025525	0.6323392	1.6511496	0.4976650	0.2873991
I	0.3334309	0.1952152	0.7740027	0.5312585	0.3538606	1.1691765	0.5656344	1.0520265	1.0200206	0.8940002	0.4054726
K	0.8482629	0.7430683	1.1614344	0.9243118	0.8751218	0.7753844	1.2392318	2.0478281	0.9270468	1.4398418	0.4868875
L	0.3501393	0.2732073	0.4921968	0.6623980	0.8269839	0.9963717	0.5459145	0.8313825	1.0820739	0.6475186	0.4316611
M	1.0440702	0.3388967	0.9349173	1.0356309	0.4657434	0.8316520	0.4533317	0.9721194	1.0314119	0.5173501	0.6140818
N	0.5508848	0.5456553	1.0731947	0.9020283	1.0653977	0.8519521	1.5182003	0.9207781	0.8069675	0.5718057	0.3363140
P	0.3413516	0.2459270	0.4666506	1.0775129	0.7734511	0.7547155	0.6100682	0.2854754	0.2774543	0.4678781	1.1303640
Q	1.4941577	0.9548719	3.0614891	1.4607505	0.8360798	0.9696303	1.4911103	1.1193021	0.9349755	1.9839619	0.3663588
R	0.7053751	0.5709976	0.6329253	0.7925107	0.8421416	0.8065403	1.3751774	1.7331667	2.2962928	1.0074718	0.3506572
S	1.9975008	0.5405077	1.2738528	1.1744154	1.7555706	1.6273499	1.5577102	1.0217498	0.7834636	1.1860155	0.7538869
T	0.6971375	0.4027739	0.6233777	0.7279802	1.1847753	1.1027708	0.9729669	0.5900883	1.3366782	2.0094835	0.5213911
V	0.4826929	0.2475335	0.6441397	0.4473712	0.5197972	0.8044181	0.7555899	0.8716927	1.1009275	0.8960298	0.7530904
W	0.3212472	0.3138036	0.3427882	0.3089252	0.3397986	0.3127262	1.2583979	0.8052652	0.8640642	0.3154266	0.3196316
Y	0.4979601	0.3282452	0.8110931	0.4748494	0.7879015	0.3480787	0.5096479	0.5160811	1.2617170	0.3594349	0.3900144
