##############
# B4601 PWM for 11-mers
#
# Copyright (2018) David Gfeller
##############
1.00000	73	2
A	1.5981983	2.8364841	1.1959390	1.0652925	1.0927028	1.6651362	1.1821190	0.8400867	1.0848873	1.7901333	0.5098949
C	0.5368358	0.6494423	0.4855876	0.8197009	0.9192863	0.9193784	0.8701320	0.9288361	0.9736457	0.5332333	0.4235818
D	0.5033994	0.3924172	0.3653446	3.2761210	1.2799441	1.9545899	1.1093620	0.6981793	1.0835284	0.8134843	0.2676276
E	0.3866692	0.4242804	0.4086420	1.5552859	0.4777158	1.0856180	1.1473830	0.4997546	0.9234341	1.0050363	0.2994212
F	3.8950489	0.5848526	3.0505726	0.5497951	0.7141513	0.7168359	1.2766454	1.3199784	0.6011920	1.2719677	5.7962821
G	0.6150841	0.8605912	0.5607761	1.0890527	1.7030227	1.5302228	0.9183363	1.3815151	1.2015124	0.8441231	0.3156752
H	0.7250028	0.3690873	0.7181767	0.7393905	0.5987982	0.6785123	1.6602242	0.4243333	0.6443884	0.5064403	1.3518681
I	1.1612344	1.2785685	1.5747608	0.3335590	0.7174247	0.6433550	0.5399838	1.1635018	0.8008244	0.6254168	0.7169090
K	0.4249930	0.4924865	1.1656881	0.6024212	0.5063245	0.7224756	1.2134934	0.6101202	0.6746883	0.5534692	0.3382401
L	0.8343725	1.5395266	0.8228079	0.4722268	0.5422310	0.6174584	0.8461055	1.9202728	0.8246905	0.6964343	1.5215336
M	0.9742522	1.5081664	1.6535366	0.6699438	0.7716838	0.5509450	0.6113304	1.5270391	1.5419508	0.6186560	1.9692397
N	0.4575787	0.4628636	0.7236560	1.9234976	0.7183515	0.9864702	1.2116143	1.0884970	0.7937803	1.0266751	0.3494378
P	0.2326697	0.2781586	0.2178209	1.4979492	2.7135341	0.5577963	0.9459960	0.5010437	0.5511428	1.1196381	0.1695706
Q	0.5282024	0.7203866	0.7233874	0.8698426	0.5763132	0.8456056	0.8760407	0.4509689	0.9551875	0.8033603	0.3380620
R	0.4014886	0.4419516	0.7756015	0.5064329	0.5511032	1.0412481	1.1168407	1.1042707	0.6438373	0.4835961	0.3670489
S	1.3703412	1.3478949	0.6891716	1.1166609	1.4066256	1.6899967	1.3312217	1.2255844	2.3304272	1.9398462	0.4586566
T	1.0062803	1.3908554	0.6309536	0.7751645	1.0253221	1.1564070	0.7896910	0.6681448	1.4458441	0.9885400	0.4132471
V	1.1050771	1.0025878	1.1535570	0.3625313	1.2084604	0.4851848	0.6026261	0.7380811	1.2876912	0.9702507	0.6624116
W	0.8374832	1.3094116	3.2642620	2.0456825	2.0155498	2.0767453	1.3142340	1.3921359	0.4081126	0.5988284	1.2561755
Y	3.1986030	0.9445569	2.6861274	0.8905697	0.4860577	0.4981716	1.0735055	1.4757687	0.4785854	2.3699783	6.4124655
