##############
# B4901 PWM for 11-mers
#
# Copyright (2021) David Gfeller
##############
1.00000	214
A	2.2976472	0.3568383	0.8644425	0.6703464	0.9660244	0.8855599	0.6787048	1.1024020	0.8587133	0.6260764	0.4817489
C	0.7411895	0.3155417	0.5518055	0.6111207	0.6352286	0.6416120	0.6431106	0.6754443	0.6685662	0.2771534	0.3513375
D	0.3498464	0.8095653	1.6111619	3.1187975	1.6342158	1.8536397	1.0041153	0.5546445	0.4618412	0.3727135	0.2909035
E	0.3368591	10.5925621	0.6818134	2.2901204	1.3780995	1.1450403	0.8247022	0.7137763	0.7503705	0.6387265	0.1747285
F	0.5558730	0.2732198	2.9865819	0.7879087	1.1405728	1.1361668	0.4856822	1.2756488	0.5530836	1.2866195	0.4757107
G	1.6707707	0.2377107	0.3350174	0.9569565	1.0692317	1.1571864	2.3190744	1.4733479	0.5724195	0.5082433	0.1635243
H	0.6786661	0.4647562	1.3396308	1.0429600	0.9268218	1.0290334	0.9239745	0.6636204	1.2930074	1.5230910	0.1697933
I	0.8566328	0.1901813	2.1862375	0.7485675	0.6189402	0.8591863	1.0395122	1.4467868	0.9614430	0.8696290	5.7764085
K	1.4192293	0.6436044	0.3805129	0.5892340	0.5288072	1.1896011	1.2337708	1.0515006	0.8719322	1.5660120	0.2169567
L	0.5126769	0.1944780	0.8690197	0.5028974	0.6359095	1.0142661	0.8830704	1.0430489	1.0423858	0.9644838	1.3228300
M	0.5013655	0.2690327	0.5953919	0.9048199	0.4680196	0.5234245	0.5107102	0.9277081	0.8069364	1.1588980	1.2965304
N	0.4436197	0.4502932	0.8934313	0.8751757	1.0372944	1.0523323	1.1106532	0.9255069	1.5183893	0.6733174	0.1897205
P	0.2148067	0.2399163	0.1657574	1.9441727	2.4875383	0.6703244	0.5346047	1.0219657	0.4718518	0.2042185	0.1487951
Q	0.9503248	0.7985225	0.5078415	0.9235640	1.0247824	1.0325800	1.0907796	1.2372911	1.8552737	1.1973017	0.2023580
R	1.9681609	0.4369033	0.3674873	0.5964916	0.7561747	0.7940250	0.8483652	0.9026988	1.7197097	1.4598842	0.3574375
S	1.1159985	0.4148810	0.6098973	0.8553607	1.2504163	1.2888352	1.2881435	0.8139390	1.1379881	1.1038250	0.2731933
T	1.1514541	0.3392105	0.5039320	0.6878026	0.8162060	1.0885784	1.0865131	0.9901924	1.6138498	2.6997166	0.5078192
V	0.9603622	0.2763671	0.9970433	0.6264682	0.5951692	0.6818747	0.7266893	1.0798582	1.4262711	1.2613316	4.3649717
W	0.5437869	0.2164443	2.1411894	0.4881207	1.0860913	0.2364881	0.2545272	0.5364113	0.2368426	0.2784567	0.2291489
Y	1.3467257	0.2781220	4.1188109	0.3155834	0.8739786	0.4564977	1.2355411	0.4749984	0.5529638	1.0332076	0.3384481
