##############
# B5101 PWM for 11-mers
#
# Copyright (2018) David Gfeller
##############
1.00000	92	2
A	0.5307729	2.8233781	0.5764821	1.3619198	1.4398335	1.0415428	1.0593927	1.0041884	0.8090914	0.8748856	0.5783843
C	1.1405325	0.4858952	0.5304283	1.0520946	1.0807618	1.0508982	1.0539073	1.0792488	1.0457139	1.2166415	0.5513368
D	1.9050841	0.4010384	0.7984313	1.4438082	1.0345738	1.0727710	0.9320929	0.5630680	1.3564772	0.4666019	0.2412545
E	0.3863443	0.4229131	0.4285952	1.1854421	0.7182513	0.9250661	0.8903413	0.9258179	0.8951742	0.8045297	0.2417220
F	2.4047355	0.2803955	3.6979393	0.7820879	0.9912810	0.6575488	1.1062847	0.9052763	0.7569977	0.9622626	2.0547187
G	0.3260978	0.7797377	0.3428404	0.9328705	1.3636131	1.5703873	1.1059936	1.1896322	0.8427600	0.6568286	0.2665489
H	0.5965590	0.3268936	0.6172271	1.0016848	0.3965682	0.4116814	0.9795821	0.9795074	1.7648761	1.2345246	0.4450556
I	1.5041082	0.3514783	1.0726679	0.5203207	0.9157355	0.7741916	1.0930806	1.2352729	1.0684669	0.7691559	3.7685385
K	0.3593517	0.4942622	0.3952843	0.7144107	0.8533657	0.7512111	1.2832106	1.0119386	0.8719577	1.3010610	0.3851005
L	2.1119549	0.3386306	1.1387030	0.7511212	0.8791198	0.7023479	1.0711415	1.0790900	1.5995910	0.8541680	1.6022312
M	2.4332033	0.4064694	0.9085487	0.7307337	0.7923078	0.5493807	0.6524325	1.2595663	0.9241703	1.0271605	1.8184244
N	0.5476214	0.3928527	1.0313315	1.1911442	1.0191477	0.9466597	1.1458186	0.8631751	0.7815206	0.9240089	0.2689023
P	0.1837813	6.5631680	0.4086723	2.1600675	1.7178381	1.8209881	1.1331528	1.0181685	1.0108391	0.4745118	0.1712314
Q	0.4694167	0.5168386	0.3679328	0.9902571	0.9430280	1.3366983	0.8597949	0.7249770	0.8544818	1.0033912	0.2792315
R	0.3505721	0.3795311	0.7021644	0.5884933	0.6883655	1.0351616	0.8547660	0.8145414	1.1401016	0.8887064	0.2987123
S	0.5440165	0.6661680	0.6430919	1.2262076	1.0620634	1.4487083	1.0842234	1.0083613	0.8225049	1.1065934	0.3402793
T	0.4667491	0.5279460	0.5282177	0.9139172	0.9967773	1.1947640	0.7159895	1.0796177	0.8616443	2.5357620	0.6087651
V	1.2161321	0.5409959	0.6930632	0.7520661	0.7799215	0.6582139	0.9209511	1.1635492	0.8175377	0.9818161	2.6963555
W	0.6538739	0.2676444	2.4146566	0.3722484	0.4243709	0.3873024	1.0783538	0.4452246	0.4113889	0.5360017	1.1771675
Y	2.5514330	0.5365566	6.7429494	0.6526417	1.0343348	0.7953024	0.5333843	1.0644905	0.7063947	2.0206375	0.6813090
