##############
# B5108 PWM for 11-mers
# Model trained on 10-mer peptides adding one non-specific position after P7.
# Copyright (2016) David Gfeller
##############
1.00000	26	0
A	0.5916632	2.6347373	1.0501377	0.9420985	1.1618803	0.9524361	0.9155226	1.0000000	0.8498618	1.0064540	0.7438556
C	1.0987200	0.6616453	0.7123225	1.0320187	1.0550182	1.0765285	1.1215347	1.0000000	1.0750394	1.2755183	0.7816223
D	3.5776533	0.5196658	0.5688618	1.6114006	1.5352588	0.6352667	0.9327539	1.0000000	0.5624718	0.6653896	0.3029907
E	0.7115143	0.5535227	0.6171410	1.1932558	0.8399245	0.9320048	0.7468559	1.0000000	0.5994835	1.0460140	0.3015957
F	1.5891551	0.3379180	1.5532749	0.4420013	0.9838740	0.8667373	1.3345156	1.0000000	0.5762782	0.6325179	0.8075229
G	0.4725075	0.7732590	0.5845262	0.9279027	0.9160241	2.1843271	1.2149851	1.0000000	0.8455089	0.5987230	0.3265275
H	0.5519050	0.4148618	1.6846601	0.5405793	1.0830140	1.0038923	1.5476971	1.0000000	3.1613005	1.0725897	0.2566251
I	1.2248398	0.4317965	0.7924527	0.6627221	0.8062135	1.1691164	1.0570045	1.0000000	1.2964025	0.9533556	3.5639484
K	0.5134730	0.6454118	1.0558406	1.2020818	0.9402613	0.8613956	0.7824158	1.0000000	0.9832323	0.9131622	0.3774698
L	1.1370332	0.4331826	1.4613448	0.9181176	1.1580848	0.7620448	1.1384869	1.0000000	0.8671348	0.9807499	1.3899932
M	2.0340499	0.5226371	1.7662737	0.7343074	0.8241018	0.7381473	0.9035580	1.0000000	0.8709189	1.2615204	1.3314444
N	0.7654881	0.5024659	1.2965650	0.7849152	1.3305453	1.0065554	1.6233071	1.0000000	1.3289839	1.0557592	0.3243616
P	0.2602189	5.4372614	0.2969050	1.9909667	0.9615252	1.3036992	0.2897911	1.0000000	0.2851090	0.3368457	0.2288557
Q	0.5175322	0.5203311	1.1710980	1.5141811	0.6566966	0.6208496	0.5879324	1.0000000	0.9433865	1.2188632	0.3432551
R	0.4634285	0.4938270	0.7184917	1.0250604	1.4679160	0.8675534	0.5903197	1.0000000	1.8089373	0.6960428	0.3520552
S	0.5787549	0.9167010	1.2022419	1.3879939	0.8783925	1.0954554	1.0497639	1.0000000	0.7015495	1.5128146	0.4375543
T	0.6117883	0.7006910	0.9226342	0.7331717	0.6555231	1.2972882	1.1304129	1.0000000	1.0722709	2.0392245	0.7502957
V	1.3090232	0.5551746	0.8346365	0.5562024	0.7721198	0.7323760	1.4068619	1.0000000	1.4462047	1.1619174	3.5010808
W	0.7488845	0.3286669	0.7514531	0.4254897	0.5718904	0.4981988	0.5637024	1.0000000	0.5185049	0.5768321	0.4936683
Y	2.1287761	0.4465901	1.8222946	0.4959810	1.1211927	0.6118113	0.7837984	1.0000000	0.7744957	1.0907254	0.6196727
