##############
# B5201 PWM for 11-mers
# Model trained on 10-mer peptides adding one non-specific position after P7.
# Copyright (2021) David Gfeller
##############
1.00000	547
A	1.5778954	0.5225865	0.6129903	0.8432598	0.6134604	0.8206710	1.0000000	1.0000000	0.5343378	0.7217816	0.2694462
C	0.6725314	0.3189366	0.4665694	0.5946219	0.5972947	0.6010384	1.0000000	1.0000000	0.5995579	0.1606475	0.2003305
D	0.2069823	0.2043410	0.2830620	1.0386470	0.2046298	0.5331770	1.0000000	1.0000000	0.3102652	0.2616911	0.0904247
E	0.6677583	0.5178177	0.2388693	1.6182760	0.4406676	0.7270018	1.0000000	1.0000000	1.0219836	1.0409691	0.0938884
F	0.4465948	0.7657855	2.0842050	0.6839653	3.7102304	1.1307228	1.0000000	1.0000000	0.5156601	0.5695339	0.2959186
G	1.0355157	0.3306693	0.1693703	0.8031009	0.7885542	0.5346914	1.0000000	1.0000000	0.2139004	0.2973341	0.0880892
H	4.1606776	0.2422384	2.7470727	0.3952347	1.5242349	1.2310512	1.0000000	1.0000000	1.9355958	1.2604503	0.0895067
I	0.7018954	0.2481877	0.8917022	1.0699038	1.7954633	1.7930094	1.0000000	1.0000000	1.0738893	0.4829157	6.0224421
K	0.6735717	0.3109277	1.0408498	0.9716331	0.7942898	1.0089570	1.0000000	1.0000000	0.8374717	1.4095807	0.1609289
L	0.4727864	0.4766864	0.8874891	1.2589411	0.8629194	1.0192283	1.0000000	1.0000000	1.1783559	0.6571926	0.7585416
M	1.1149717	5.0629671	0.9648396	0.9003157	1.1653344	0.8568760	1.0000000	1.0000000	0.8532093	0.6520361	0.9867000
N	0.8589337	0.3394555	0.9288122	0.5037908	0.9502949	0.6313400	1.0000000	1.0000000	2.2155307	1.1290932	0.0991947
P	0.1124567	0.2372270	0.4287958	2.3568269	0.9745535	1.3449557	1.0000000	1.0000000	1.4178752	0.1241819	0.0820774
Q	1.7884842	12.1799348	0.7860112	1.3893947	1.2370527	1.6616966	1.0000000	1.0000000	1.3208860	1.1241709	0.1459133
R	1.2920283	0.3034938	1.8901446	0.6969106	0.7036094	0.9093333	1.0000000	1.0000000	1.0580540	1.2217580	0.1024613
S	1.1653371	1.2394126	0.2363000	0.7334210	0.3970663	0.8177556	1.0000000	1.0000000	1.0064974	1.8429546	0.1255370
T	0.9761384	0.6331530	0.4498535	0.8881299	0.7657835	1.4329931	1.0000000	1.0000000	1.2598682	4.2275852	0.2547753
V	1.6585681	0.2873075	0.6796795	1.0150197	1.5500433	1.3920514	1.0000000	1.0000000	1.5875764	1.1444656	6.6186252
W	0.1502522	0.1405343	0.7898572	0.1266098	0.4372784	0.3912507	1.0000000	1.0000000	0.3857927	0.1340524	0.1262381
Y	1.3655617	0.2549239	7.8702480	0.5283440	1.3514412	0.6093205	1.0000000	1.0000000	0.6014415	0.4941419	0.2397678
