##############
# B5301 PWM for 11-mers
#
# Copyright (2021) David Gfeller
##############
1.00000	202
A	0.6362745	2.3479077	1.2206016	1.2450890	0.9461254	1.1184267	1.1640140	0.9906705	0.8204865	0.9170365	0.2401739
C	1.0696233	0.2751405	0.5552106	0.8914442	0.8875501	0.9217245	0.9088546	0.9055134	0.9037045	0.5460004	0.2141681
D	0.3610238	0.2879916	1.1057930	1.1516905	2.5047417	1.0691297	0.9204633	0.8988361	1.2386508	0.3984462	0.1560765
E	0.5974345	0.3006658	1.7368761	1.5758335	1.6875751	1.3391981	1.1554025	0.8266999	1.2406997	0.6671385	0.1799686
F	2.5586946	0.1852152	2.1865473	0.6736925	0.5911252	0.4550434	0.6181335	0.7133699	1.0176690	0.8627215	4.8489341
G	0.3053871	0.5299396	0.3154223	1.2739302	0.7957466	1.7291906	1.2568816	1.3898672	0.4767069	0.6410739	0.2426484
H	3.5417685	0.2507224	0.7322342	0.5936707	0.9299174	0.8032634	1.7956965	1.1617018	2.1059439	1.7224317	0.3399974
I	1.0463939	0.3086736	1.4442501	0.6113570	0.7786729	0.9497539	1.1424975	1.0969514	1.0114915	1.0482578	1.1030247
K	0.3318631	0.3440708	0.3395103	0.7550896	0.5813704	0.5182307	1.2719561	1.4876841	0.5235769	1.5662450	0.1933066
L	1.2018782	0.2281856	1.2327392	0.5749578	0.6986168	0.9843768	0.5720204	0.8851318	0.8426195	0.9997555	1.1520348
M	2.1478019	0.3792111	1.7182140	0.4694077	0.4916290	0.5332382	0.7535724	0.7818148	1.0458124	0.5832630	0.7319022
N	1.1498782	0.2800701	0.8553544	1.2801493	0.7966545	1.1422655	0.8409504	1.3196745	0.9912876	1.1296231	0.1935829
P	0.2513761	10.6157678	0.2598731	2.6655553	2.2999912	1.1942252	1.4037479	1.1755936	0.6231917	0.2804327	0.1033836
Q	0.9279766	0.2825820	0.6655396	1.3726857	0.8384093	0.8201212	0.9167043	0.4466552	1.8348554	1.3853378	0.1944505
R	0.5318526	0.2456777	0.4048389	0.5733360	0.4862439	0.3677407	0.5924667	0.7009582	1.2226804	1.3371647	0.2040095
S	1.0143037	0.4636809	0.8936729	1.0047891	0.9341292	1.5805867	0.7370448	0.6258136	0.9172498	0.9961845	0.2869082
T	1.4296643	0.3756475	0.4958816	1.0104821	1.0588499	1.3755907	1.7347696	1.4968436	0.9556474	1.9269256	0.2558663
V	0.8655072	0.3095830	1.1859912	0.4378096	0.9445397	0.8148149	0.9124968	1.2249370	1.2725186	0.9805722	0.4182493
W	0.3845183	0.1357578	1.2488058	0.2270995	0.7926476	0.2191836	0.2340111	0.2362261	0.2840326	0.2895383	27.2573348
Y	2.5925791	0.2379343	2.1232281	0.7403727	0.3176059	0.3050954	0.5637849	0.5526964	1.3817943	1.4715394	3.4085049
