##############
# B5401 PWM for 11-mers
#
# Copyright (2018) David Gfeller
##############
1.00000	133	2
A	0.5142639	1.3535634	0.9979010	1.1890626	1.0695310	1.0116397	0.7530967	0.9889340	0.9750030	1.6906112	5.6205080
C	2.2150975	0.5144551	0.7192588	1.2977513	1.3025542	1.3175741	1.2819018	1.2836264	1.3403441	1.2316406	0.7369451
D	0.4652278	0.3590994	0.7798618	1.3824027	0.8937420	0.7169693	1.0020207	0.6153850	0.7432298	0.5312557	0.3960154
E	0.6894440	0.3593917	0.3340402	1.1467439	0.6373635	0.7431658	0.6820658	0.6792993	0.5842970	1.2540467	0.3482321
F	3.1090190	0.3125198	2.4606537	0.9234276	1.3220694	0.6209588	0.5685562	1.9160669	1.5101147	0.8694585	1.4351873
G	0.2903906	0.4860397	0.3618654	1.0574894	1.1113322	1.2607990	1.5913868	1.8937198	0.4860778	0.8534873	0.6802132
H	2.5933429	0.2715774	1.7409770	0.8098936	0.4733583	0.8950578	0.4966503	0.8020846	0.7395079	0.9353564	0.4421823
I	1.0916863	0.3165366	0.9342342	0.7875885	1.2043069	1.1360110	0.8975634	1.1907451	1.4642078	0.6468158	0.7684569
K	0.3450601	0.4247229	0.4429752	0.5971942	0.4809051	0.5975990	0.9839049	0.8810349	0.5382550	0.6780387	0.3968311
L	1.6375228	0.3083089	1.5183444	1.0328767	0.9477759	1.5291969	0.7648044	1.1320179	1.5192912	0.8630725	0.8403089
M	3.7591889	0.3170836	1.3027678	0.8612588	0.8707202	1.2498992	0.6768877	0.7456538	0.8814887	0.8560263	0.5770891
N	0.4501908	0.3431403	1.5732996	0.8772466	0.8066943	0.7086420	0.7760117	0.6115166	0.6530241	0.6748454	0.3346002
P	0.1623961	9.4894294	0.3442784	0.8725300	2.3450801	1.6853728	1.2812270	0.8519549	0.4300243	0.9760356	0.5006999
Q	0.6377497	0.3306355	0.3531034	1.0078782	0.9360550	0.5691270	1.0126604	0.7635799	0.4547955	0.7438632	0.3489676
R	0.3501006	0.3170325	0.6982225	0.6599442	0.4454998	0.3709328	1.6946340	0.8130178	1.1867679	0.6749087	0.3372348
S	0.5430108	0.7425667	0.8665849	1.6089053	1.3251132	1.1538695	1.2958917	0.9418818	0.6103980	2.0436417	0.7463420
T	0.6004971	0.4409996	0.8054628	0.9250554	0.6954650	1.2561487	1.1963977	0.7210478	1.0334383	1.5483553	0.5203308
V	0.7040291	0.3008062	1.1716224	0.8476459	0.9955105	0.8759625	1.0876660	0.7463477	2.2038825	1.0626497	1.2427935
W	1.1340477	0.1878744	3.5560461	1.3744351	0.3685035	1.8228156	0.3483443	0.4708535	0.9014059	0.3462018	0.3827289
Y	3.1468694	0.2914983	1.9994878	1.0160271	0.8811248	0.4256987	0.8044084	1.6741663	0.8049032	0.4371111	0.6311599
