##############
# B5502 PWM for 11-mers
#
# Copyright (2021) David Gfeller
##############
1.00000	201
A	1.4158262	0.5876681	1.4117706	1.1938810	1.5848285	0.9195812	1.1976452	1.1535296	1.0021783	2.3213472	6.7375645
C	0.7368537	0.3922835	0.5771764	0.6540686	0.6894939	0.6677136	0.6704729	0.6721687	0.6952617	0.3304030	0.4258485
D	0.3052832	0.2855683	0.5045916	1.3786953	0.6277593	0.5632889	0.6369633	0.4465502	0.6065580	0.4281124	0.2608443
E	0.4662291	0.2908610	0.3828261	1.1383921	0.6103763	0.9162502	0.5881650	0.9286543	0.6087133	1.1503685	0.3526508
F	0.4808094	0.1729328	1.2552072	0.4425497	0.9017085	0.8422532	0.9615364	1.0631063	1.1754468	0.3758561	1.0385974
G	0.3504207	0.2586926	0.5108430	1.0301375	1.0168882	1.2406112	1.4770689	1.8240144	0.4159371	0.4577893	0.4663968
H	1.4385820	0.2394530	2.8917803	0.9529101	0.6667424	1.2885068	1.0603754	0.9305188	0.9039411	1.0814075	0.2650018
I	1.2325842	0.3212354	0.8953431	0.3908339	1.0409787	1.2384784	1.1029376	0.9677251	1.5359299	0.8768284	0.6979809
K	1.4386062	0.3348826	1.0444786	0.7030590	0.5968008	0.7493014	0.9431638	0.9129021	0.6041416	0.7784678	0.3894054
L	0.8191424	0.2525963	0.9522271	0.6112354	1.1412238	1.5962920	0.5809208	0.9062328	1.1620584	0.6565929	0.6523292
M	1.4051564	0.2464165	1.1794696	0.7134856	0.8162862	1.0971498	0.7613408	1.0379651	1.0063546	0.4370755	0.4393513
N	0.3993627	0.2679947	1.2796982	0.7950882	1.0062143	0.5663706	0.6166574	0.4391443	0.9197501	0.5540282	0.2795014
P	0.2867534	13.3401345	0.2737103	2.7469999	2.0302375	2.0361142	1.4798216	1.4785282	0.6143298	0.6671488	0.3991677
Q	0.9550875	0.2670359	0.4514717	1.2144988	0.6290798	0.9474172	0.8162032	1.1861002	1.0062999	1.7080267	0.3096917
R	2.9527824	0.2347017	1.3021508	0.6277150	0.5867180	0.5454284	1.2097303	0.5613029	0.9439695	0.7181262	0.3296490
S	1.5685359	0.3916384	1.3059988	1.6762492	1.3343523	0.9420950	1.5288687	1.1050290	0.9508940	2.3253583	0.6152313
T	1.3286330	0.3541172	1.0346988	1.1551582	0.8701558	0.7776782	1.2642578	0.8493752	1.4279196	0.9468636	0.5110762
V	0.9540583	0.5780272	0.8395030	0.6524505	1.3032196	0.8741676	0.9578904	1.2794082	2.3539836	1.5813148	1.3560657
W	0.2435571	0.1140198	1.8327678	0.5177501	0.2413959	0.8369481	0.5481105	0.2578326	0.8456360	0.2243259	0.2409986
Y	0.4625877	0.2269399	2.0131212	0.7421645	0.6709041	0.4781689	0.7943076	0.7993265	0.5089873	0.3345781	0.3593050
