##############
# B5501 PWM for 11-mers
#
# Copyright (2021) David Gfeller
##############
1.00000	182
A	1.4932618	0.4856964	1.1626518	1.2907320	1.5798420	0.8280760	1.0992986	1.0528625	0.9800416	2.3950788	5.5923107
C	0.7548677	0.3947931	0.5467069	0.6661968	0.6933298	0.6724356	0.6679460	0.6848147	0.7153782	0.3528514	0.4257739
D	0.3336149	0.3072744	0.6017969	1.2934667	0.4922511	0.6817048	0.7562040	0.5332593	0.3547468	0.4384944	0.2605451
E	0.4428956	0.3622045	0.3953897	1.1038265	0.5627567	0.8243129	0.5769569	0.8086536	0.4024128	0.8204562	0.3012040
F	0.4135990	0.1889195	0.7226124	0.5281028	0.6626047	0.7818347	0.6521344	1.4958543	0.7562061	0.5726149	1.8588538
G	0.5531174	0.2689050	0.6909426	1.5181698	0.8956771	1.5680572	1.6445858	1.6895459	0.4882938	0.4922036	0.5019614
H	1.1442723	0.3950720	1.6385280	0.7476463	0.5958275	0.7180207	0.7301963	0.5849560	0.6833594	0.6036495	0.2792828
I	1.0376333	0.2678335	0.7790251	0.3805387	0.8724850	1.1075473	0.8701232	0.8232548	1.7383420	0.7180154	0.7220629
K	1.3013366	0.3555381	2.5639551	0.6840073	0.7271515	0.7078903	1.1639087	0.6896973	0.5273618	0.9758660	0.3887948
L	0.6340469	0.2634546	0.5780396	0.5246073	0.7802601	1.2693904	0.5752376	0.9614537	1.4701551	0.6585079	0.9735318
M	1.0854484	0.5075646	1.1859716	0.4814373	0.5558334	0.7337406	0.3981064	0.7187290	0.8498821	0.4490460	0.5001216
N	0.5128418	0.3662911	1.1234200	1.0114085	1.3354106	0.7077722	0.8189832	0.5400372	1.0322837	0.8977370	0.2856785
P	0.3113278	13.0843877	0.2955686	2.6967199	2.5219389	1.9710936	1.8993180	1.5190036	0.6546916	0.8751941	0.4846011
Q	1.0800016	0.2877874	0.5477166	1.1274393	0.6919871	1.0068929	0.7096773	0.8357287	0.7295894	0.9849203	0.3880240
R	2.4686814	0.2511482	2.3077742	0.4728680	0.9626583	0.7679107	1.2382389	0.6330659	1.1774683	0.8874716	0.2762174
S	1.9244094	0.3655789	0.6482208	1.7567694	1.6828302	1.3496436	1.4372765	1.1785677	0.8984953	2.1534698	0.6438694
T	1.5562140	0.4874934	0.7562937	1.1170184	0.9464756	0.9651466	1.3956738	1.3287787	1.3400355	1.2519506	0.5799313
V	1.1308767	0.4127799	0.8322534	0.5360765	1.1039924	0.8887267	0.8809836	1.3064990	2.5870942	1.5828030	1.3910895
W	0.2540562	0.1268429	0.3600151	0.5443473	0.2346653	0.2495784	0.5647285	0.6068340	0.5775632	0.2360311	0.2847147
Y	0.5862767	0.3598823	2.9621015	0.4358739	0.5713251	0.5835716	0.6850221	0.8774497	0.4973947	0.3476352	0.5625833
