##############
# B5601 PWM for 11-mers
#
# Copyright (2021) David Gfeller
##############
1.00000	298
A	2.3254117	0.6485595	1.9005675	1.5101215	1.8480621	1.2133725	1.5962433	1.2295196	1.3525570	2.5650260	7.3434560
C	0.7400296	0.3601041	0.5486630	0.6276143	0.6687115	0.6454591	0.6469115	0.6419352	0.6604882	0.2728635	0.3407683
D	0.2803850	0.2312326	0.5609393	1.0472838	0.4852261	0.6301175	0.5372961	0.4992655	0.7010257	0.3873862	0.2618324
E	0.2653623	0.2365252	0.2575857	1.1814915	0.6291873	0.7181810	0.6577238	0.9549281	0.3695295	1.1183801	0.2861885
F	0.5911605	0.1412340	1.3547316	0.3950513	0.7525715	0.6880580	0.6634983	1.1679572	0.7189005	0.4814203	0.9039333
G	0.4836407	0.2492358	0.3544745	1.3687499	0.8057103	1.0446377	1.2775860	1.7583501	0.4821488	0.4804422	0.4141549
H	1.2554175	0.1950319	2.0260205	0.6414180	0.4193901	0.8841311	0.8007067	0.9031079	0.8812962	0.7281345	0.3105505
I	1.3043273	0.2520836	1.2298157	0.2528628	1.0965298	1.2525057	0.9438798	0.9656088	1.2507758	0.8059111	0.5078570
K	0.6687566	0.3471502	1.0225453	0.9333541	0.5087128	0.7084279	1.0013970	0.8330856	0.5517570	0.6022671	0.3169664
L	1.0739798	0.2519131	0.9789601	0.4601666	1.0864686	1.4317207	0.6480011	0.9946069	1.1968836	0.5682839	0.4762108
M	1.3092695	0.2933704	1.0296493	0.4562272	0.6522257	0.9400734	0.5159907	0.8192433	0.8729348	0.5364068	0.3410076
N	0.4599783	0.2191122	1.1648845	0.8293308	0.8843974	0.8920079	0.4220408	0.5766310	1.3097912	0.4960076	0.2889345
P	0.3267586	13.8711329	0.4162022	3.0743133	1.9016430	2.1494013	1.5913512	1.4466111	0.8668297	0.7174386	0.4140888
Q	0.8088356	0.2189564	0.4010020	1.4132255	0.6705468	1.0865989	1.1612344	1.3363346	1.1263419	1.4480967	0.2535146
R	1.6927214	0.1942890	1.3635886	0.5448306	0.4997119	0.6037647	1.1447171	0.6160757	0.8974109	0.5469291	0.3527490
S	1.9830792	0.3533888	0.9390113	1.5887218	1.5405816	1.2062660	1.4394554	1.1496614	0.7246924	2.5519311	0.5340602
T	0.9617687	0.3293020	0.8810154	0.8095637	1.1256563	0.8843436	1.3661199	0.8813780	1.4016767	1.4175588	0.5856755
V	1.0862889	0.4545242	1.0690695	0.5672028	1.4430764	0.7871643	1.0540715	0.9273814	2.2752184	1.4907239	1.4266571
W	0.2102229	0.0943602	2.1773998	0.3922962	0.8335599	0.6138153	0.6189216	0.2100090	0.8414045	0.1827669	0.1924638
Y	0.8536185	0.1839317	1.6665467	0.8056590	0.6020805	0.3596543	0.6756988	0.7869180	0.7783363	0.2685270	0.3641144
