##############
# B5703 PWM for 11-mers
#
# Copyright (2021) David Gfeller
##############
1.00000	977
A	1.0314002	1.6275338	1.4867421	0.8718711	1.2864239	0.8683766	1.4206805	0.7587688	0.8073855	0.7203633	0.1537271
C	0.2442890	0.1287229	0.2638376	0.3567511	0.3636659	0.3661890	0.3691050	0.3636381	0.3700934	0.2509913	0.2336809
D	0.1395467	0.1216768	0.8689168	1.4247612	2.2403845	1.3130513	1.4509506	0.8717981	0.5718229	0.2719434	0.0707320
E	0.2933127	0.1459180	0.2061008	1.2783628	1.6040279	1.1045478	0.8438591	0.9771867	0.8165014	0.8271738	0.0591748
F	0.4616621	0.1224189	2.6162577	0.4181474	0.6558614	0.9494775	0.5281770	1.1733283	1.0920607	1.0901561	9.2532027
G	0.5651167	0.4445346	0.2455447	0.8322747	0.6941848	1.1138243	1.4389734	0.8528289	0.3784307	0.4916056	0.0769350
H	1.8177947	0.0980909	0.4926655	0.7575921	0.8660229	1.0228586	0.9355257	0.8286862	1.5857601	1.3972135	0.1349297
I	1.5452908	0.4027221	1.3116497	0.4019832	0.6833763	1.3097157	0.7910942	1.3019539	1.3219345	0.5701341	0.9898218
K	3.6533947	0.1579173	0.4988264	1.1497931	0.5717649	0.6633394	1.0442290	1.1833151	0.3009215	1.1169171	0.0782979
L	0.7680708	0.2897975	1.7885263	0.5236676	0.7884608	1.3511513	0.8430346	1.2256044	1.6625471	1.2821602	1.5667448
M	0.7871745	0.2926340	1.1380291	0.3433079	0.5469719	0.5703567	0.6266819	0.6441127	1.4136239	0.9498901	0.8945258
N	0.2578765	0.2038392	0.6708973	0.6187012	1.2903874	0.8142180	1.0433515	1.5829995	1.0592622	1.1826758	0.1064811
P	0.1081489	0.1241404	0.3426734	3.9163466	1.1715554	1.5805301	1.1444221	0.5174635	0.5170340	0.1062927	0.0361809
Q	1.2469760	0.2374268	0.4085529	1.0233555	1.1371233	0.9405689	0.9090964	1.3571358	2.1794526	1.7221959	0.1074884
R	2.5268668	0.1078464	0.4183905	0.9894345	0.3270675	0.4678470	0.5140326	0.8260800	0.5381921	1.3046895	0.0840482
S	0.8809564	5.0945492	2.1482043	1.3948827	1.4148561	0.9353052	1.4135904	1.1002067	1.0020763	1.2984130	0.0953636
T	0.5542178	5.6114332	0.4708448	0.9593539	0.9318137	0.9743887	1.2259437	1.0093637	0.9290695	2.1081268	0.0888308
V	1.1564500	1.4968862	0.9189977	0.7296813	1.1386524	1.3226600	0.9082287	1.1715754	1.5029981	0.9984928	0.1836699
W	0.2358297	0.1523742	2.5893452	0.3719504	0.6082369	0.2322438	0.3852995	0.5409119	1.7629770	0.7876964	22.5336570
Y	0.4913378	0.1042289	1.4878299	0.3792648	0.6044398	0.2452525	0.6053838	0.6792642	1.0966874	1.7414879	1.2259950
