##############
# B5701 PWM for 11-mers
#
# Copyright (2021) David Gfeller
##############
1.00000	2661
A	1.0075072	2.0142694	1.1844200	0.8341820	1.0523540	0.8180677	1.2019128	0.8048446	0.7580885	0.7082434	0.0604523
C	0.2024370	0.0524803	0.2070807	0.3228873	0.3240398	0.3233700	0.3276435	0.3264600	0.3249862	0.2044099	0.1910577
D	0.1499642	0.0754552	0.8521076	1.4006510	2.6064673	1.1810609	1.0941771	0.7889809	0.7313051	0.3438132	0.0420693
E	0.1792944	0.0875527	0.2707914	1.2313798	1.6943393	1.1700793	1.1649369	0.8150531	0.9283713	0.8188260	0.0609146
F	0.4819808	0.1300958	2.0315976	0.5526645	0.6070416	0.6500483	0.5688861	1.1723528	1.0452361	1.2760342	4.8983528
G	0.5112481	0.6690472	0.3971193	0.9210413	0.8157026	1.2533769	1.2942878	0.8481293	0.4312400	0.5390921	0.0329198
H	1.2968185	0.1078426	0.4987365	0.7193293	0.7745346	1.8187963	0.9788999	0.9893712	1.4980483	1.2527744	0.0744280
I	1.4525551	0.5067048	1.1987358	0.5708244	0.6906763	0.9626359	1.2198333	1.5517991	0.8353622	0.6720960	0.5003057
K	3.0352967	0.0987756	1.3272105	1.0577871	0.5236638	1.2767254	0.8194573	1.0496778	0.8868090	1.0210734	0.0918491
L	1.0299698	0.3868774	1.4169398	0.7671341	0.8765339	1.0931829	0.9543149	1.2930946	1.1363171	1.5770766	0.6505511
M	1.2071857	0.2271818	1.2309497	0.4293809	0.5826223	0.5405085	0.6956024	1.0168286	1.0168475	0.8405867	0.4205111
N	0.2515458	0.1051363	0.7659810	0.8175409	0.9379337	0.6756108	0.8369964	1.0448693	0.6605146	0.8170294	0.0434968
P	0.0991551	0.1341837	0.2269090	3.0790454	1.2686372	1.4256135	0.9295462	0.6512418	0.4074472	0.0983544	0.0275188
Q	1.0671811	0.1416244	0.5347776	1.0266399	1.1013304	1.0799537	1.1500401	1.1899483	2.2507729	1.5742971	0.0646805
R	2.3777350	0.0694076	1.1479204	0.7650999	0.3786272	0.7001114	0.6298365	0.8042597	2.1076541	1.1106680	0.0684848
S	1.1238494	4.9665202	1.9790320	1.4201011	1.4331873	1.1736049	1.3671235	1.0199228	0.9293132	1.2978283	0.0495151
T	1.0141806	4.9105574	0.4905980	0.9877236	1.0026687	0.9310980	1.2110283	0.9210984	0.9025897	1.8347881	0.0475039
V	1.1890539	1.6165902	0.8878180	0.6808387	0.9267511	0.9008563	0.9976587	1.3077026	1.1793526	1.2265400	0.0863084
W	0.2993932	0.0613695	1.9167493	0.9086662	0.5888502	0.4714198	0.6807963	0.7704423	1.5383764	0.9238691	45.1449802
Y	0.7533499	0.1046048	1.5057995	0.6521579	0.6288771	0.4135308	0.5725422	0.9537448	1.3002706	1.6179918	3.1510901
