##############
# B5801 PWM for 11-mers
#
# Copyright (2021) David Gfeller
##############
1.00000	559
A	1.0921159	1.9068893	1.0161470	0.8540001	1.2532127	1.0287857	1.1402799	0.8700179	1.0018259	0.7415185	0.1154116
C	0.1360759	0.4680929	0.4242607	0.5485461	0.5596157	0.5603931	0.5687059	0.5638274	0.5622975	0.7703835	0.1831646
D	0.2153305	0.1901794	1.2440613	1.2720911	2.7285079	1.6731151	1.3848298	1.2153067	1.3622734	0.3389848	0.0818430
E	0.2324400	0.2534141	0.5345466	1.1498297	1.7810684	1.5200618	1.2862184	0.9285836	1.3251590	0.7204091	0.1682824
F	0.5336587	0.2281005	2.5028819	0.2842657	0.6218684	0.7610933	0.6118613	0.8960092	0.8463995	0.9671154	3.1714003
G	0.4060767	0.6457570	0.2641362	0.9279536	0.8155379	1.4074799	0.9732182	1.2071706	0.6921146	0.6422825	0.1302532
H	1.5165335	0.2126306	0.7297808	0.9428599	0.6282151	1.0510824	0.7799094	0.9470001	1.5784600	1.0162873	0.1703191
I	1.1847271	0.5050379	2.0103675	0.5020288	0.7056239	0.9432656	1.2457030	1.3841787	0.7110419	0.6960969	0.4816141
K	3.6888428	0.2231691	0.4674612	1.1205810	0.4428032	0.9454518	0.8089142	0.8725220	0.4261474	1.1038358	0.1249787
L	0.8417418	0.3343733	1.5328867	0.4784644	0.5928792	0.9185200	1.0074527	1.0083090	0.9629375	1.4012693	0.2615699
M	0.8867292	0.6345964	1.1858834	0.4130096	0.5521641	0.4480306	0.6479803	0.8224999	1.7616749	0.6729096	0.2569505
N	0.2745588	0.3169405	0.6786321	0.7137738	1.6124872	0.9250456	0.8123336	1.6103267	0.8864860	0.9721762	0.1330808
P	0.1720619	0.1956952	0.1241399	4.5371928	1.0064579	1.4760079	0.9130295	0.7881027	0.4350291	0.1071655	0.0462052
Q	0.9018647	0.2646191	0.7085642	0.9615554	1.0821066	0.6387499	1.0688137	0.9874878	2.0224886	1.5439458	0.1052196
R	3.2162146	0.1661598	0.3075079	0.7900524	0.3324955	0.3624179	0.5998777	0.6250200	0.8187191	1.2552720	0.1097910
S	0.7234229	5.4751963	1.0065023	1.2886949	1.3737013	1.3837617	1.0802620	1.1781127	1.1848633	1.1667093	0.1439165
T	0.6884602	3.3710209	0.4473615	0.7951029	0.8089009	1.0680827	1.3391623	0.9075109	0.9616422	2.0409400	0.1495430
V	0.9961892	1.3886409	1.5480324	0.5561478	0.9871852	0.6576708	1.1137316	1.0883309	0.9229773	1.2193127	0.1778143
W	0.1379523	0.3717307	2.0752198	0.2353126	0.6207802	0.3684658	0.7554210	0.3832338	1.6484636	0.7824043	52.4338594
Y	0.8351293	0.1640100	2.0613287	0.7437683	0.6148951	0.2276467	0.8226992	0.7792228	1.4442242	1.6879992	2.2190677
