##############
# B6701 PWM for 11-mers
#
# Copyright (2021) David Gfeller
##############
1.00000	165
A	1.6523374	0.5100557	1.5701470	1.2289752	1.0915107	0.9561650	1.0404075	0.9733963	1.1085960	1.9453628	0.4805064
C	0.7865398	0.3966136	0.6129056	0.6707248	0.6945521	0.6869852	0.6799406	0.6732512	0.6946914	0.3581788	0.3680650
D	0.3402822	0.3202022	2.2422373	1.3322515	1.1399291	0.9814956	0.7711143	0.9859835	1.0020084	0.5900166	0.1724276
E	0.3893782	0.3274787	1.1260030	1.6463016	1.3048400	1.1742501	1.0360792	0.8953188	1.3967677	1.4306788	0.1932561
F	0.4660481	0.1728924	1.1349560	0.3781375	0.3225900	0.5016595	0.2844785	0.5478797	0.3500709	0.3031431	1.8026077
G	0.5328757	0.2834076	0.3733862	1.3190749	1.2904855	1.7652913	1.2985681	1.8898175	0.5057210	0.5775735	0.2441490
H	0.6415488	0.2680441	0.5035822	0.8079029	0.4847277	0.3296935	0.7760114	0.9416583	1.3737287	0.9555964	0.3755067
I	1.1818642	0.2438705	1.3664081	0.4671168	0.9173237	0.9089882	0.7339919	0.9416874	1.1122999	0.6395980	1.4657666
K	1.2277707	0.3759720	0.3585407	0.5185134	0.4713484	0.6390856	1.0649659	0.6485036	0.5707774	0.7668552	0.2389386
L	0.9779667	0.2143039	0.9876435	0.4813183	0.5618850	0.8554244	0.4583594	0.9697588	0.6803233	0.4040465	5.2344717
M	1.0696971	0.2445899	1.7369290	0.3781200	0.4400788	0.7147943	0.6772441	0.8580615	0.8885130	0.9843740	2.7812631
N	0.7635714	0.2978225	0.5785789	0.8299024	0.9522546	0.7046721	0.9536465	1.4636048	1.0423589	0.7440391	0.2012115
P	0.2418444	13.6715370	0.3860170	2.1582719	1.6401609	1.7211636	2.4810261	0.8881944	0.7358338	0.5232146	0.2396668
Q	1.1194589	0.3818662	0.5422976	1.4770748	1.0864907	0.8279106	1.1957818	0.9990463	1.6409277	1.5171100	0.2420426
R	1.7727227	0.2611874	0.2994672	0.5040895	0.4052814	0.5432111	0.6589031	0.7568354	0.7829239	0.6121581	0.2444502
S	1.8969493	0.3811905	0.8734120	1.7590174	1.5741654	1.7193983	1.4311133	1.5075009	1.2813858	2.4022165	0.2369958
T	1.1580276	0.3803530	0.8277745	1.3130007	1.3808988	1.4327425	1.3082055	1.0317796	1.6992488	1.9233898	0.4277618
V	1.4037042	0.2633793	1.7738024	0.6762764	1.7638288	1.0055683	1.3261066	0.7477816	1.6630894	1.2859707	1.1451225
W	0.2672803	0.1178453	0.3343379	0.2371148	0.2385050	0.2372062	0.2222358	0.2706823	0.2565001	0.2447316	0.3404379
Y	0.6166523	0.2421304	1.9012142	0.5733573	0.5669369	0.3229869	0.3207141	0.8463900	0.6172070	0.3516212	0.5052585
