##############
# B7301 PWM for 11-mers
#
# Copyright (2018) David Gfeller
##############
1.00000	129	2
A	0.5711993	0.4533396	1.1654367	1.0055335	1.2686364	1.0627224	1.2483683	1.3070812	1.1260536	1.6645270	3.0345419
C	0.8017748	0.3728438	0.6633569	0.7911319	0.7641174	0.7754043	0.7812559	0.7700384	0.7961046	0.4591846	0.4493990
D	1.6324778	0.3705948	1.2660076	1.2611579	0.8957111	1.2952454	1.0174100	1.3089002	0.5671617	0.9684044	0.4471823
E	0.5639338	0.5816325	0.4056205	1.0050952	2.1825826	1.1345661	1.2309671	1.4969127	0.6682896	0.9786815	0.3677311
F	0.3476272	0.2467120	2.8967143	0.5994874	0.7615041	0.5237517	0.3027170	0.5176550	1.7655104	0.5870642	0.3845625
G	0.4996222	0.5005287	0.5699131	1.0954530	1.0119943	1.5298869	1.6135791	1.2698971	0.5559442	0.6922242	0.6639492
H	0.8024222	0.6332889	1.0268968	0.8428685	1.0267667	0.6767076	0.6837897	0.8869177	0.4084428	0.9627370	0.2853015
I	0.7766160	0.2111199	0.8439964	0.7182235	0.6588599	0.5702653	0.5030710	0.5190353	0.9183957	0.9022983	0.3802093
K	0.7329553	1.2073652	0.5607051	0.8406054	0.7753117	0.9114427	1.0824007	0.8637810	0.7712294	0.6883523	0.4321528
L	0.4581402	0.2996047	1.0452141	0.7982523	0.4650871	0.6300034	0.5326529	0.9999115	1.0050867	0.6472583	0.6628141
M	1.0888870	0.4155584	1.0853891	0.5211740	0.6396407	0.6270541	0.6247807	0.5254936	1.4249681	0.7220810	0.4318618
N	6.2766744	0.5534760	1.1574747	1.0242564	0.9182702	1.5240928	0.9237371	1.5177748	0.8366282	0.6931641	0.5595779
P	0.4676433	0.1962951	0.3653893	1.1669109	0.8282241	1.7675116	1.6902473	0.7371777	0.7195105	0.7521680	5.7471357
Q	1.0718044	0.7434897	0.9708652	1.3440189	2.0183559	1.0572930	1.7673824	1.6755640	2.7787862	1.0431936	0.3528458
R	0.8377971	11.3542881	0.7404891	0.7154231	0.8421539	0.7129391	0.7532650	0.6533320	0.6472743	0.6923782	0.4264016
S	1.1676784	0.5269956	1.4746676	1.6790622	1.2541762	1.5511282	1.4469255	1.0566192	1.1243961	1.4228393	0.7163048
T	1.0539641	0.4036564	0.5509600	1.3279637	1.0801661	0.8045286	1.0241264	0.9206954	0.9264055	2.0311015	0.5560332
V	0.7951806	0.2549109	0.8338191	0.8910842	0.7597842	0.8957806	0.8942401	0.6591450	1.0106650	1.6024404	0.6692083
W	0.3293792	0.3456972	2.1067485	1.4005165	2.4239799	0.8257872	0.3145357	0.3988220	1.5143921	0.8701956	0.2498302
Y	0.8101775	0.3645062	2.1748627	1.0102163	0.6092832	0.3795274	0.5047217	1.4339423	1.7385732	0.5773252	0.3316375
