##############
# C0102 PWM for 11-mers
#
# Copyright (2018) David Gfeller
##############
1.00000	41	2
A	1.0243664	2.5966446	0.6844847	0.9966238	0.8901277	0.9386149	1.3004126	0.8652182	0.9630427	2.5533942	0.5268567
C	0.9879405	0.8242063	0.6618033	0.8073878	0.8740472	0.8089773	0.8542779	0.8485160	0.9308716	0.6507641	0.6675509
D	0.6232758	0.4380568	0.5304988	2.1823991	0.8211839	1.4392275	1.5086745	0.4439876	0.6266474	0.7009368	0.2470154
E	0.4574118	0.4487204	0.5274503	1.3674273	1.1140131	0.9332225	0.8208374	0.7305892	0.7348073	1.3358046	0.2749758
F	1.3793874	0.6027993	0.6820869	0.4296572	0.8046020	1.2478827	0.9534418	1.5566199	0.7635635	0.4911771	1.0370334
G	0.4584546	1.7726484	0.7325594	2.9711693	2.0507326	1.6356591	0.8522427	1.5253051	0.8339906	0.7789392	0.2877307
H	0.5130787	0.3829756	1.5712347	0.4936894	0.4855730	1.2436711	1.6257553	0.4891878	1.2210271	0.9148988	0.2881272
I	1.3338797	0.7851574	0.4715405	0.5936308	0.6624075	0.6045074	0.8458908	1.4066261	0.9451692	0.4599226	1.6261623
K	0.5984809	0.5561784	0.5980877	0.7774053	0.6148527	1.1372383	1.1165994	0.9684771	0.9845788	0.6996062	0.3606072
L	1.4436875	1.9427026	0.3857121	0.5270558	0.8386831	0.6940051	0.5433966	1.4227496	0.9784972	0.4473322	4.8764476
M	1.5874608	0.9813644	0.4700965	0.5511062	0.7021070	0.6459145	0.9409917	0.9099216	0.7862626	0.5824111	2.0874819
N	0.7292643	0.5220479	0.7812364	1.0114273	0.8778990	0.7336379	1.6506193	0.4859381	1.2087435	1.1421447	0.2793711
P	0.2557278	0.5345047	6.5642334	0.9690890	1.4104455	1.1879369	0.9804667	1.1432505	0.5456400	1.4906095	0.1952442
Q	0.7010622	0.4858868	0.6907536	0.8199465	0.9665656	1.0303063	1.0381774	0.7014680	0.8366662	0.6788415	0.3489207
R	1.2880358	0.6762597	0.4855120	0.5449756	0.5312918	1.2361045	0.8645806	0.7366275	1.0420728	0.5846930	0.3976747
S	0.8503761	1.2812956	0.9933718	1.0975424	1.1114099	1.0789849	1.2774150	0.5609951	2.2636268	2.0387601	0.3446470
T	1.1058000	0.8494717	0.6025190	0.7767988	1.5652137	1.0723555	1.1454441	0.7022786	1.8781760	1.1190302	0.5294951
V	1.6505150	0.8607114	0.4014199	0.7729213	1.0787443	0.6085710	0.6914560	0.8836669	0.7740197	0.6608481	1.1117320
W	0.7411568	0.4782534	0.4084525	0.4478502	0.5360490	0.5374240	0.4714223	2.0529113	0.4816368	0.5024644	0.5756080
Y	2.3596032	0.5136980	1.2270131	0.7581127	1.2018372	0.9996915	0.6529124	2.0559249	0.6104093	1.2014860	0.6300467
