##############
# C0202 PWM for 11-mers
#
# Copyright (2018) David Gfeller
##############
1.00000	112	2
A	1.0191066	4.4248156	1.2659214	0.7217393	1.0726368	1.8167864	1.3066939	0.9593784	1.0143488	1.0186646	0.3707736
C	0.8763048	0.7380268	0.6959796	0.7417813	0.7938901	0.8196913	0.7965588	0.8149584	0.8298466	0.4225169	0.3861347
D	0.3500354	0.3705382	0.4626271	2.9353582	0.8271343	1.7009842	1.1817724	0.7698580	0.5683712	0.5993599	0.3306596
E	0.4922028	0.3966049	0.4621066	1.0848623	0.7866115	1.1818622	0.8394344	0.5278785	0.7610739	0.7142403	0.3228601
F	3.6192639	0.5242029	1.8503653	0.4599236	0.6092361	0.5864666	0.8743694	1.1213832	0.7618454	2.2598375	7.0022214
G	0.8542801	0.8093044	0.8674454	1.6871261	1.5548778	1.0572955	1.5038892	1.7938252	0.9107028	0.8708194	0.2624430
H	0.6051444	0.3173854	0.9064438	0.5945789	1.0422477	0.7363686	1.2644813	1.0472042	0.7307580	0.6038548	0.6298676
I	1.2655403	1.3616563	1.6574540	0.5516891	0.6925453	0.5896196	0.5103448	1.3188515	1.1038983	0.7688379	0.7132795
K	0.7046633	0.4551836	1.4296644	1.0527470	0.6989124	1.2311860	1.0258532	0.8836769	0.9005386	0.8673746	0.3558280
L	0.8884976	0.6807442	0.6994677	0.6476247	0.6117695	0.6049103	0.8978931	1.6410976	0.9473206	1.3818268	1.8464559
M	0.6637733	0.7892537	1.1658042	0.8094330	1.0121543	0.5164599	0.7131931	1.2323212	0.9747779	0.8621656	2.2263151
N	0.7421134	0.4268111	0.8631991	1.9683138	0.7013820	1.2268956	1.6440565	0.7827677	1.5029800	1.0088292	0.2820205
P	0.1967299	0.2717226	0.4985030	0.9056125	3.2113011	0.5378111	1.0013370	0.4938990	0.7117481	0.3050010	0.2396962
Q	0.5870532	0.6158948	0.6434745	1.0435997	0.6456370	0.8484612	0.9061449	0.7272458	1.6468062	1.1952622	0.2750881
R	0.6806607	0.3874095	0.9590784	0.6850380	0.6045115	1.0905082	0.6763573	0.7131326	0.7834531	1.0414230	0.3082394
S	1.4160542	1.6976345	0.8299799	1.3186019	1.2193109	1.0434749	1.3265971	0.8939125	1.5311994	1.1191602	0.3075012
T	0.7393419	1.1866779	0.6540569	0.6724595	0.8274941	1.2591576	0.8425363	0.8746980	1.4456937	0.9000662	0.3623548
V	1.1270145	1.1274414	1.4001692	0.5901747	0.9310284	1.0670150	0.8104263	0.8095552	1.1555902	1.0208486	0.8376082
W	0.6952990	0.3680382	1.1024581	0.3425107	0.3519534	0.3563196	0.3967226	0.4589330	0.3792815	0.5750652	0.9679214
Y	3.2281466	0.5790321	1.9123129	0.6921091	0.9044676	0.5764517	0.9559946	1.3177833	0.6176834	2.2808175	4.6582379
