##############
# C0303 PWM for 11-mers
#
# Copyright (2021) David Gfeller
##############
1.00000	179
A	1.1297419	4.9375653	1.1095654	0.6316710	1.3787307	1.0809416	1.1690445	1.0911474	0.8001846	1.8121232	0.4537276
C	0.2974016	0.4157468	0.3129063	0.5927914	0.6385406	0.6215218	0.6187623	0.6246797	0.6368850	0.6156297	0.3447824
D	0.2994027	0.3131034	0.9421107	3.0669620	0.6905448	1.5900876	1.6203979	0.7912936	0.5593762	0.4371510	0.3164428
E	0.2476224	0.3920848	0.4510381	1.8610325	0.7315926	1.2831186	0.8282032	0.9118654	0.6935427	1.0592369	0.3106493
F	5.3493581	0.3180247	2.6442084	0.6660729	0.7446523	0.4658057	0.7638499	0.9180909	0.6554702	0.9893528	1.6233797
G	0.5466003	0.8557311	0.2509650	0.9440197	1.4503779	1.4104673	1.3401346	1.4488130	1.3124364	0.6323913	0.1786384
H	0.9781032	0.2983444	1.5871869	0.7856109	0.7220124	0.7668902	1.5718324	1.1920832	0.8958568	0.4713031	0.3717405
I	1.0952805	1.1988168	2.0142349	0.4617525	0.7008329	0.6309849	0.8427271	0.8014632	1.0919736	1.0547659	1.2067511
K	0.4462104	0.4870610	0.3995264	0.5990670	0.4965817	1.1470715	0.7826722	0.8886051	0.6426064	0.5553200	0.3037069
L	1.1631606	0.5219664	1.2832175	0.7299966	0.6937603	0.5494007	0.6998772	0.8252240	1.3032553	0.7287710	5.6140568
M	1.0939978	0.4355105	1.6242333	0.3690207	0.4070474	0.3815117	0.6656487	0.8189603	1.1507384	0.7242491	1.8810467
N	0.3726987	0.4357219	0.3936736	0.6624810	0.6323178	1.1305837	1.1653080	1.3004251	1.0507369	0.8020134	0.2068613
P	0.1726430	1.0497657	0.2593757	2.3125014	3.3299237	0.7806230	1.7824578	1.3130939	0.4459826	1.2600793	0.2304997
Q	0.2711138	0.5098324	0.5414163	0.8573299	1.0047897	0.6095037	0.7980206	0.9656350	1.6018222	0.6302706	0.2485023
R	0.4623336	0.3690239	0.2724057	0.7343987	0.5669987	1.0827638	0.7906644	0.6769722	1.1165132	0.5202914	0.4395359
S	0.8214078	1.4521226	0.5716012	1.1130818	1.3941798	2.0013765	1.0131875	1.1599682	1.7938559	1.9843350	0.2770667
T	0.5555785	1.1147352	0.6899789	0.7834130	0.8658260	1.2587131	0.9682389	1.1591722	0.8793593	1.5438764	0.3442670
V	1.1199340	0.8540217	1.6334074	0.6334300	1.1270624	0.7592290	0.8900658	0.8072541	1.0512090	1.3760121	0.8712779
W	0.9064126	0.2381853	1.7456994	0.5768387	0.5600728	0.2388117	0.2497717	0.2989485	0.6042212	0.2744701	0.3309532
Y	4.6928382	0.5529661	3.1930497	0.8163179	0.5812390	0.5545247	0.7222773	1.5664427	0.9570345	0.9749694	0.7071980
