##############
# C0304 PWM for 11-mers
#
# Copyright (2021) David Gfeller
##############
1.00000	224
A	0.9863389	4.9593037	0.7869803	0.7383610	1.0816164	1.0880762	1.0116867	0.8299306	0.6927161	2.2737388	0.3266448
C	0.2618209	0.3680849	0.2734876	0.5694178	0.6112278	0.6030436	0.5988283	0.6087942	0.6077429	0.5988001	0.3078837
D	0.2557010	0.2655001	1.0119783	2.9123556	1.0738352	1.4264876	1.5555478	0.7845529	0.5175945	0.5482779	0.3310496
E	0.2161731	0.2850470	0.7349081	1.6457690	0.8880197	1.3904887	0.8665889	0.6824149	0.9000923	0.9166591	0.2251942
F	5.5648375	0.4459497	2.5185154	0.8582386	0.5615855	0.4183108	0.6557863	1.0297260	0.5643745	1.0048029	1.5525884
G	0.4501710	0.6762057	0.4084384	1.0208893	1.1700889	1.3346731	1.1235887	1.3470664	0.9283848	0.5085385	0.2981850
H	1.3003295	0.2547622	1.1192614	0.6664202	0.5115275	0.6744862	1.2246294	1.3523906	1.0223440	0.5265105	0.3203687
I	1.1926128	1.3967697	2.2377550	0.3955594	0.7379200	0.5088323	0.8749282	1.1562652	1.2537543	0.9449026	1.0325141
K	0.3327441	0.3209362	0.6029057	0.5628745	0.6279093	1.1031520	0.9718470	0.9382490	0.9084020	0.3914879	0.3969571
L	1.1024074	0.7265140	1.2698571	0.5946405	0.6617682	0.7863470	0.7693248	0.8402447	1.0007076	0.7360807	5.9619255
M	1.2910553	0.4121679	1.3178011	0.7618669	0.5793951	0.3575618	0.9307303	0.9647797	1.2115838	0.7604769	1.8887002
N	0.3211810	0.3667931	0.5653090	0.6329164	0.5062160	1.3142868	1.2775950	1.3842834	1.5276746	0.6931708	0.1853125
P	0.2151294	1.6615024	0.2288783	2.9616821	3.6077653	0.6629096	1.6771991	1.1587148	0.4512148	0.8601554	0.2002737
Q	0.3073637	0.3610898	0.4969158	0.8654427	0.9608571	0.6866381	0.9214073	0.6864808	1.5647138	0.7556096	0.2168386
R	0.3382441	0.2545820	0.3680643	0.6745826	0.4527467	1.2100803	0.8637534	0.5811693	1.2595572	0.4473184	0.2243244
S	0.5737880	1.2950708	0.6698198	1.1190144	1.5514163	2.0776770	1.0985999	1.1273986	1.8214113	2.0188301	0.2033026
T	0.7374125	1.0702277	0.5626293	0.6226781	1.1807865	1.1500227	1.2680768	1.4274635	0.8277444	1.4968011	0.4106455
V	1.1437592	0.7746517	1.8112922	0.5431891	0.9402211	0.5826916	0.7457741	0.9525269	0.9995967	1.5761518	0.8526833
W	0.7983813	0.2126260	1.1722344	0.2177657	0.7398206	0.2176815	0.2200378	0.5418773	0.7882930	0.2512124	0.5662540
Y	5.3349501	0.4945323	2.5104570	0.8974994	0.4927703	0.5849585	0.6151074	1.5601639	1.0317246	1.0468691	0.6196545
