##############
# C0401 PWM for 11-mers
#
# Copyright (2021) David Gfeller
##############
1.00000	97
A	0.8058488	0.5222629	0.4052904	0.8791718	1.5822784	0.9729539	1.0248462	0.7844958	0.6448763	0.7604906	0.6237206
C	0.5452705	0.3228113	0.2438465	0.6668190	0.7014822	0.6834375	0.6816871	0.7066700	0.7196832	0.6553150	0.3925637
D	0.4428515	0.2631906	8.8983005	2.3217391	1.5826377	0.9660717	1.7072240	1.1974766	1.0526582	1.2098749	0.7444722
E	0.5042039	0.2743040	1.2913683	1.3151352	1.1087229	0.8969636	1.0074795	0.7624631	0.8018636	0.9868495	0.4823289
F	3.3117103	6.8001399	0.6160695	1.4362010	0.7274199	0.5352394	0.6298319	1.4715654	0.9969723	0.8267447	4.5217713
G	0.4024808	0.5633216	0.4220952	0.6482264	1.1762446	1.9340235	1.7137509	0.8268187	0.8810321	0.7250904	0.3766045
H	1.9151135	0.5541502	0.4937160	0.8698897	1.3286361	1.1140326	1.0720272	1.0619074	1.0464954	1.5219119	0.5948423
I	1.7088639	0.8139950	0.4859168	0.8131924	0.8813302	0.5249960	0.7389167	1.2469800	1.9065527	1.0053989	1.1869945
K	0.6196144	0.3062263	0.5001654	0.6395627	0.5348619	1.0235531	1.0821419	0.6184843	0.5420693	1.0654309	0.4984806
L	1.0975819	0.9302774	0.3252859	0.9416815	0.7077155	0.6957228	0.5564147	0.9919079	1.2622607	1.4222733	2.3164162
M	1.1082554	1.0239375	0.3373896	0.5498569	0.8917158	0.4801410	0.4828349	1.1662314	1.7964837	1.5838405	2.9330474
N	0.7612841	0.4525648	1.0764004	0.9154904	1.0630298	1.6961965	1.3354531	1.2317600	0.9563435	1.0099173	0.5966268
P	0.2274562	0.4395987	0.4170938	2.0506240	0.9297683	1.4569824	1.1814169	1.2799510	0.3755171	0.3936366	0.4682494
Q	0.3853978	0.2931788	0.5313820	0.4902926	1.5681720	0.7613778	0.7593397	0.6843938	0.4495893	1.3402927	0.3457912
R	0.5602522	0.3943534	0.3786325	0.5904197	0.5379959	0.8700252	0.7610697	0.5934261	0.9634620	0.6840720	0.3342540
S	0.6249097	0.6222368	0.7505933	0.7806389	1.1382620	1.3492848	1.2573123	0.9898410	0.8730451	0.7780645	0.4364853
T	0.8601305	0.5809883	0.6575142	0.8592540	0.9946087	1.0999808	1.0015550	1.2533877	1.0671328	1.1399971	0.6340861
V	2.2177904	0.7037256	0.3992429	1.0077718	0.6853099	0.6584594	1.0343542	1.3972893	1.6680776	1.1026011	1.1830803
W	0.5243217	6.2637201	0.2723113	0.3620739	0.3542583	0.8638522	0.2903476	0.3737142	0.3828047	0.9187375	0.5220058
Y	2.1027108	4.7529325	0.8781885	1.2360161	1.1869067	0.7955003	0.4236594	1.0911830	1.2286939	1.2426120	1.1076523
