##############
# C0501 PWM for 11-mers
#
# Copyright (2018) David Gfeller
##############
1.00000	284	2
A	1.0628813	2.6058667	0.7779852	0.9067914	1.0178380	1.1197458	0.9734922	1.0276135	0.7644539	0.8296237	0.3829739
C	0.5562267	0.3526922	0.1865491	0.4990398	0.5246199	0.5196786	0.5180060	0.5317928	0.5496287	1.0437188	0.3204027
D	0.2527052	0.2110792	10.7161749	2.6941606	1.5007541	1.3217596	1.0517145	0.9386077	0.5392968	0.3776098	0.2398439
E	0.2134050	0.2993592	1.4451056	2.4385478	0.8958922	1.0380645	0.9095916	0.7714111	1.1834409	0.9908235	0.1924740
F	2.9823772	0.5023250	0.2344152	0.4541298	0.5748005	0.3270582	0.5320694	0.7415720	0.9463843	1.3695637	2.5958651
G	0.6737639	0.4607115	0.3526161	1.0765210	2.2899954	2.2603167	2.1928079	1.6057291	0.8785857	0.8650113	0.1611869
H	0.8473766	0.1874746	0.2650533	0.5216874	0.6759081	1.9988765	1.2130248	1.5521697	1.1962662	1.4654174	0.2525597
I	2.0372269	1.4581149	0.3783875	0.3973176	0.6566693	0.4080102	0.4748131	0.7945194	1.3046454	0.7421284	1.2140299
K	0.7494120	0.2985814	0.4501141	0.7538167	0.5248369	1.0138678	1.8124418	1.0564093	0.6460950	1.1016350	0.2293837
L	0.8445978	1.8185446	0.2484401	0.8554475	0.5770423	0.5092097	0.5613263	0.9147828	1.1058341	1.3662205	4.5706389
M	1.1592772	1.1091123	0.6181843	0.5191111	0.5082723	0.3039289	0.6236314	0.9716997	1.4253841	0.9160197	1.8331574
N	0.5340008	0.4081689	0.6285772	1.2347250	1.0481159	1.1361359	0.9938873	1.3141854	1.0035078	0.9339351	0.2178723
P	0.1692442	1.0998440	0.3815956	1.5930623	2.1851234	0.9711835	0.8300248	0.6408223	0.2769543	0.1836022	0.1909259
Q	0.3564055	0.5317635	0.3385806	0.9500614	1.0079289	0.9941847	0.9924563	1.1999076	1.1971100	1.6652784	0.1792230
R	0.9926213	0.2338448	0.2652495	0.4073757	0.4768302	1.1714782	1.0498966	0.7622052	0.7414288	1.1597015	0.2981765
S	0.9452148	1.0917007	0.6035343	1.0148687	1.6844053	1.6262530	1.2217511	1.2817567	1.6484530	1.0212378	0.1968372
T	0.8867557	1.1547223	0.4251541	0.6256064	1.0425733	1.1774185	1.1647787	1.1226208	1.3154449	1.3138659	0.3234430
V	1.6337601	1.9776147	0.2172457	0.7103368	0.5732764	0.6464031	0.8781086	0.9836899	1.3551264	0.7789966	1.9321875
W	0.9214533	0.2475179	0.7227298	0.7565226	0.2240283	0.2231304	0.2482180	0.5312300	0.5416073	1.1139515	0.8781606
Y	2.4631488	0.6196349	0.3604928	0.4188206	0.5906723	0.3573165	0.8641149	0.8943186	0.8280933	1.6041943	0.6857150
