##############
# C0602 PWM for 11-mers
#
# Copyright (2018) David Gfeller
##############
1.00000	49	2
A	0.9351472	1.3797816	1.2232772	0.8210845	1.2480729	0.7505919	0.8136873	1.2188757	0.8531161	0.7841122	0.7928088
C	0.8746423	0.4710116	0.6862877	0.6121206	0.7340357	0.6479923	0.6987296	0.7278955	0.6821673	0.8278610	0.6170334
D	0.4532570	0.4958793	0.4938677	3.1050288	1.1454642	1.4414188	1.6865450	1.1499564	0.4783804	1.1729312	0.3541724
E	0.4970135	0.6240643	0.4782046	1.5866868	0.9123599	1.5791405	1.1715579	1.0470969	0.5314036	1.2406400	0.7441834
F	2.9302488	0.4836500	3.1770214	1.3615720	0.4689223	0.4481848	0.4433473	1.0995596	0.5106223	1.4299131	1.7253418
G	0.4887510	0.9182227	0.5301685	1.6525157	2.0647495	1.6370681	1.1680790	1.4925833	1.2262051	0.6795633	0.3478172
H	1.3044833	0.9003177	0.8951178	0.5195732	1.0883155	0.5207418	0.5305352	0.5206305	0.8079229	2.5518910	0.3602616
I	0.9197265	0.4712331	0.9802022	0.4629771	0.9999379	0.7821261	0.7679471	1.0872159	1.0508820	0.7447641	1.6093792
K	1.1129383	1.2500222	1.2880626	0.6060167	0.6293790	1.3733809	1.3038788	0.9595144	1.3785045	1.0155339	0.4518237
L	0.7424173	0.7445242	0.7316756	0.6958875	0.9116729	1.1267653	0.9324598	1.1123877	0.9619771	0.9778275	2.9078757
M	0.7487570	0.6662600	0.7131686	0.5627404	0.9703547	0.7395152	0.6881213	0.7613143	1.0251412	0.7264610	1.8549457
N	0.9491300	0.8623872	1.4956242	1.1508678	1.2518409	1.4774490	2.5400670	1.2238351	0.9906063	1.4436356	0.3574928
P	0.2512853	0.2826739	1.4107993	1.4280738	0.8597314	0.4742468	0.3000531	0.4759635	0.8405792	0.4559438	0.2162593
Q	0.7236258	1.1282909	0.5074984	0.7809876	0.5717895	1.5874806	0.8495172	0.5780843	0.6643235	1.0005062	0.6094850
R	1.2928978	4.9328713	0.5951709	0.5026527	1.0352007	1.0636703	0.6855791	0.5637472	3.2799530	0.8110455	0.6076079
S	1.2328250	0.9307938	0.8394252	0.7653353	1.1549810	0.7802413	1.5347261	1.2472496	0.8351074	0.7435909	0.4518142
T	0.6081687	0.8793457	0.5811725	0.5534680	1.0476401	0.7310778	1.2562680	1.0474253	0.7396684	0.8251894	0.7034148
V	0.8764928	0.6698609	0.7077395	0.6047917	0.8999303	0.8194617	0.8260425	0.6674725	1.0805450	0.6320912	1.6958539
W	0.9938012	0.5272074	0.8175164	0.5162166	0.4287373	0.4306564	0.4153036	0.6105727	0.4762352	0.7520503	0.6123914
Y	4.1839975	1.1138110	2.7357023	1.1637883	0.4955933	0.4661874	0.4613141	1.7521831	0.8053243	2.8232577	1.0285536
