##############
# C0702 PWM for 11-mers
#
# Copyright (2018) David Gfeller
##############
1.00000	73	2
A	1.1813393	0.4816252	1.1641787	0.9803334	1.1207373	1.4979857	0.9161854	0.8566607	0.9075167	0.7730765	0.5180204
C	0.6452724	0.3184192	0.6292665	0.6680573	0.7512189	0.7529483	0.6987426	0.7185077	0.7132205	0.8506014	0.4498935
D	0.5431287	0.4059532	0.9801915	4.0005270	0.7805050	1.1035468	2.0670907	0.7340713	0.8682708	0.8504695	0.2842350
E	0.4052411	0.5590571	0.4796171	1.1614902	0.9666144	1.1534070	1.3511290	0.5371133	0.8672085	1.3749451	0.3987547
F	2.8839545	0.8876146	2.2312271	0.6073911	0.8212480	0.7222014	0.7917227	0.9606128	0.9375081	0.4923422	4.4269084
G	0.5764240	0.5175335	1.0092220	0.7821727	1.1456653	1.4762082	1.0039350	1.5264295	1.3664135	1.1453827	0.3132282
H	1.0561312	0.9818255	0.7103359	0.4586264	1.1315218	0.6667202	0.7570955	1.6557933	1.6496190	1.1386246	1.0378389
I	0.9319220	0.3471002	0.6447596	0.4738588	1.0112358	0.8483350	0.7208635	1.2072430	0.9268085	0.9771796	0.7940943
K	0.6492661	1.8099359	1.2163058	0.6468323	0.8697747	0.9993423	0.8587625	0.7996121	0.7884811	0.9616583	0.3609055
L	1.1083227	0.4411650	0.7249055	0.7130609	1.0085053	0.7504000	0.8834900	0.8085148	1.1513253	0.8815128	2.4367350
M	0.7630598	0.9891681	0.6221148	0.7208905	0.6902915	0.6240157	0.6290493	0.6481681	0.9306681	0.9009548	1.4493488
N	1.4869602	0.5826755	0.8175832	0.8868263	0.9999363	0.9007902	1.0690098	1.1324185	0.6928935	1.0589106	0.4910689
P	0.2148805	0.2324885	1.7589082	2.1912492	1.2176219	1.0983687	0.8042711	1.6123383	0.9246069	0.5419480	0.1738204
Q	0.7002333	0.8838584	0.6180905	0.5346662	0.6715135	1.3913951	0.8399883	0.4715137	0.8062370	0.5846022	0.3516748
R	0.5860241	5.5693638	0.9167020	0.4595779	1.0309832	0.6908704	0.6484155	0.7323389	1.4130971	0.6708722	0.5065482
S	0.6968927	0.6044512	0.9235647	1.0753216	1.0621641	1.4459287	0.9532795	1.0783089	0.7334629	1.6079534	0.4562541
T	0.5193244	0.4696605	0.6479408	0.8668177	1.2127403	0.7243448	0.8708091	0.6608570	0.8371913	1.5876970	0.4264916
V	1.1787076	0.3690489	1.0013710	0.4131448	1.0969787	0.9685558	1.0096890	1.0149655	0.9972571	1.3803169	0.6459699
W	1.7232630	0.8990447	0.6253531	0.4186456	0.4543078	0.3985184	0.5818125	0.5740938	0.5586565	0.4430407	1.9063927
Y	4.4107633	5.4619029	2.2552908	1.2930390	0.9719576	0.4842613	2.4839449	2.3383690	1.9040845	0.9297958	5.1132737
