##############
# C0701 PWM for 11-mers
# Model trained on 10-mer peptides adding one non-specific position after P7.
# Copyright (2021) David Gfeller
##############
1.00000	80
A	1.3383142	0.6446867	1.1396610	0.7699699	0.9157512	0.8460315	0.8409935	1.0000000	0.8952131	0.8430065	0.4682109
C	0.7563686	0.4458048	0.6296995	0.6445073	0.6734238	0.7034502	0.7286860	1.0000000	0.7156288	0.4405795	0.3564243
D	0.4840579	0.4256191	0.4932228	3.2466331	1.1478209	0.7342754	0.6594447	1.0000000	0.5249522	0.8739326	0.3835649
E	0.6748855	0.5644568	0.6380531	1.5770889	1.1223530	1.1428371	0.5108703	1.0000000	0.6905542	1.2143349	0.3914391
F	0.4563558	0.4456003	1.4139215	0.6732224	1.4388846	0.8854066	1.3654829	1.0000000	2.1467986	1.3534696	5.0022294
G	0.4643777	0.4704284	1.0886742	1.5216430	1.7138136	0.7042219	0.6959994	1.0000000	0.7921969	0.6098336	0.2572048
H	0.7945498	0.5994879	1.7802113	0.7561055	1.2685836	0.5038286	2.3999734	1.0000000	1.7312194	1.1920175	0.6991825
I	0.8831585	0.6159067	1.0831626	0.4786692	0.6206006	1.0728431	1.9452259	1.0000000	1.2738225	1.1064841	0.8509943
K	2.3276782	1.1988294	0.8756238	0.5780793	1.1522548	1.0097911	0.6510806	1.0000000	0.4706280	0.6909198	0.4275592
L	0.4983735	0.4994180	0.7741056	0.5210297	0.7141253	0.9126930	0.8659902	1.0000000	0.7238965	0.8476579	1.9794867
M	0.5443316	0.7394268	1.1942403	0.4390024	0.9647905	1.2213865	0.6702184	1.0000000	0.6518819	0.8773880	1.0693178
N	0.7622705	0.7485959	1.7856047	1.4197254	1.0134995	0.7773263	0.7739095	1.0000000	0.7460092	0.7024792	0.3258108
P	0.3317241	0.2817881	1.4963645	1.6482916	0.5899903	2.5541478	2.0822522	1.0000000	0.8528466	0.4510982	0.1997765
Q	0.7133837	1.0233817	0.6391394	1.1056981	1.6448975	1.0738749	0.4490436	1.0000000	0.8419458	0.6645712	0.3439517
R	3.1505397	6.5678299	0.6956813	0.5628974	1.1071578	0.8269833	0.7433060	1.0000000	0.7333722	0.5611854	0.4523143
S	1.7580958	0.8511501	1.0268241	1.0543059	0.7115509	0.8378736	0.9561638	1.0000000	0.7959757	1.3660955	0.3312841
T	0.8416351	1.0401813	0.7629814	0.7479765	0.7200309	0.8543458	0.8587906	1.0000000	0.9317816	1.9498834	0.4086922
V	0.6260274	0.7042210	0.6835323	0.4855177	0.8094372	1.0099305	1.3125160	1.0000000	1.5914225	1.9408080	0.8360548
W	0.3813564	0.3965483	0.4661268	0.3045451	0.4157069	0.4088529	0.3971651	1.0000000	3.0633794	0.4136831	1.0008766
Y	1.2772540	1.2758028	2.0749329	0.6201977	1.2083025	1.7351949	1.2629457	1.0000000	2.6298590	1.2202984	7.1146601
