##############
# C0704 PWM for 11-mers
# Model trained on 10-mer peptides adding one non-specific position after P7.
# Copyright (2021) David Gfeller
##############
1.00000	462
A	2.2962384	2.5119894	0.9510218	0.5890669	0.8387650	1.4595251	1.0000000	1.0000000	0.2271156	0.5128531	0.3266666
C	0.6928952	0.3813041	0.5029974	0.5789473	0.5981271	0.6345935	1.0000000	1.0000000	0.6288408	0.1835518	0.2077364
D	0.1718448	0.2050904	0.3854819	2.4013508	0.5571162	0.4689051	1.0000000	1.0000000	0.1178058	0.3116823	0.0961491
E	0.1861252	0.2720274	0.2404175	2.1148246	0.5072850	0.8316926	1.0000000	1.0000000	0.1769871	1.9630065	0.1113467
F	3.0535062	0.2574253	0.4046018	0.3125699	1.5850789	1.2479434	1.0000000	1.0000000	2.3825906	0.8380808	0.8758138
G	0.4186856	0.9574962	0.4202491	0.9649274	0.5753519	0.4430186	1.0000000	1.0000000	0.1099921	0.1479960	0.1024253
H	1.6990667	0.1903625	4.0254456	0.9790573	7.5116957	0.8894492	1.0000000	1.0000000	1.6841258	1.8389166	0.1315951
I	0.9380837	1.0158315	1.1896209	0.3101301	0.5861680	2.1979409	1.0000000	1.0000000	4.2518251	2.0509881	0.7117907
K	0.9148248	0.3541795	0.3070087	0.5404316	0.6721459	0.4699079	1.0000000	1.0000000	0.2528160	0.5770492	0.1394871
L	0.5305241	0.7585958	0.4622295	0.3226755	0.6808540	0.7145044	1.0000000	1.0000000	1.9091042	0.6873818	5.9852713
M	0.8093734	0.4840140	2.8175210	0.2493887	0.4670226	0.4422647	1.0000000	1.0000000	0.8174512	0.5890099	7.3437553
N	0.7915035	0.5657216	2.5485005	1.0060123	1.3412366	0.4279850	1.0000000	1.0000000	0.1792873	0.6910125	0.1128881
P	0.1239456	0.1288737	2.1289052	4.6848523	0.1873764	1.2501439	1.0000000	1.0000000	0.6510520	0.1567997	0.0877926
Q	0.4130828	0.4752111	1.1453554	0.7091627	0.7295263	0.6993103	1.0000000	1.0000000	0.2246064	0.7463877	0.1481796
R	0.9628963	2.9793494	0.2927946	0.2879499	0.4230140	0.3886315	1.0000000	1.0000000	0.2891929	0.4135930	0.1426800
S	1.6436628	1.5414307	1.7647118	1.0258112	0.9547495	0.7611500	1.0000000	1.0000000	0.1804864	0.8471799	0.1862946
T	0.7456932	0.7658812	1.3518607	0.8533244	1.0646421	1.4986582	1.0000000	1.0000000	0.9600746	2.2521054	0.2705435
V	1.0608517	2.1928931	0.8045129	0.4960803	1.6338216	2.4031214	1.0000000	1.0000000	2.4960286	2.9549521	1.0501005
W	0.2300995	0.1555898	0.2874162	0.4116607	0.6369308	0.6100702	1.0000000	1.0000000	1.2108751	0.4662913	0.1809811
Y	2.8858855	1.0537215	0.3576164	0.5172174	1.8876401	1.1653939	1.0000000	1.0000000	0.9965219	1.0642238	0.2483657
