##############
# C0802 PWM for 11-mers
#
# Copyright (2021) David Gfeller
##############
1.00000	209
A	1.2677196	4.0419469	0.4060585	0.6496264	1.0275888	1.0418299	0.7805591	1.0694515	0.9089554	2.1791393	0.5015660
C	0.7438236	0.5493325	0.4581409	0.6410686	0.6644566	0.6465519	0.6439463	0.6711979	0.6812549	0.3195159	0.3261564
D	0.2577624	0.3346926	10.8209050	2.6210386	1.3406485	2.0583227	1.3791034	0.7565677	0.7934313	0.6823556	0.2228485
E	0.2672334	0.3488683	1.6836332	1.3051053	0.8900231	1.1878360	0.8081541	0.6705115	1.0800841	1.4017880	0.1844378
F	3.5099289	0.4060608	0.2149833	0.8616215	0.2798739	0.4327602	0.7040349	0.6899313	0.5644003	0.7914795	1.2278645
G	0.4601185	0.6774496	0.3102733	1.3108998	1.6462895	1.4133160	1.1693751	0.8332136	0.6974770	0.6973724	0.2192594
H	1.0524963	0.2568866	0.3620136	0.5509123	0.6706909	0.9508178	0.9255414	1.6485400	1.1604268	1.0609327	0.4514263
I	1.8945197	1.5116209	0.3024296	0.9175037	0.7751568	0.5739089	0.8051387	1.3199736	1.6647475	0.8233692	1.2613618
K	0.8211481	0.3776678	0.3820421	0.6396180	0.5109360	0.9442096	1.5971304	0.9357475	0.5275077	0.5335510	0.3705858
L	0.7636335	0.8174945	0.2031236	1.1767336	0.6857749	0.6982742	1.0645308	0.9517732	0.8343013	0.5371938	5.8023285
M	0.7305916	0.6000754	0.2224449	0.7722549	0.4882969	0.5942365	0.4221194	0.9084913	0.9159619	0.6436203	1.8475575
N	0.8726443	0.3883109	0.7768631	0.9917449	1.2003644	1.6093360	1.1883681	1.2359547	1.2615234	0.6273423	0.1929988
P	0.1822616	0.2303828	0.3497700	1.2206051	2.1221549	0.6274250	1.0196010	0.8837217	0.2782345	0.4394852	0.1440496
Q	0.5784974	0.7497287	0.4878961	0.9444599	0.9376824	0.9946065	0.8995900	0.7217744	1.2507602	1.1353525	0.2268888
R	0.3996577	0.2728983	0.2849620	0.3022411	0.4156279	0.8647628	1.0525902	0.6122049	0.6071661	0.3269352	0.2906026
S	1.0471604	1.6644179	0.4870358	0.8551561	1.8505788	1.6129107	1.0830111	1.4838214	2.4418211	2.2837276	0.2244276
T	1.2607197	0.8081457	0.3924839	1.0327300	1.0323359	1.1878560	1.1014130	1.4541091	1.2276721	1.5866916	0.6550277
V	1.4461905	2.1054518	0.2132821	0.9632634	1.0666398	0.5619214	0.9931209	1.0210378	1.1742437	1.2276225	0.8191324
W	0.3894226	0.2217391	0.4624651	0.5161045	0.4943961	0.5092914	0.2386157	0.5556261	1.0900210	0.5406791	0.8715785
Y	2.6501919	0.3123409	0.6325201	0.5336348	0.4939790	0.5140375	0.7473568	1.4102680	0.4558685	0.7840940	0.5247426
