##############
# C1204 PWM for 11-mers
#
# Copyright (2018) David Gfeller
##############
1.00000	29	2
A	0.9543480	2.8079665	1.0806541	0.9906018	1.2544668	1.1822612	1.5042907	0.9305208	0.9157713	1.2277313	0.6573478
C	0.5426768	0.7525138	0.7611841	1.0418725	1.1274726	1.1325852	1.2289949	1.1920378	1.2269498	0.6260736	0.4981387
D	0.3866272	0.4524114	0.9608507	5.0406015	1.2174417	2.6738105	1.1539978	0.8306443	0.8613155	0.5006454	0.3141020
E	0.4537471	0.4979040	0.4852643	1.5467860	0.6630651	1.3568816	0.7741532	0.5030615	0.6288097	0.7019565	0.3613740
F	2.3474451	1.0333503	1.5124098	0.3321103	0.3371277	0.4126585	0.6074523	0.7141041	0.7442079	1.8176588	4.6690148
G	0.4631222	0.7425950	0.4572363	1.5567863	1.8406124	1.2078541	1.5016416	2.5986261	0.8578733	0.8528042	0.3796363
H	0.9314713	0.6465434	0.6338298	0.5628361	0.9822688	0.5200779	0.9810615	0.5069989	0.5570009	0.7122168	1.3318938
I	0.7777666	1.1564149	2.0511634	0.3303743	0.3581759	0.6554191	0.9024289	1.4129475	1.2080732	0.7766589	0.8140541
K	0.7318694	0.5763575	0.6862360	0.7260990	0.6894977	1.1501103	0.7976402	0.7432669	0.6637207	0.5870718	0.4112130
L	0.9758232	0.7145953	0.9906447	0.3261735	0.3681418	0.6165379	0.8837884	1.2095753	1.4822754	0.9452846	1.5210626
M	0.8577959	0.8049181	1.7013746	0.4509630	0.4941615	0.6413754	0.7922436	0.8877761	1.0056256	0.8484488	1.3879095
N	0.5087723	0.5339360	0.4870992	1.3894405	1.3155195	0.8759893	1.2519323	1.2295425	1.2567547	0.6103435	0.4115008
P	0.2612554	0.3408974	0.2537927	0.6351569	3.6214525	0.6370483	0.3104109	0.2820393	0.3019236	0.3018455	0.2076645
Q	0.5257220	0.5278181	0.7271778	0.9607259	1.0624748	0.9859166	0.8309032	0.7551038	1.5396549	0.8034883	0.4113705
R	0.8089639	0.5087027	0.5046375	0.5864326	0.5737547	1.2018350	0.5910107	0.5411211	0.6208270	0.5483972	0.4428253
S	0.8937288	1.2105301	0.5630154	1.1395948	1.2706684	1.0093169	0.8386130	1.1323848	1.3551501	1.2328645	0.4515704
T	0.8034921	1.1407352	0.6199490	0.8526948	0.8916914	1.4362021	1.4411946	0.8725537	1.5101460	1.6746939	0.4815164
V	1.0449424	1.1269853	1.4317689	0.3750936	0.4223732	0.6926206	1.2038602	0.9407990	0.9491240	1.0830710	0.6912578
W	1.5460878	0.9381256	2.8386687	0.3789404	0.3656394	0.4335901	2.3642581	0.6091054	0.6247196	1.0845690	1.6111737
Y	7.5281000	3.7296800	3.8551274	0.3958892	0.4689814	0.4661778	1.0448077	1.3922460	1.4463142	4.3317436	6.7236070
