##############
# C1203 PWM for 11-mers
#
# Copyright (2018) David Gfeller
##############
1.00000	31	2
A	1.3353001	4.4981380	0.6885191	0.7257450	1.0699075	1.4134518	0.8128083	0.6540300	0.7127234	1.8032244	0.5250114
C	0.6119353	0.8891427	0.7247485	1.0728058	1.1368821	1.1218451	1.1464768	1.1645175	1.2287293	0.6313398	0.5971047
D	0.4709196	0.5563405	0.4587209	2.7861890	0.8484709	1.4273581	1.9267749	0.6812310	0.4756971	1.4258549	0.2886525
E	0.4833255	0.6026878	0.6520175	0.7214620	0.7630115	0.9232420	0.8726825	0.4432685	0.5303610	0.8836482	0.3213600
F	2.6419872	0.4312280	2.2985295	0.4434584	1.4115291	0.9318952	0.8293312	1.3460102	0.6679331	0.8688893	3.7049066
G	0.8519749	1.0390214	0.7292664	2.2554455	1.9714994	0.6444136	0.5151004	1.2562415	1.0023961	0.6822040	0.3367379
H	0.6657492	0.4570701	1.5474741	0.9786546	1.8500004	1.5302550	0.9508803	1.0333295	0.8772355	0.5477587	0.9482201
I	0.9502815	0.5308379	1.4186391	0.4265306	0.6440777	0.4613092	0.7099962	1.4738249	2.1914452	0.6760489	1.1742204
K	0.8890582	0.6827848	0.9078575	0.8264874	1.1711047	1.9245846	0.7372560	0.7003315	0.7553321	0.9692650	0.3846964
L	0.7389007	0.5246064	0.9448480	0.5099328	0.6422634	0.5962265	1.1105164	1.4163219	1.5319805	0.8322737	2.9228838
M	0.8133386	0.6661006	0.9081852	0.5245482	0.6556257	0.6390443	1.1534877	1.3168228	1.1157889	0.7702446	2.4729556
N	0.8435763	0.6351826	0.5658113	1.4309896	0.7286549	1.0272095	0.7001944	0.5417789	0.8160554	1.0156908	0.3554722
P	0.2848047	0.4217540	0.2601527	1.7155022	1.4351620	1.1830223	2.0363418	0.8186206	0.5465561	0.3358846	0.1971867
Q	0.5210958	0.6015856	0.5508379	0.5970204	0.6286145	0.9766429	1.0964966	0.4916830	1.4299382	1.1532791	0.3831545
R	0.5681093	0.5655475	0.8224542	0.8085243	0.8962135	0.8608874	1.3371365	0.7494661	0.5765371	1.4165140	0.4257617
S	1.2716247	1.9343775	1.0057732	1.0501027	1.3006381	0.9616567	0.8125028	0.7155021	0.8692911	1.3127194	0.3984443
T	0.8934174	1.2688064	0.8358882	1.0013833	0.8508592	1.0170736	0.8243247	0.9560614	0.8697904	1.3092296	0.5183968
V	1.3148380	0.7462100	1.4176768	0.5350894	0.6475093	0.5079950	0.9595213	0.9783961	1.5535695	1.0111301	1.0235750
W	1.0494361	0.4592826	0.9772400	0.4514180	0.5374957	0.6471712	0.4586378	0.8769801	0.4937865	0.5547607	0.9953867
Y	3.8915000	0.5159722	3.4618320	0.8703860	0.7763233	1.8940258	0.6003474	3.1645686	0.6017548	1.0194037	2.4829558
