##############
# C1403 PWM for 11-mers
#
# Copyright (2021) David Gfeller
##############
1.00000	115
A	0.8083447	0.3963664	0.5886884	0.7218352	1.1147029	1.0695218	0.9630833	0.7046247	0.8592697	1.6320319	0.3689207
C	0.3453186	0.5194668	0.3249831	0.4063465	0.4779012	0.4850931	0.4645951	0.4865689	0.4956114	0.3714730	0.3379535
D	0.3065529	0.2202174	0.5074429	3.6625664	0.9338106	1.2290393	0.6906829	0.5965227	0.4669807	0.8668073	0.2340651
E	0.3461251	0.2673128	0.3771668	2.0608414	0.8726436	0.9997955	1.1400561	0.8376057	0.6928487	1.3549254	0.3383398
F	3.3378047	4.7705858	2.5025435	0.5323374	0.7731007	0.9322526	0.6254603	1.0778024	0.7818650	0.9164897	4.7084281
G	0.3885077	0.2290955	0.2837182	1.3636894	1.2001846	1.1174021	1.7792167	1.4768108	0.8861579	0.4927211	0.2318460
H	1.8844080	0.8978994	1.4695199	0.6398566	0.6065278	1.1936088	1.5822278	0.5790257	0.8314277	1.0647706	1.1046386
I	1.2481569	0.6145093	1.5697366	0.4062027	0.5418425	1.0439991	0.5378452	1.1520792	0.8077196	0.7526071	0.8912251
K	0.7605252	0.2970146	0.3960838	0.6711771	0.4913116	0.8565264	1.0233467	0.6980050	0.8060370	0.4725301	0.4438897
L	0.8252068	0.6911257	0.8376386	0.4806183	0.8692792	0.7898926	0.6673440	1.3418519	0.8795083	0.4683520	2.1512419
M	0.7898139	0.5706951	2.9403861	0.3776712	0.4878983	0.7078730	0.6467335	0.9563984	0.8872533	0.4864184	2.9623737
N	0.5128340	0.3029525	0.6939452	1.3180133	1.1546241	0.8670729	1.3131793	0.7894618	1.4271188	0.9379358	0.2968284
P	0.2222216	0.1794863	2.2284130	1.7293287	2.9705034	0.8343868	1.1742638	1.2592545	0.5031420	1.6690609	0.1803134
Q	0.4977644	0.3132150	1.4451823	0.8750206	0.7718059	1.3453175	1.3742902	0.8734116	1.3766206	0.8123972	0.3205722
R	0.8180722	0.2984489	0.3576219	0.5055304	0.8204715	0.6141726	0.6445580	1.0959855	1.6977808	0.3899074	0.3148311
S	1.0386990	0.3047938	0.4388874	1.0433870	1.1193537	1.4740481	1.3657257	1.2783753	1.9562930	1.5220838	0.3677153
T	0.7956391	0.4203783	0.4320079	0.8922857	1.6549828	1.1920157	1.1780902	0.8400825	1.8908597	1.0556413	0.5472304
V	1.3706227	0.4952930	0.9591016	0.4174710	0.6619411	1.0514751	0.8853171	1.2829432	0.8467110	1.2308680	0.8464044
W	1.1477197	1.7003910	1.0487762	0.2504691	0.3095116	0.3391266	0.7834853	0.3291355	0.3247895	2.3574320	1.2378120
Y	5.2012082	14.0855920	4.2445999	0.3487242	1.0563559	1.1147291	0.7701070	0.7826600	0.7710494	2.3453606	5.6199008
