##############
# C1402 PWM for 11-mers
#
# Copyright (2021) David Gfeller
##############
1.00000	92
A	0.9005639	0.3600540	0.5723429	0.7376202	1.2978584	1.0117177	0.8560262	0.7764677	1.0234005	1.6313347	0.3834737
C	0.3868572	0.5254306	0.3430377	0.4388238	0.5140008	0.5010209	0.4904010	0.5071236	0.5347755	0.4152466	0.3459947
D	0.4396948	0.2372157	0.5560730	3.4064698	0.9343570	1.4212240	0.8782336	0.6623753	0.6230255	0.7264838	0.2521061
E	0.3607511	0.2884623	0.4067535	1.3030302	0.6138983	1.0522190	1.0956090	0.6120422	0.7517934	1.3368141	0.2865071
F	2.9896967	4.8983341	2.6846249	0.7592170	0.8266527	0.8857289	0.8265574	0.6521602	0.6073203	0.7502389	5.0678490
G	0.4296788	0.2422184	0.2949539	1.4935845	2.1108288	1.6941230	1.5818430	1.5425787	0.9242054	0.6385020	0.2521255
H	1.9210645	1.1954021	0.8436757	0.4628632	0.4275734	0.9223015	1.1215553	0.6565601	0.9184303	0.7497208	1.0698795
I	1.3438023	0.6658075	1.5863892	0.4886733	0.5693289	0.7311997	0.8610596	0.7593665	0.9214565	0.6681491	0.9813114
K	0.6384559	0.3186542	0.4325171	1.0248701	0.5008844	0.7885922	1.1978284	1.1004330	0.8279731	0.6044358	0.4927501
L	1.0324743	0.7049855	0.7915473	0.5621046	0.5588700	0.7292430	0.6663315	1.4568650	0.9394828	0.5128368	1.8903357
M	0.7012784	0.6152888	2.1583774	0.4339241	0.4723079	0.7391380	0.7219536	0.8465853	0.9828027	0.7211351	2.1408732
N	0.5541928	0.3289217	0.6383992	1.3363493	1.1962586	0.8653449	1.4731107	1.0245676	1.4770501	0.6593557	0.4476086
P	0.2404637	0.1912520	1.9741548	1.6363220	2.4601235	0.5646598	0.9639218	1.2123061	0.4379457	1.3958888	0.1903496
Q	0.3980099	0.3380967	1.4956859	0.7908456	0.5747411	1.5079802	1.0340537	0.7354618	1.1473021	0.9000317	0.3385325
R	0.4836117	0.3222613	0.4852296	0.4659799	0.6963430	0.5718400	0.6106158	1.0809194	1.1009378	0.4366521	0.4426196
S	1.0064253	0.3195544	0.3966955	1.0775697	1.3977759	1.5066639	1.3000300	1.2298782	1.9007272	1.5533084	0.3912193
T	0.7892873	0.3617013	0.4575283	0.9972691	1.3259873	1.0507749	1.4086596	1.0202380	1.8480367	1.4551051	0.4035177
V	1.4800258	0.5307565	1.0544011	0.5521594	0.8476212	1.1016496	0.9623425	1.1461597	0.9616326	1.2149566	0.7516431
W	0.7245929	1.3420977	0.7056418	0.2798166	0.3187822	0.3608628	0.8847295	0.3527056	0.3459378	1.6001994	1.4565858
Y	5.1653637	13.3999330	5.2685510	0.3957191	0.8015336	1.0452218	0.4857953	1.0064983	0.8376591	2.5968745	6.1610440
