##############
# C1502 PWM for 11-mers
#
# Copyright (2018) David Gfeller
##############
1.00000	23	2
A	1.0116417	2.5104478	0.8863277	1.0270415	1.1834132	1.1124305	0.7174443	0.8884983	0.9642279	1.4545160	0.6379613
C	0.5588728	0.8557256	1.0863229	0.5354574	0.5991240	0.6043489	0.5070106	0.6055100	0.6221524	1.5482491	0.7390357
D	0.8033873	0.6090303	0.5100395	2.2769036	1.3875869	1.3112135	1.0538015	0.8114385	0.5910468	1.0034036	0.2834467
E	0.5880860	0.6055203	0.4878476	0.6662838	1.1017559	1.1159853	0.8595350	0.4741223	0.7799911	1.4685664	0.3072148
F	1.9373528	0.4917709	1.8156249	1.4407315	2.2210979	0.7000662	0.4871002	1.1413576	0.6181493	1.2291280	1.4122582
G	0.4977388	0.8578938	0.5210838	0.9252650	1.0250274	0.9336627	1.6821967	1.5904531	1.2936915	0.6059699	0.3256170
H	1.1444877	0.4544897	1.2251914	1.0898423	1.1468868	0.5349917	0.5379239	1.0357301	0.4719496	0.6159950	0.3088131
I	1.0531147	0.7672471	1.1162558	0.8681011	0.6966838	1.1297017	1.3997355	1.6663272	1.5997797	0.8401545	2.0910841
K	1.3031114	0.6878385	0.7690805	0.7921514	0.8778561	1.1641831	1.6059124	0.7431297	0.9039343	0.8896507	0.3903732
L	1.0918826	0.6257289	1.0247555	0.9360002	0.8314008	1.4906546	0.6847294	1.2930735	1.4048093	1.1095285	3.2540310
M	0.9351822	0.7731807	1.7530972	0.7640174	1.2090458	1.0008818	1.1544114	0.9761580	1.0058957	0.8701542	2.0992756
N	0.6123925	0.7659926	1.2649847	0.7104118	1.1330631	0.6986386	1.7750256	0.5793544	0.9885895	0.6655075	0.3177870
P	0.2756290	0.4053482	0.6484416	2.1795896	0.3185475	0.3162988	1.4392462	1.4102698	1.0588267	0.3350101	0.2170980
Q	0.6855267	0.6223014	0.5518145	0.5392743	0.6734647	0.9889879	0.7081431	0.4877090	0.8977183	0.7132276	0.3736221
R	2.6054252	0.5966166	0.5812693	0.5383778	0.6365050	1.0219382	1.0959612	0.5141182	0.9370293	0.6369681	0.4117922
S	0.6267179	2.2029983	0.8603126	0.6710506	1.6492021	1.0814408	0.8937021	0.6528695	1.2343984	1.0315648	0.4063719
T	0.6313278	2.3577604	1.1443221	0.6158955	0.7890311	0.9398266	0.6856347	1.0834939	0.9728224	1.5808892	0.6365453
V	1.3280149	1.2378610	1.3831211	0.9299954	0.9060653	0.9492955	0.7712246	1.0999510	0.9373305	0.7486043	2.0015944
W	0.7205337	0.4838033	0.9228268	0.5876123	0.6573290	0.5891445	0.4443483	0.6086805	0.4891662	0.7865182	0.6220876
Y	1.4448906	0.5486154	2.9658161	1.2703312	0.9576894	1.1047915	0.5003330	1.2231099	0.5504724	2.2245107	0.7528871
