##############
# C1505 PWM for 11-mers
# Model trained on 10-mer peptides adding one non-specific position after P7.
# Copyright (2016) David Gfeller
##############
1.00000	200	0
A	1.2995075	1.4305847	0.7411541	0.9607603	0.5688789	1.6228421	1.0000000	1.0000000	0.8372600	0.7826757	0.3269860
C	0.3179976	0.3836442	0.9660294	0.2996852	0.2729464	0.3869950	1.0000000	1.0000000	0.3581141	1.5947767	0.3737150
D	0.4919246	0.4220840	2.3590210	1.9229030	0.6832043	0.3747240	1.0000000	1.0000000	0.2688827	0.4909797	0.1657865
E	0.6500767	0.3721518	0.4411919	1.4997417	0.6215282	0.7238418	1.0000000	1.0000000	0.3137551	1.3352864	0.2328289
F	0.8173826	0.2748752	1.0340293	0.4784350	0.5860227	0.6449616	1.0000000	1.0000000	0.7212789	1.2007482	3.1485489
G	0.5994232	1.1046125	0.6775065	1.3120187	0.9773540	0.5074316	1.0000000	1.0000000	0.2850762	0.3099835	0.1896669
H	2.4005390	0.6715149	0.6969031	0.7721386	4.0456949	0.8280097	1.0000000	1.0000000	0.6177417	1.7832441	0.3408578
I	0.9412539	0.7298240	0.9681303	0.7066403	0.5421552	1.8517846	1.0000000	1.0000000	0.8015762	0.7636303	1.0301234
K	2.3722254	0.4583872	0.4742752	1.5313153	2.5201045	0.5779724	1.0000000	1.0000000	1.3546289	1.6509541	0.2300154
L	0.5037799	0.2912035	0.8173771	0.4117297	0.5854290	0.7760809	1.0000000	1.0000000	2.2270996	0.7193741	4.2627446
M	0.4257736	0.3800110	0.4174425	0.3618259	0.7921982	0.9078691	1.0000000	1.0000000	1.2454353	0.4657441	2.9887842
N	1.1044721	2.1460042	4.1250592	1.0730462	0.9795517	0.7130715	1.0000000	1.0000000	0.4874263	0.6896638	0.1915071
P	0.1896994	0.2092823	0.1748493	1.2291552	0.3013607	0.9755743	1.0000000	1.0000000	0.4107186	0.1790987	0.2398696
Q	0.8208985	0.5487379	0.6504875	1.0428145	1.1525585	1.0225373	1.0000000	1.0000000	0.7436659	2.1160746	0.2220906
R	1.4570692	1.4102310	0.3472612	0.7508856	1.8838022	0.7183366	1.0000000	1.0000000	2.0681771	1.0821754	0.3707918
S	1.8633122	4.5189698	1.7644698	1.6019797	0.9080195	1.2204160	1.0000000	1.0000000	0.9827921	0.9942712	0.2314101
T	0.8771216	1.9201976	1.3224546	1.4873231	0.9383796	1.4028468	1.0000000	1.0000000	1.8066691	1.4787140	0.3246131
V	0.7940239	0.6296862	0.5147393	0.4733625	0.8198059	2.0326117	1.0000000	1.0000000	1.2875920	1.0538304	1.4462278
W	0.3589565	0.2803177	0.6882391	0.6273836	0.3610723	0.2816344	1.0000000	1.0000000	0.3388852	0.3882558	0.4584801
Y	1.7236608	0.6361515	1.4337434	0.4202454	1.7635702	0.3561536	1.0000000	1.0000000	1.0251426	2.0122950	1.4437746
