##############
# C1601 PWM for 11-mers
#
# Copyright (2018) David Gfeller
##############
1.00000	105	2
A	1.1582210	3.5810002	1.3349800	0.9381944	1.4387987	1.1326426	1.1168517	1.0985350	0.6567298	1.9754851	0.5410617
C	0.8880674	0.6851549	0.7327191	0.7737408	0.8076719	0.7982007	0.7799631	0.8132025	0.7881786	0.4868632	0.4428229
D	0.4374973	0.3974947	0.5211460	2.5803127	1.6231561	1.3098741	1.6431675	0.9938501	0.7576618	0.6878898	0.4441393
E	0.4316449	0.4076808	0.4294011	1.0836080	0.9539261	0.8636209	1.0454015	0.7789703	0.7152881	1.3967388	0.2737965
F	2.5628603	0.5955194	1.2032736	0.8667048	0.6201021	0.6632272	0.9072461	0.7376978	0.8040103	0.8027906	3.5622127
G	0.6776701	1.0036326	1.0673572	1.1418484	1.6695326	1.3424758	0.9488295	1.6567874	1.0962208	0.5770725	0.3719177
H	0.6202289	0.3235817	0.9781632	0.5767458	0.7420462	1.1092635	1.6785030	0.9732911	1.3092569	0.5696552	0.4175371
I	1.2840797	0.7205654	1.2587718	0.6249176	0.8657191	0.9990053	0.5863617	0.7615790	1.2973310	0.8893513	0.9011713
K	0.9135227	0.4731493	0.8688124	0.6897398	0.9081650	1.4405762	0.9368259	1.1406955	1.2154985	0.8690712	0.4768379
L	1.0142853	0.5030125	0.7963060	0.7115717	0.5614960	1.1010932	0.9506555	0.9197634	1.0478080	0.7537752	3.2443483
M	1.9555482	1.0700110	0.9957241	0.6923732	0.5059044	1.3261697	1.1026154	0.5858731	1.1957654	0.6061871	1.7422372
N	0.6343579	0.5579315	0.9728118	0.9484355	0.7973924	1.3454424	1.3742339	1.2395550	1.1022324	0.6112673	0.2903285
P	0.2023146	2.5651286	0.3354527	1.5548658	1.3599882	0.8415763	1.0433019	0.6465785	0.6305635	0.7656568	0.1597186
Q	0.4109455	0.5212567	1.0010480	1.0432755	0.8150067	0.7242135	0.8501812	1.0455126	1.5175571	0.9695148	0.4190764
R	1.1272457	0.3910467	0.5668186	0.8515403	0.7633925	0.7266918	1.0954367	0.7065094	1.6501224	0.9911856	0.4464527
S	0.9014855	1.3812611	1.9964937	1.2092111	1.4473077	1.1229921	1.1280411	1.0869246	0.8877231	1.2124786	0.3260804
T	0.8246207	1.2764486	1.0076503	1.0194227	0.9572221	0.7677724	0.7617512	1.2865151	1.1773048	1.5793190	0.3992639
V	1.1943159	0.7815149	1.0453279	0.7696264	0.7523268	0.6840953	0.7252739	0.9525955	0.8475964	1.3133036	0.8929956
W	0.6785816	0.3318801	1.1543327	0.3714631	0.9799649	0.3786149	0.4006761	0.4616096	0.4013017	0.4135168	0.8004797
Y	3.2470034	0.4055417	2.2746767	0.7711886	0.7636738	0.6203258	0.8433888	1.6752746	0.6641719	0.9811748	3.9287459
