##############
# C1701 PWM for 11-mers
# Model trained on 10-mer peptides adding one non-specific position after P7.
# Copyright (2021) David Gfeller
##############
1.00000	51
A	1.0428469	3.0964759	1.6886739	0.7973871	1.0663226	1.4684706	1.0454062	1.0000000	0.9263104	0.5739314	0.5981220
C	0.7802256	0.7285018	0.7475729	0.6637695	0.7505293	0.7651977	0.7792456	1.0000000	0.7610906	0.4217144	0.5227041
D	0.5492801	0.4486845	0.9165507	1.6829054	0.5302069	1.0817287	0.8167712	1.0000000	0.6801727	0.6988224	0.2665614
E	0.4000743	0.5169248	0.4438796	1.3786514	0.7961041	0.9646034	0.5945511	1.0000000	0.9885917	1.2722932	0.3062810
F	5.0124897	0.5820268	1.8109543	0.9555324	0.6996783	0.7174227	1.3531989	1.0000000	1.5590109	1.1720023	1.4094826
G	0.7197267	1.1051264	0.4608743	1.5655349	1.4077559	1.1409057	1.2353391	1.0000000	0.8945457	0.8432548	0.4366313
H	0.9948444	0.4834841	0.9004984	1.2587029	1.5218486	0.8614366	0.8426204	1.0000000	0.8522610	1.5756753	0.3419706
I	0.9360172	1.2197555	1.5873182	0.5884149	1.0973369	0.7815792	1.3018102	1.0000000	0.9507276	1.1345565	1.5068906
K	0.6525721	0.5817143	0.4571272	0.7256841	0.6609347	1.0110126	0.7745479	1.0000000	0.5696367	0.7304413	0.5238636
L	0.8117565	0.9572875	1.2451933	0.4482290	0.8824089	0.8517914	1.1665411	1.0000000	1.4734544	1.6333696	4.5213669
M	0.7452118	0.7448077	0.8406859	1.0183871	0.6813414	0.6542080	0.7737851	1.0000000	0.8227244	1.3926273	1.5032472
N	0.6591835	0.5310298	0.4991307	0.8592734	0.8177237	0.8357611	0.7573419	1.0000000	0.7478644	0.7474232	0.3198842
P	0.2663814	0.3807749	0.5327306	2.5383633	1.6393050	1.2224768	0.9784170	1.0000000	0.9618022	0.2877945	0.2353361
Q	0.4149358	1.0352668	0.4446271	1.1360903	1.2678920	0.9628506	0.5068876	1.0000000	0.8891757	1.1323081	0.3826714
R	0.4167417	0.6241966	0.3991897	0.5033115	1.1305118	1.0180546	0.7789413	1.0000000	0.7782868	0.9912722	0.7069631
S	0.8957689	1.2996711	0.9148340	0.7077206	1.1540142	1.2750120	1.0042891	1.0000000	1.0844097	0.7188851	0.4530803
T	0.5616988	0.9975387	1.1661083	0.6895845	1.3127577	0.9431201	1.1746300	1.0000000	1.1623597	0.8452297	0.5258101
V	1.1916014	1.1773104	1.3283421	0.5885892	0.8971256	1.0409006	1.3017410	1.0000000	1.1284413	1.2626844	1.0819515
W	0.8866823	0.4178301	0.6421943	2.2863215	0.3649764	0.3821835	0.4816615	1.0000000	1.4008924	2.3490411	0.4679903
Y	4.0710211	1.0758338	2.9997335	1.1805834	0.5615206	0.8068170	1.4956388	1.0000000	1.2645849	1.2901005	0.6544473
