##############
# G0101 PWM for 11-mers
#
# Copyright (2018) David Gfeller
##############
1.00000	81	2
A	0.7744355	0.7000003	0.9029611	1.1880014	1.0753738	1.2454532	0.9963315	1.3870281	0.5593659	1.2525268	0.4453384
C	0.7957227	0.5995935	0.7102876	0.8270465	0.7894398	0.8177742	0.8033698	0.8366638	0.8739686	0.4966391	0.5652810
D	0.5883678	0.3489446	0.3869620	0.7697835	1.0510952	1.3495318	1.4430066	0.7272478	0.5268895	0.7114284	0.2102510
E	0.6090629	0.3412276	0.3707440	0.8699947	1.1620733	1.5609702	1.4578285	0.7487684	0.7545032	1.0225581	0.2337752
F	0.5584702	2.4187810	0.8465425	1.1537915	0.3855504	0.5469354	1.3465096	0.7856689	0.9469736	1.3083994	1.3456516
G	0.4441494	1.2361322	0.7853451	1.1252590	2.0786617	0.8799224	0.9663374	1.2273244	0.3496314	0.5597264	0.2468056
H	0.7034810	0.5781216	0.3065959	0.4251776	0.8606093	1.0902577	1.1001767	1.3056344	1.0327271	1.0635991	0.2504331
I	0.6579071	1.5644112	1.2405794	0.5156281	0.8591348	0.7035996	0.5959747	0.8336143	1.7660555	0.8832804	1.3388576
K	3.5200514	0.5323972	0.4440379	0.8891283	1.3293555	1.2595435	0.8476468	0.8441962	0.5628009	0.7483583	0.3037429
L	0.7734379	1.5141426	0.9560596	0.8622417	0.7393771	0.8920712	0.7818199	0.6169847	1.6714149	1.9345828	5.6220063
M	1.0215899	1.2429929	0.6149121	0.5850128	0.7646749	1.0170960	0.8061028	0.7960445	0.9133914	1.2827418	1.5283251
N	0.7380056	0.6836976	0.5300568	0.9913706	1.0087262	1.0355022	0.8752123	0.9566595	0.9722652	0.9043645	0.2386700
P	0.3885829	1.3425184	5.6552027	2.0224229	1.5162528	1.0246859	1.2596817	1.5089513	0.5878091	0.2330556	0.1652018
Q	0.7564714	0.5049197	0.3620821	0.9199805	0.9559596	0.7501795	1.0790614	0.7690959	0.8240808	1.1696645	0.2914218
R	3.8948909	0.8742504	0.3579992	1.2415299	0.9305117	0.9432706	0.6421531	1.0991671	0.7933662	1.1162351	0.3378550
S	0.8270678	0.7149035	0.8437782	1.7139619	0.9630245	1.5452365	1.3419867	1.1186843	0.6342596	0.8084118	0.2924185
T	0.7277455	0.8033462	0.6341309	1.1957331	1.0285497	0.8952216	0.8668616	1.0602952	0.9454977	0.9379092	0.4458606
V	0.5874646	1.1830158	0.9871080	0.5295165	0.4885104	0.6978320	0.9421239	1.0645490	2.1990071	1.1081755	0.9213340
W	0.4387450	1.3111069	0.3166855	0.4201813	0.3824042	0.3831716	0.4611990	1.2230532	0.4990615	1.2391460	0.5195250
Y	0.8824497	1.1406267	0.4459501	0.7170891	0.6226106	0.4699641	0.9876412	1.3493547	1.3809561	0.6208420	0.6000744
